2284	1
2052	2
2913	3
4213	4
5606	5
9549	6
4314	7
2961	8
1950	9
3123	10
1198	11
4362	12
2457	13
8179	14
4574	15
9689	16
6569	17
7441	18
7120	19
2077	20
1792	21
4612	22
3862	23
3002	24
7646	25
1196	26
721	27
5688	28
4419	29
3266	30
6144	31
2185	32
4813	33
269	34
3445	35
1773	36
7674	37
2558	38
211	39
9	40
5335	41
5451	42
6478	43
872	44
6772	45
5622	46
2461	47
5054	48
3792	49
3574	50
1828	51
179	52
7025	53
5895	54
2090	55
4326	56
26	57
5618	58
2565	59
5026	60
6964	61
4333	62
5839	63
196	64
1733	65
4161	66
2768	67
9129	68
9143	69
5646	70
4309	71
2524	72
6658	73
7305	74
5818	75
4322	76
8953	77
7651	78
6454	79
2755	80
221	81
2225	82
3423	83
4644	84
6191	85
7703	86
6255	87
7432	88
6318	89
1354	90
2511	91
200	92
2841	93
103	94
2603	95
6126	96
670	97
5234	98
2065	99
2254	100
2493	101
5851	102
661	103
6947	104
6787	105
7242	106
7531	107
9655	108
7273	109
7887	110
7704	111
4047	112
6869	113
3573	114
6186	115
6187	116
8247	117
6802	118
3099	119
9096	120
1661	121
2933	122
5426	123
9469	124
2671	125
5700	126
8956	127
2501	128
4762	129
5420	130
250	131
2789	132
7652	133
2976	134
7100	135
8574	136
4681	137
3564	138
9576	139
3295	140
6987	141
6172	142
107	143
4804	144
8361	145
7267	146
9593	147
823	148
8967	149
3502	150
4094	151
115	152
372	153
8728	154
8994	155
292	156
2263	157
7735	158
4950	159
6995	160
843	161
1990	162
8146	163
781	164
925	165
824	166
7043	167
7197	168
1148	169
4060	170
2941	171
1484	172
1904	173
3863	174
4739	175
883	176
7951	177
2935	178
185	179
2849	180
145	181
4245	182
2574	183
4319	184
3897	185
4538	186
3116	187
6782	188
9116	189
1187	190
1668	191
920	192
4923	193
2319	194
7522	195
9048	196
6259	197
21	198
7910	199
1545	200
3624	201
1323	202
3307	203
3724	204
1043	205
5871	206
4294	207
632	208
4148	209
2200	210
6097	211
6501	212
7777	213
4200	214
7961	215
3214	216
7855	217
485	218
1726	219
265	220
8723	221
2875	222
2152	223
180	224
7770	225
2942	226
6290	227
6131	228
7345	229
3664	230
6889	231
8493	232
6110	233
5941	234
7904	235
4184	236
7999	237
1101	238
3545	239
5655	240
3808	241
571	242
8117	243
2460	244
1813	245
4394	246
8702	247
4140	248
4489	249
6062	250
5924	251
5291	252
6999	253
7824	254
6170	255
8153	256
2123	257
919	258
585	259
8712	260
6647	261
1767	262
1788	263
8334	264
3105	265
650	266
6415	267
3988	268
8891	269
9417	270
1249	271
7790	272
2911	273
8401	274
7595	275
2702	276
7987	277
5824	278
2087	279
828	280
5047	281
1034	282
2378	283
9378	284
6573	285
1966	286
7587	287
794	288
9464	289
1482	290
88	291
7697	292
5827	293
3712	294
2260	295
3601	296
2820	297
3607	298
4884	299
5816	300
8923	301
7533	302
7387	303
8551	304
6582	305
1895	306
2167	307
320	308
6124	309
9072	310
7684	311
3206	312
1192	313
8302	314
7087	315
722	316
9059	317
5628	318
5837	319
1888	320
5086	321
2796	322
2509	323
4686	324
5164	325
3709	326
2068	327
1987	328
235	329
322	330
4552	331
151	332
7235	333
8249	334
1312	335
832	336
4928	337
6133	338
8568	339
8134	340
2280	341
7446	342
2345	343
8588	344
2439	345
9344	346
9328	347
5130	348
2332	349
4864	350
1097	351
7729	352
2193	353
4019	354
5516	355
8695	356
7139	357
3531	358
7990	359
8241	360
4566	361
5959	362
7000	363
2786	364
8252	365
379	366
1387	367
153	368
6904	369
1388	370
839	371
2803	372
7368	373
5409	374
8422	375
1389	376
1390	377
9406	378
1228	379
3299	380
1243	381
1275	382
4296	383
3923	384
1391	385
7995	386
6035	387
1872	388
2919	389
6606	390
19	391
1392	392
1393	393
4108	394
9230	395
3408	396
6845	397
7592	398
3404	399
4628	400
7775	401
1725	402
3090	403
233	404
4850	405
7300	406
9340	407
2575	408
3913	409
3381	410
2716	411
7832	412
7953	413
1365	414
2608	415
9580	416
271	417
3655	418
980	419
2466	420
8266	421
47	422
6327	423
6716	424
6502	425
4553	426
1107	427
1455	428
2011	429
9334	430
8484	431
3283	432
5562	433
6108	434
4345	435
9553	436
5788	437
1565	438
4119	439
6100	440
3979	441
8068	442
8585	443
6213	444
7431	445
3484	446
7946	447
4942	448
5427	449
2287	450
7841	451
6058	452
3743	453
952	454
7932	455
4515	456
3925	457
2078	458
4625	459
5082	460
4506	461
4943	462
4505	463
8027	464
2025	465
7001	466
3807	467
5683	468
5841	469
5156	470
3938	471
8434	472
245	473
1640	474
6562	475
1503	476
6145	477
9451	478
7673	479
3511	480
5625	481
7709	482
1110	483
1080	484
1088	485
1070	486
1079	487
1219	488
1081	489
1066	490
1065	491
1156	492
1060	493
3028	494
606	495
2204	496
5225	497
1108	498
3735	499
2084	500
7102	501
9421	502
5896	503
9661	504
8871	505
692	506
8390	507
2844	508
3130	509
1657	510
6389	511
2572	512
2479	513
4332	514
945	515
4675	516
4726	517
8012	518
7537	519
1752	520
3920	521
7826	522
4911	523
9424	524
6963	525
834	526
6536	527
8455	528
3766	529
7534	530
5942	531
2915	532
3156	533
185	534
8722	535
3893	536
933	537
3379	538
896	539
1313	540
2986	541
3121	542
943	543
4767	544
5213	545
8988	546
8424	547
9078	548
9521	549
4907	550
1675	551
4221	552
1665	553
6566	554
25	555
8747	556
1554	557
8141	558
6907	559
5868	560
177	561
2682	562
7527	563
62	564
9032	565
3461	566
6453	567
67	568
4427	569
2230	570
1	571
3347	572
8507	573
6909	574
258	575
6941	576
6675	577
9570	578
4737	579
3231	580
6878	581
6119	582
2615	583
263	584
7366	585
4472	586
1561	587
5691	588
366	589
7131	590
5654	591
2381	592
1649	593
2432	594
8648	595
3246	596
4485	597
4389	598
4198	599
7341	600
5535	601
223	602
9324	603
1394	604
5257	605
6362	606
8519	607
1221	608
2079	609
443	610
5763	611
5804	612
8313	613
1120	614
9330	615
535	616
94	617
5997	618
1071	619
2349	620
9547	621
8049	622
7045	623
8571	624
1231	625
4021	626
2101	627
7659	628
9422	629
138	630
7663	631
1274	632
6260	633
9435	634
1077	635
3338	636
6553	637
8916	638
4513	639
4411	640
5731	641
1374	642
229	643
2609	644
6543	645
636	646
3892	647
9022	648
9327	649
20	650
9231	651
608	652
2535	653
4003	654
234	655
4551	656
1247	657
4102	658
3686	659
3133	660
3641	661
6421	662
3507	663
9257	664
9124	665
1852	666
9523	667
437	668
6805	669
9279	670
9379	671
8764	672
8412	673
1395	674
90	675
7049	676
1477	677
7157	678
8509	679
8657	680
5436	681
281	682
2730	683
6769	684
1633	685
840	686
9511	687
1218	688
287	689
6472	690
50	691
589	692
3185	693
1766	694
5954	695
6211	696
3992	697
302	698
402	699
1212	700
275	701
4668	702
6886	703
3109	704
4396	705
9169	706
2399	707
6890	708
605	709
6354	710
247	711
1921	712
8275	713
1234	714
8224	715
1396	716
1635	717
947	718
6917	719
9578	720
7745	721
3202	722
4925	723
5565	724
7935	725
4121	726
1281	727
6125	728
7503	729
4085	730
386	731
1672	732
5161	733
3936	734
3613	735
2459	736
1397	737
2745	738
5847	739
91	740
5210	741
1995	742
6649	743
6583	744
8050	745
6301	746
4975	747
7603	748
3063	749
5413	750
3985	751
611	752
1501	753
8250	754
6612	755
1057	756
9652	757
8028	758
6046	759
1743	760
4774	761
5634	762
1157	763
7056	764
55	765
7535	766
6026	767
8283	768
6367	769
7884	770
2529	771
3990	772
7521	773
5999	774
1004	775
6168	776
8575	777
2547	778
8590	779
5757	780
675	781
9480	782
8664	783
694	784
4765	785
2983	786
3425	787
5671	788
8116	789
1648	790
5262	791
1125	792
8203	793
94	794
5297	795
7278	796
602	797
266	798
4856	799
6988	800
6393	801
8125	802
5705	803
3590	804
8036	805
1825	806
2980	807
7084	808
8548	809
2067	810
4251	811
4020	812
5689	813
5732	814
878	815
87	816
7437	817
8370	818
5000	819
5480	820
2892	821
6780	822
5986	823
6858	824
1814	825
7069	826
2092	827
1321	828
7285	829
2706	830
3883	831
662	832
3490	833
4236	834
8478	835
5280	836
6022	837
6055	838
5140	839
5639	840
9645	841
2386	842
9575	843
3148	844
779	845
1606	846
9140	847
87	848
300	849
2824	850
8944	851
4828	852
9482	853
3869	854
26	855
5746	856
2346	857
954	858
3025	859
874	860
5888	861
6605	862
8667	863
7699	864
8970	865
5509	866
7184	867
7178	868
112	869
8512	870
9382	871
8284	872
8046	873
3158	874
5686	875
2377	876
232	877
1875	878
7749	879
2766	880
2966	881
1315	882
9596	883
5857	884
6411	885
51	886
1757	887
6644	888
2338	889
2676	890
3439	891
2310	892
1213	893
7071	894
5950	895
5603	896
8103	897
5305	898
7914	899
7867	900
2584	901
4903	902
7989	903
859	904
5557	905
717	906
1625	907
9184	908
6442	909
7073	910
4398	911
850	912
3029	913
4008	914
8152	915
2403	916
5089	917
3657	918
926	919
7570	920
986	921
9219	922
521	923
1569	924
6288	925
3176	926
3902	927
8877	928
964	929
8467	930
8821	931
1762	932
5169	933
1163	934
4874	935
7160	936
4560	937
1517	938
6857	939
8367	940
51	941
488	942
9343	943
683	944
2059	945
7101	946
8650	947
6500	948
8074	949
4268	950
6167	951
3304	952
3276	953
7113	954
82	955
3560	956
9227	957
106	958
6862	959
246	960
993	961
2473	962
6590	963
205	964
3396	965
6107	966
2605	967
4571	968
5145	969
1973	970
68	971
7848	972
9535	973
50	974
2382	975
4651	976
2717	977
7608	978
2490	979
2764	980
2105	981
2823	982
2553	983
6070	984
3539	985
215	986
7188	987
3115	988
241	989
370	990
4727	991
9127	992
5071	993
2005	994
8175	995
4510	996
6114	997
7504	998
375	999
645	1000
1308	1001
8686	1002
8692	1003
5525	1004
5813	1005
7054	1006
9653	1007
6600	1008
5432	1009
3661	1010
7460	1011
5765	1012
6762	1013
2252	1014
7619	1015
6121	1016
1499	1017
106	1018
5662	1019
5477	1020
7243	1021
276	1022
5629	1023
2577	1024
5666	1025
6838	1026
1197	1027
2576	1028
1398	1029
8957	1030
9287	1031
2868	1032
5231	1033
7864	1034
6414	1035
8720	1036
1764	1037
59	1038
7202	1039
9416	1040
5550	1041
5455	1042
1215	1043
9041	1044
9604	1045
2542	1046
3535	1047
8184	1048
7053	1049
5376	1050
7685	1051
4808	1052
113	1053
4547	1054
8554	1055
5995	1056
2168	1057
822	1058
472	1059
4194	1060
9691	1061
9107	1062
4946	1063
3715	1064
5958	1065
9205	1066
5399	1067
6586	1068
2891	1069
7214	1070
5247	1071
6997	1072
3342	1073
4073	1074
7544	1075
8996	1076
4297	1077
6763	1078
7220	1079
889	1080
3292	1081
8977	1082
4996	1083
8256	1084
1072	1085
4263	1086
2797	1087
7379	1088
3610	1089
7784	1090
8937	1091
8464	1092
9642	1093
294	1094
5254	1095
248	1096
7794	1097
1230	1098
1948	1099
6510	1100
8717	1101
2443	1102
6575	1103
9182	1104
6265	1105
1502	1106
1954	1107
7876	1108
1344	1109
2481	1110
4873	1111
3326	1112
265	1113
1505	1114
5035	1115
4451	1116
9654	1117
2664	1118
202	1119
8171	1120
5326	1121
4803	1122
8294	1123
2297	1124
2485	1125
507	1126
892	1127
5167	1128
5219	1129
9443	1130
3799	1131
1597	1132
4980	1133
108	1134
8020	1135
1164	1136
344	1137
7021	1138
4307	1139
9158	1140
7409	1141
5146	1142
1656	1143
3819	1144
1121	1145
1150	1146
4313	1147
2258	1148
3022	1149
2164	1150
9117	1151
5058	1152
6621	1153
5673	1154
7647	1155
6895	1156
4698	1157
8792	1158
2208	1159
6254	1160
2905	1161
6785	1162
7330	1163
2069	1164
4682	1165
7382	1166
3847	1167
4501	1168
5658	1169
2793	1170
1194	1171
5223	1172
4883	1173
54	1174
2953	1175
6930	1176
6946	1177
1691	1178
4459	1179
17	1180
5852	1181
5349	1182
626	1183
5063	1184
5948	1185
99	1186
4585	1187
3067	1188
4544	1189
4825	1190
2760	1191
966	1192
3188	1193
1926	1194
996	1195
5385	1196
5685	1197
8120	1198
2097	1199
4840	1200
2367	1201
7913	1202
2102	1203
6686	1204
6627	1205
1075	1206
4387	1207
6072	1208
2082	1209
7723	1210
8912	1211
8706	1212
3670	1213
3118	1214
8147	1215
6850	1216
8170	1217
5346	1218
7246	1219
6584	1220
1201	1221
9630	1222
3866	1223
3171	1224
4900	1225
9084	1226
5470	1227
9548	1228
1874	1229
133	1230
3584	1231
9675	1232
7326	1233
7279	1234
7965	1235
7317	1236
5174	1237
5039	1238
3628	1239
3007	1240
481	1241
7512	1242
7233	1243
4845	1244
9440	1245
1382	1246
8689	1247
8893	1248
5115	1249
5872	1250
2115	1251
8855	1252
3387	1253
4152	1254
284	1255
6037	1256
96	1257
4955	1258
8123	1259
753	1260
1182	1261
4663	1262
1796	1263
1827	1264
8513	1265
2276	1266
8903	1267
6757	1268
3966	1269
209	1270
7881	1271
4002	1272
754	1273
1989	1274
5024	1275
1152	1276
2130	1277
234	1278
7321	1279
5643	1280
7903	1281
578	1282
9668	1283
3516	1284
7586	1285
3005	1286
9040	1287
3955	1288
6071	1289
6431	1290
2581	1291
8338	1292
8811	1293
7822	1294
8905	1295
7743	1296
4409	1297
171	1298
8854	1299
3150	1300
8353	1301
5778	1302
1783	1303
8992	1304
5613	1305
2250	1306
3282	1307
790	1308
9103	1309
253	1310
1627	1311
2866	1312
198	1313
2221	1314
8143	1315
8889	1316
6628	1317
9147	1318
6935	1319
2630	1320
165	1321
8444	1322
6174	1323
1891	1324
4261	1325
8352	1326
5466	1327
6542	1328
4099	1329
763	1330
4744	1331
2340	1332
4591	1333
2475	1334
3716	1335
1867	1336
1361	1337
2790	1338
9447	1339
2867	1340
7234	1341
3784	1342
8827	1343
337	1344
7168	1345
9429	1346
3781	1347
7988	1348
1073	1349
8309	1350
6880	1351
6181	1352
3850	1353
5359	1354
8293	1355
7561	1356
3128	1357
7974	1358
8707	1359
13	1360
6954	1361
3814	1362
1621	1363
8869	1364
6846	1365
2929	1366
9015	1367
9573	1368
2813	1369
6708	1370
8051	1371
1578	1372
1937	1373
518	1374
6527	1375
8766	1376
776	1377
1158	1378
1674	1379
3873	1380
2007	1381
282	1382
5438	1383
8709	1384
8075	1385
5453	1386
4473	1387
2215	1388
9664	1389
4433	1390
6631	1391
204	1392
3375	1393
6759	1394
2886	1395
8456	1396
2923	1397
5751	1398
6986	1399
2830	1400
755	1401
5829	1402
8805	1403
4025	1404
5339	1405
6446	1406
4321	1407
760	1408
6056	1409
5091	1410
8866	1411
7137	1412
2288	1413
9176	1414
3558	1415
248	1416
5727	1417
277	1418
5693	1419
9067	1420
3843	1421
7181	1422
4286	1423
4100	1424
5682	1425
3642	1426
4168	1427
4482	1428
5421	1429
4163	1430
4809	1431
184	1432
3441	1433
7403	1434
4456	1435
1380	1436
9605	1437
7018	1438
7217	1439
4705	1440
5747	1441
6764	1442
4336	1443
4562	1444
5011	1445
2470	1446
4458	1447
1728	1448
2057	1449
330	1450
8208	1451
3365	1452
887	1453
715	1454
957	1455
8213	1456
6731	1457
8230	1458
4111	1459
1905	1460
2469	1461
1322	1462
5184	1463
4079	1464
2487	1465
4865	1466
1319	1467
7541	1468
8752	1469
646	1470
1336	1471
9681	1472
9053	1473
738	1474
5143	1475
3397	1476
2155	1477
5527	1478
1732	1479
1617	1480
1816	1481
5007	1482
814	1483
4796	1484
4559	1485
3215	1486
9250	1487
2556	1488
6847	1489
3960	1490
799	1491
9613	1492
1453	1493
1524	1494
3770	1495
6080	1496
7630	1497
149	1498
7702	1499
1497	1500
1495	1501
7223	1502
2515	1503
3845	1504
5442	1505
8539	1506
1959	1507
8816	1508
1506	1509
3689	1510
1774	1511
5953	1512
1620	1513
9063	1514
4413	1515
2748	1516
56	1517
2076	1518
2196	1519
8514	1520
8059	1521
1631	1522
5835	1523
9252	1524
5767	1525
231	1526
516	1527
7998	1528
183	1529
7489	1530
2526	1531
3337	1532
1677	1533
9102	1534
8276	1535
5902	1536
5894	1537
6800	1538
3708	1539
8801	1540
1639	1541
7754	1542
7543	1543
5850	1544
90	1545
774	1546
9516	1547
2870	1548
8524	1549
142	1550
4001	1551
4352	1552
3974	1553
8000	1554
2158	1555
1603	1556
3126	1557
2121	1558
950	1559
5384	1560
5094	1561
3527	1562
3339	1563
2471	1564
5368	1565
7547	1566
2516	1567
5901	1568
2456	1569
1137	1570
7014	1571
3855	1572
6733	1573
5235	1574
153	1575
5994	1576
2170	1577
9134	1578
7859	1579
6556	1580
1195	1581
8882	1582
817	1583
7142	1584
7921	1585
5547	1586
4034	1587
1751	1588
655	1589
7929	1590
9413	1591
6435	1592
620	1593
6619	1594
8560	1595
591	1596
56	1597
8760	1598
6014	1599
5191	1600
3780	1601
580	1602
5627	1603
707	1604
7228	1605
9192	1606
6017	1607
7227	1608
5987	1609
4360	1610
7265	1611
4892	1612
2458	1613
3681	1614
2279	1615
1098	1616
3635	1617
4480	1618
5139	1619
2072	1620
4861	1621
4414	1622
617	1623
2355	1624
5049	1625
7354	1626
4622	1627
7520	1628
3857	1629
3432	1630
4178	1631
8949	1632
6776	1633
2075	1634
1468	1635
1650	1636
8986	1637
2644	1638
5718	1639
1342	1640
5464	1641
4028	1642
8357	1643
9481	1644
1297	1645
43	1646
7854	1647
86	1648
6680	1649
274	1650
7356	1651
4418	1652
8754	1653
4388	1654
408	1655
3143	1656
9352	1657
5668	1658
194	1659
1923	1660
1211	1661
4738	1662
4033	1663
5808	1664
7111	1665
2379	1666
412	1667
575	1668
2598	1669
9534	1670
291	1671
1124	1672
7672	1673
159	1674
9418	1675
9357	1676
8440	1677
6976	1678
9201	1679
8614	1680
6068	1681
2044	1682
3569	1683
2936	1684
7171	1685
7818	1686
4271	1687
9488	1688
5753	1689
3726	1690
2510	1691
6868	1692
3791	1693
5897	1694
1992	1695
991	1696
7866	1697
2873	1698
2301	1699
4669	1700
2808	1701
844	1702
6258	1703
7029	1704
7584	1705
8987	1706
5195	1707
7585	1708
273	1709
6703	1710
953	1711
7812	1712
6048	1713
8909	1714
4159	1715
3421	1716
4412	1717
8547	1718
8314	1719
3167	1720
5919	1721
301	1722
4619	1723
3653	1724
8227	1725
1763	1726
2436	1727
8019	1728
7510	1729
4586	1730
554	1731
8535	1732
3663	1733
2586	1734
255	1735
9509	1736
8221	1737
4846	1738
4572	1739
8474	1740
3553	1741
2224	1742
4214	1743
4909	1744
8610	1745
3221	1746
189	1747
4913	1748
9024	1749
3871	1750
2995	1751
9455	1752
4095	1753
140	1754
5504	1755
1708	1756
286	1757
5976	1758
8118	1759
2762	1760
9291	1761
3095	1762
8193	1763
3450	1764
4508	1765
1897	1766
6824	1767
6639	1768
4901	1769
8430	1770
1525	1771
2267	1772
7448	1773
8211	1774
992	1775
1701	1776
1754	1777
967	1778
6811	1779
3865	1780
263	1781
6864	1782
8735	1783
6150	1784
3313	1785
6141	1786
2369	1787
491	1788
9520	1789
2885	1790
1532	1791
2265	1792
2335	1793
3476	1794
5632	1795
2922	1796
4353	1797
3789	1798
3021	1799
7496	1800
374	1801
8842	1802
333	1803
8196	1804
4264	1805
5750	1806
9671	1807
7970	1808
5589	1809
1568	1810
5811	1811
499	1812
298	1813
1256	1814
3466	1815
4293	1816
8637	1817
37	1818
3430	1819
2832	1820
1892	1821
1579	1822
5791	1823
8958	1824
2189	1825
2557	1826
62	1827
9684	1828
744	1829
8815	1830
5920	1831
2924	1832
6934	1833
2304	1834
1237	1835
3323	1836
6592	1837
9368	1838
6646	1839
4461	1840
5215	1841
2774	1842
9404	1843
3486	1844
3385	1845
5978	1846
2519	1847
1723	1848
2839	1849
7369	1850
4639	1851
2125	1852
6729	1853
109	1854
9210	1855
7852	1856
6380	1857
3446	1858
1646	1859
6094	1860
4039	1861
9167	1862
254	1863
2291	1864
1972	1865
780	1866
6925	1867
2628	1868
4793	1869
3294	1870
7805	1871
6702	1872
4798	1873
2612	1874
209	1875
4318	1876
8845	1877
3229	1878
2414	1879
2955	1880
1264	1881
4	1882
8794	1883
27	1884
8663	1885
4127	1886
9673	1887
1276	1888
2855	1889
2691	1890
4535	1891
7116	1892
3612	1893
9396	1894
7602	1895
1378	1896
8797	1897
8743	1898
8172	1899
812	1900
7269	1901
2541	1902
5806	1903
885	1904
21	1905
6319	1906
8824	1907
8759	1908
5479	1909
14	1910
7624	1911
6032	1912
3762	1913
1858	1914
4495	1915
8719	1916
9035	1917
3779	1918
2537	1919
9449	1920
7815	1921
3136	1922
5737	1923
2883	1924
514	1925
7174	1926
1498	1927
6001	1928
2175	1929
8705	1930
563	1931
712	1932
3237	1933
3236	1934
7310	1935
714	1936
1580	1937
2146	1938
1609	1939
711	1940
2759	1941
471	1942
4392	1943
3454	1944
951	1945
1717	1946
777	1947
1527	1948
716	1949
1203	1950
713	1951
1273	1952
1015	1953
6915	1954
1265	1955
1010	1956
1017	1957
1018	1958
1019	1959
1030	1960
7583	1961
1915	1962
1223	1963
1012	1964
1020	1965
1021	1966
1224	1967
4442	1968
4372	1969
1031	1970
1032	1971
5690	1972
1013	1973
1225	1974
1011	1975
2035	1976
7083	1977
6899	1978
710	1979
1023	1980
719	1981
684	1982
5419	1983
4532	1984
1266	1985
4498	1986
1022	1987
1226	1988
1014	1989
1272	1990
6616	1991
4881	1992
7936	1993
5845	1994
3961	1995
4702	1996
4430	1997
473	1998
3939	1999
3243	2000
9254	2001
912	2002
9018	2003
8501	2004
2218	2005
5110	2006
9631	2007
4831	2008
4964	2009
4839	2010
6668	2011
5187	2012
9560	2013
1870	2014
4	2015
7820	2016
8775	2017
5403	2018
4657	2019
7327	2020
5245	2021
3759	2022
7436	2023
8675	2024
5714	2025
8643	2026
7209	2027
4269	2028
5695	2029
35	2030
1967	2031
1220	2032
7022	2033
3765	2034
1916	2035
8363	2036
5782	2037
3530	2038
2775	2039
8286	2040
3092	2041
5800	2042
2767	2043
9583	2044
9446	2045
9131	2046
7955	2047
8645	2048
7814	2049
1652	2050
8584	2051
3965	2052
9362	2053
3478	2054
2197	2055
4374	2056
2977	2057
3377	2058
803	2059
476	2060
625	2061
6509	2062
407	2063
8081	2064
5090	2065
1604	2066
739	2067
368	2068
5483	2069
7509	2070
1714	2071
1840	2072
4757	2073
1067	2074
2290	2075
2223	2076
642	2077
3419	2078
7885	2079
3205	2080
6801	2081
8897	2082
5932	2083
4109	2084
138	2085
1208	2086
7112	2087
7949	2088
654	2089
8065	2090
6533	2091
6905	2092
5393	2093
2462	2094
2881	2095
5619	2096
5882	2097
8325	2098
579	2099
3964	2100
1341	2101
2912	2102
3889	2103
5240	2104
3957	2105
7579	2106
4833	2107
5173	2108
5037	2109
4652	2110
7617	2111
6305	2112
4132	2113
2156	2114
5378	2115
9183	2116
137	2117
2507	2118
8880	2119
9248	2120
4781	2121
3129	2122
158	2123
1971	2124
3317	2125
7092	2126
5323	2127
2053	2128
7963	2129
6996	2130
1162	2131
410	2132
2729	2133
2	2134
196	2135
1964	2136
164	2137
7109	2138
7249	2139
3403	2140
1512	2141
3691	2142
6992	2143
2655	2144
2114	2145
2860	2146
5909	2147
806	2148
1890	2149
9370	2150
295	2151
2999	2152
4662	2153
1587	2154
5828	2155
2364	2156
5776	2157
9450	2158
3364	2159
7166	2160
8510	2161
394	2162
7891	2163
1736	2164
186	2165
8864	2166
9493	2167
6966	2168
652	2169
9508	2170
5081	2171
3175	2172
4503	2173
7002	2174
9325	2175
9249	2176
6819	2177
1800	2178
9171	2179
92	2180
577	2181
3288	2182
1697	2183
3293	2184
8737	2185
1339	2186
534	2187
856	2188
7152	2189
3209	2190
767	2191
810	2192
5423	2193
2692	2194
4849	2195
6908	2196
5878	2197
8926	2198
8319	2199
7490	2200
7457	2201
165	2202
3366	2203
5650	2204
974	2205
3456	2206
4280	2207
7065	2208
3720	2209
1205	2210
2939	2211
250	2212
7451	2213
5631	2214
8469	2215
6901	2216
3286	2217
5379	2218
1090	2219
8386	2220
1180	2221
7695	2222
6033	2223
9057	2224
4415	2225
2298	2226
1092	2227
3055	2228
5104	2229
2663	2230
4656	2231
6383	2232
5317	2233
96	2234
4832	2235
5741	2236
6488	2237
4298	2238
75	2239
1765	2240
8907	2241
6737	2242
7564	2243
2653	2244
2081	2245
342	2246
9470	2247
3787	2248
9066	2249
217	2250
299	2251
3400	2252
3448	2253
2906	2254
1470	2255
364	2256
7020	2257
9073	2258
627	2259
4674	2260
1782	2261
6672	2262
4797	2263
7975	2264
4494	2265
9390	2266
6866	2267
7036	2268
7609	2269
1474	2270
2222	2271
7465	2272
9651	2273
7226	2274
3761	2275
5769	2276
1253	2277
932	2278
5066	2279
3739	2280
224	2281
381	2282
702	2283
174	2284
257	2285
5946	2286
4694	2287
3168	2288
5672	2289
2063	2290
8305	2291
6545	2292
8936	2293
1133	2294
7635	2295
3868	2296
8260	2297
7788	2298
340	2299
9490	2300
4206	2301
9537	2302
8417	2303
7198	2304
4444	2305
9094	2306
4769	2307
2590	2308
4677	2309
1346	2310
4267	2311
4618	2312
8528	2313
5429	2314
8868	2315
9272	2316
7344	2317
2640	2318
9161	2319
9000	2320
2421	2321
1045	2322
9621	2323
6179	2324
1566	2325
5068	2326
7248	2327
5975	2328
616	2329
5507	2330
2066	2331
1594	2332
904	2333
1513	2334
5697	2335
5425	2336
802	2337
4101	2338
3325	2339
3515	2340
7426	2341
1624	2342
4966	2343
640	2344
2920	2345
2513	2346
2625	2347
2136	2348
3773	2349
9086	2350
5033	2351
3373	2352
4920	2353
5982	2354
8652	2355
119	2356
7821	2357
2387	2358
1143	2359
5561	2360
271	2361
6830	2362
5128	2363
1299	2364
5439	2365
7185	2366
5044	2367
8776	2368
4115	2369
4315	2370
5286	2371
5660	2372
3774	2373
7040	2374
7957	2375
173	2376
5893	2377
4377	2378
5076	2379
4426	2380
6820	2381
222	2382
8947	2383
5801	2384
2361	2385
2043	2386
8933	2387
1058	2388
1860	2389
144	2390
4390	2391
3274	2392
59	2393
2593	2394
8867	2395
2601	2396
6532	2397
9314	2398
475	2399
3482	2400
2606	2401
7019	2402
6136	2403
2857	2404
1334	2405
7373	2406
107	2407
4289	2408
614	2409
4710	2410
430	2411
5098	2412
5759	2413
9680	2414
226	2415
8140	2416
8222	2417
2322	2418
831	2419
5834	2420
5633	2421
762	2422
1863	2423
4601	2424
3407	2425
7670	2426
5711	2427
8296	2428
2503	2429
3458	2430
1740	2431
8558	2432
7750	2433
1868	2434
121	2435
5573	2436
9259	2437
5441	2438
3821	2439
2385	2440
3948	2441
6960	2442
197	2443
1660	2444
848	2445
8846	2446
2974	2447
1483	2448
2570	2449
4893	2450
4402	2451
1700	2452
7837	2453
468	2454
7823	2455
3216	2456
5790	2457
3517	2458
5123	2459
5601	2460
4882	2461
9083	2462
1007	2463
3020	2464
2124	2465
4518	2466
4370	2467
5615	2468
3996	2469
750	2470
8565	2471
4527	2472
230	2473
6674	2474
4747	2475
6835	2476
9241	2477
6115	2478
8598	2479
2465	2480
2467	2481
3179	2482
4952	2483
3052	2484
2897	2485
8850	2486
3228	2487
1548	2488
689	2489
2530	2490
1318	2491
1126	2492
2194	2493
8393	2494
4170	2495
7501	2496
8246	2497
4626	2498
5232	2499
1356	2500
1645	2501
4081	2502
9222	2503
7005	2504
7438	2505
9115	2506
1941	2507
1236	2508
6544	2509
2538	2510
8881	2511
9600	2512
7714	2513
568	2514
959	2515
45	2516
657	2517
7011	2518
4363	2519
7013	2520
7552	2521
3963	2522
7311	2523
5200	2524
136	2525
752	2526
2815	2527
7612	2528
7549	2529
8342	2530
7804	2531
4967	2532
262	2533
9445	2534
217	2535
4621	2536
3547	2537
1601	2538
3757	2539
8761	2540
726	2541
6711	2542
8611	2543
833	2544
2030	2545
4886	2546
1360	2547
4335	2548
5192	2549
2354	2550
6914	2551
1978	2552
2887	2553
2492	2554
3692	2555
2134	2556
8459	2557
8339	2558
653	2559
4979	2560
7096	2561
1898	2562
7204	2563
8818	2564
818	2565
5433	2566
9375	2567
6690	2568
4366	2569
3189	2570
8969	2571
4316	2572
15	2573
4732	2574
855	2575
8472	2576
7149	2577
728	2578
8479	2579
9524	2580
5077	2581
2177	2582
7918	2583
4180	2584
1529	2585
733	2586
4030	2587
2656	2588
3062	2589
4926	2590
2128	2591
2103	2592
7035	2593
695	2594
4441	2595
3146	2596
5353	2597
2649	2598
4568	2599
6843	2600
6521	2601
1183	2602
607	2603
420	2604
425	2605
427	2606
403	2607
426	2608
429	2609
424	2610
428	2611
740	2612
663	2613
671	2614
419	2615
510	2616
452	2617
3975	2618
395	2619
325	2620
466	2621
3898	2622
936	2623
871	2624
498	2625
422	2626
392	2627
431	2628
938	2629
390	2630
438	2631
451	2632
868	2633
326	2634
457	2635
328	2636
436	2637
1181	2638
870	2639
417	2640
3811	2641
869	2642
7016	2643
458	2644
384	2645
6593	2646
416	2647
445	2648
459	2649
6620	2650
1778	2651
418	2652
6861	2653
467	2654
400	2655
464	2656
7017	2657
460	2658
508	2659
444	2660
2811	2661
3973	2662
377	2663
3841	2664
399	2665
623	2666
463	2667
393	2668
449	2669
327	2670
335	2671
423	2672
396	2673
387	2674
3983	2675
465	2676
804	2677
1944	2678
1979	2679
391	2680
388	2681
446	2682
398	2683
415	2684
385	2685
3810	2686
432	2687
1592	2688
329	2689
8972	2690
9489	2691
8335	2692
981	2693
4098	2694
4382	2695
1189	2696
313	2697
312	2698
314	2699
317	2700
318	2701
319	2702
315	2703
316	2704
537	2705
2316	2706
4007	2707
2438	2708
4447	2709
4749	2710
2321	2711
2665	2712
397	2713
2384	2714
2420	2715
7455	2716
2657	2717
2449	2718
382	2719
515	2720
2342	2721
2119	2722
5713	2723
2331	2724
572	2725
439	2726
414	2727
435	2728
2413	2729
433	2730
566	2731
2292	2732
2658	2733
1301	2734
610	2735
8934	2736
2727	2737
1980	2738
150	2739
278	2740
5812	2741
8892	2742
5105	2743
9384	2744
3900	2745
6578	2746
7428	2747
8053	2748
5733	2749
517	2750
5653	2751
2139	2752
8460	2753
7348	2754
2430	2755
469	2756
7099	2757
6160	2758
9551	2759
3629	2760
1789	2761
2363	2762
3362	2763
942	2764
9027	2765
9559	2766
1610	2767
5725	2768
8100	2769
6991	2770
378	2771
9519	2772
2523	2773
8151	2774
5980	2775
5303	2776
2190	2777
1038	2778
8698	2779
4959	2780
2264	2781
6834	2782
8480	2783
4514	2784
7046	2785
7104	2786
3011	2787
5022	2788
8601	2789
1463	2790
3350	2791
4919	2792
2921	2793
7105	2794
167	2795
4210	2796
259	2797
2588	2798
6060	2799
8121	2800
540	2801
2726	2802
8863	2803
647	2804
1871	2805
4761	2806
5228	2807
5324	2808
7466	2809
3198	2810
858	2811
6325	2812
877	2813
2743	2814
1316	2815
7650	2816
6340	2817
8971	2818
496	2819
6564	2820
6707	2821
8676	2822
7700	2823
7192	2824
5495	2825
2750	2826
7266	2827
1384	2828
5126	2829
9144	2830
7675	2831
1685	2832
6723	2833
2937	2834
8304	2835
5224	2836
2257	2837
9033	2838
8218	2839
1068	2840
4922	2841
3084	2842
7141	2843
118	2844
8774	2845
9028	2846
792	2847
1239	2848
5447	2849
3341	2850
7449	2851
7942	2852
2693	2853
7540	2854
5233	2855
7093	2856
3611	2857
1465	2858
6684	2859
1352	2860
3108	2861
5481	2862
8070	2863
1173	2864
3509	2865
5043	2866
9471	2867
2476	2868
9627	2869
8041	2870
6927	2871
6122	2872
3559	2873
4004	2874
9132	2875
9543	2876
7846	2877
2874	2878
9106	2879
245	2880
7159	2881
6655	2882
1667	2883
2424	2884
9337	2885
7761	2886
5343	2887
238	2888
6087	2889
256	2890
5519	2891
813	2892
8948	2893
176	2894
4788	2895
147	2896
81	2897
8582	2898
7886	2899
207	2900
4128	2901
1614	2902
4367	2903
1943	2904
4275	2905
6832	2906
2765	2907
4613	2908
9392	2909
8783	2910
1899	2911
4097	2912
8839	2913
9178	2914
405	2915
2486	2916
8703	2917
323	2918
3782	2919
8924	2920
156	2921
3934	2922
7479	2923
5723	2924
7545	2925
7009	2926
8668	2927
3319	2928
5019	2929
4453	2930
567	2931
2962	2932
9320	2933
6815	2934
5372	2935
5490	2936
4632	2937
132	2938
7665	2939
7365	2940
1581	2941
594	2942
6537	2943
5181	2944
216	2945
2226	2946
3580	2947
3003	2948
7513	2949
5670	2950
1981	2951
9561	2952
4279	2953
6821	2954
5198	2955
4466	2956
5446	2957
4244	2958
5001	2959
8186	2960
3164	2961
2917	2962
2147	2963
8531	2964
821	2965
5059	2966
7358	2967
8559	2968
174	2969
110	2970
2781	2971
7708	2972
2046	2973
8150	2974
7622	2975
8729	2976
1847	2977
2343	2978
4823	2979
6626	2980
1748	2981
5729	2982
708	2983
8699	2984
4701	2985
7106	2986
8581	2987
836	2988
3010	2989
6887	2990
5157	2991
9588	2992
6727	2993
6078	2994
1928	2995
5964	2996
9174	2997
973	2998
4229	2999
4478	3000
5246	3001
2238	3002
929	3003
77	3004
122	3005
7467	3006
6212	3007
3438	3008
155	3009
8999	3010
6135	3011
501	3012
7420	3013
3488	3014
7480	3015
1535	3016
5540	3017
2441	3018
9255	3019
8844	3020
2996	3021
3110	3022
3137	3023
1165	3024
5150	3025
5056	3026
4086	3027
4941	3028
6511	3029
995	3030
9472	3031
3066	3032
44	3033
9208	3034
4997	3035
324	3036
5503	3037
1117	3038
9104	3039
3667	3040
8499	3041
8071	3042
4638	3043
2903	3044
4016	3045
978	3046
5923	3047
1658	3048
3434	3049
4123	3050
8233	3051
205	3052
2058	3053
5241	3054
486	3055
2088	3056
7057	3057
7257	3058
6725	3059
1729	3060
5342	3061
2596	3062
2299	3063
5832	3064
48	3065
135	3066
5544	3067
2442	3068
5229	3069
5377	3070
5487	3071
5803	3072
4957	3073
4838	3074
4059	3075
4699	3076
8740	3077
8052	3078
6063	3079
4399	3080
1123	3081
1096	3082
2773	3083
7155	3084
9412	3085
8799	3086
98	3087
6579	3088
482	3089
7082	3090
338	3091
7870	3092
251	3093
2810	3094
4014	3095
5390	3096
596	3097
8380	3098
873	3099
4006	3100
8577	3101
1210	3102
6499	3103
3061	3104
5042	3105
2597	3106
2784	3107
1575	3108
9026	3109
4933	3110
4177	3111
1136	3112
4951	3113
1541	3114
7811	3115
2055	3116
724	3117
8841	3118
2956	3119
2957	3120
2958	3121
6938	3122
1115	3123
8324	3124
3674	3125
4787	3126
533	3127
6103	3128
5340	3129
1779	3130
5789	3131
6624	3132
969	3133
3731	3134
5833	3135
891	3136
6965	3137
8791	3138
489	3139
6183	3140
3170	3141
6985	3142
339	3143
4029	3144
2144	3145
6253	3146
6246	3147
4454	3148
3475	3149
2713	3150
5186	3151
5752	3152
3943	3153
9478	3154
4974	3155
5701	3156
4343	3157
4537	3158
7191	3159
6492	3160
7263	3161
2133	3162
9050	3163
3631	3164
9648	3165
4305	3166
7878	3167
5124	3168
9319	3169
1523	3170
6157	3171
3098	3172
5347	3173
4583	3174
6152	3175
5505	3176
3640	3177
4265	3178
1659	3179
3952	3180
2528	3181
5459	3182
9336	3183
4716	3184
1261	3185
5961	3186
5003	3187
6461	3188
1084	3189
9536	3190
6313	3191
69	3192
8206	3193
2877	3194
3178	3195
2174	3196
1330	3197
4680	3198
9123	3199
1570	3200
3181	3201
4239	3202
1515	3203
3393	3204
1543	3205
3978	3206
2394	3207
9577	3208
6552	3209
9686	3210
3503	3211
6374	3212
9137	3213
1720	3214
9331	3215
9610	3216
6692	3217
6481	3218
15	3219
1835	3220
7323	3221
8156	3222
3442	3223
5465	3224
4131	3225
9299	3226
5220	3227
9636	3228
819	3229
8420	3230
3933	3231
7381	3232
8621	3233
1716	3234
6227	3235
4887	3236
7281	3237
4700	3238
9649	3239
7724	3240
1145	3241
1118	3242
7	3243
4328	3244
2564	3245
1049	3246
9533	3247
6099	3248
8180	3249
3256	3250
3888	3251
8400	3252
4676	3253
1833	3254
1753	3255
6011	3256
7767	3257
4910	3258
3894	3259
5584	3260
6643	3261
1159	3262
685	3263
139	3264
8634	3265
6540	3266
8660	3267
2791	3268
6337	3269
6013	3270
7779	3271
182	3272
727	3273
7404	3274
9233	3275
5549	3276
5318	3277
5564	3278
5936	3279
6219	3280
9275	3281
182	3282
5664	3283
7597	3284
2534	3285
2761	3286
4784	3287
3884	3288
3349	3289
95	3290
9372	3291
6650	3292
5040	3293
8281	3294
5095	3295
1279	3296
2540	3297
5863	3298
8466	3299
7239	3300
7276	3301
3632	3302
5	3303
9087	3304
8739	3305
735	3306
8094	3307
3941	3308
2651	3309
4655	3310
9247	3311
2051	3312
8787	3313
4871	3314
524	3315
5052	3316
7055	3317
3785	3318
6175	3319
8300	3320
9226	3321
5517	3322
880	3323
6790	3324
2064	3325
2273	3326
2669	3327
3928	3328
5085	3329
2245	3330
3263	3331
20	3332
9506	3333
838	3334
6634	3335
7508	3336
3184	3337
5830	3338
3196	3339
598	3340
7414	3341
8567	3342
3619	3343
6595	3344
1	3345
6164	3346
2444	3347
8829	3348
4938	3349
4878	3350
8979	3351
5899	3352
3422	3353
3690	3354
244	3355
5302	3356
3047	3357
4013	3358
1345	3359
3703	3360
3949	3361
8448	3362
4826	3363
6558	3364
3540	3365
3353	3366
4517	3367
8771	3368
4536	3369
9414	3370
2163	3371
766	3372
7232	3373
3245	3374
6075	3375
3472	3376
558	3377
6841	3378
6247	3379
6768	3380
3615	3381
5934	3382
8595	3383
7991	3384
2041	3385
615	3386
4165	3387
7229	3388
7515	3389
1790	3390
5985	3391
5300	3392
159	3393
7589	3394
164	3395
283	3396
8537	3397
8102	3398
2495	3399
5568	3400
4847	3401
1829	3402
7163	3403
8733	3404
80	3405
256	3406
4230	3407
5064	3408
3224	3409
3155	3410
6190	3411
1222	3412
4806	3413
6236	3414
6691	3415
4292	3416
2798	3417
1574	3418
5402	3419
6519	3420
699	3421
9039	3422
2085	3423
5560	3424
1311	3425
4647	3426
962	3427
60	3428
8714	3429
186	3430
3937	3431
7044	3432
8820	3433
7740	3434
8599	3435
895	3436
8990	3437
7741	3438
3106	3439
4046	3440
3411	3441
2149	3442
2532	3443
682	3444
9349	3445
2970	3446
238	3447
8	3448
6597	3449
8502	3450
4354	3451
8453	3452
8929	3453
9442	3454
9411	3455
6726	3456
8651	3457
6888	3458
4036	3459
3480	3460
8207	3461
3285	3462
6928	3463
768	3464
2566	3465
2107	3466
3806	3467
7495	3468
3161	3469
4917	3470
1095	3471
2132	3472
5962	3473
4080	3474
8162	3475
2959	3476
380	3477
2266	3478
990	3479
4564	3480
9256	3481
4615	3482
3077	3483
7644	3484
7863	3485
4044	3486
5933	3487
7771	3488
557	3489
7477	3490
43	3491
2842	3492
8317	3493
8016	3494
2559	3495
5333	3496
1864	3497
665	3498
2667	3499
6931	3500
2896	3501
7268	3502
5738	3503
586	3504
4872	3505
5018	3506
6534	3507
9007	3508
4393	3509
4844	3510
4325	3511
8778	3512
9475	3513
4483	3514
7696	3515
9278	3516
8368	3517
7322	3518
7835	3519
3345	3520
3389	3521
7676	3522
8154	3523
1884	3524
1469	3525
30	3526
6683	3527
5844	3528
6450	3529
2675	3530
5661	3531
1623	3532
1713	3533
4666	3534
2673	3535
5338	3536
3103	3537
2286	3538
7927	3539
7007	3540
3417	3541
4110	3542
13	3543
9474	3544
3618	3545
144	3546
1922	3547
3586	3548
6555	3549
3068	3550
756	3551
989	3552
8476	3553
2938	3554
5771	3555
2833	3556
3951	3557
6961	3558
7210	3559
5678	3560
3297	3561
5914	3562
4792	3563
1780	3564
2968	3565
9507	3566
9136	3567
5572	3568
8488	3569
8378	3570
6371	3571
3829	3572
9606	3573
2209	3574
10	3575
1142	3576
3570	3577
7907	3578
911	3579
8679	3580
6704	3581
7478	3582
1562	3583
3043	3584
7182	3585
3172	3586
6530	3587
4403	3588
505	3589
8734	3590
1531	3591
9614	3592
2157	3593
4870	3594
5358	3595
8902	3596
9195	3597
857	3598
5570	3599
4614	3600
223	3601
8039	3602
8851	3603
6268	3604
1662	3605
2334	3606
7067	3607
7347	3608
4176	3609
3867	3610
8216	3611
4578	3612
8263	3613
7797	3614
7293	3615
3861	3616
89	3617
6773	3618
9408	3619
1185	3620
2548	3621
2113	3622
7681	3623
4173	3624
1571	3625
2308	3626
6973	3627
8244	3628
1251	3629
252	3630
8194	3631
3435	3632
1678	3633
4223	3634
1172	3635
3085	3636
4687	3637
7086	3638
5951	3639
7219	3640
1794	3641
5012	3642
9228	3643
2520	3644
7938	3645
6040	3646
1357	3647
7421	3648
7130	3649
4355	3650
4653	3651
9295	3652
1139	3653
270	3654
1810	3655
6979	3656
6460	3657
7203	3658
7255	3659
235	3660
8265	3661
8282	3662
2480	3663
7298	3664
3340	3665
3226	3666
5006	3667
8242	3668
7800	3669
7733	3670
5212	3671
2337	3672
7484	3673
4965	3674
1710	3675
4799	3676
2689	3677
3571	3678
3069	3679
2967	3680
6516	3681
1367	3682
6894	3683
1600	3684
7391	3685
7456	3686
7573	3687
1472	3688
9383	3689
5365	3690
4011	3691
7357	3692
2395	3693
7657	3694
3038	3695
2610	3696
2737	3697
4995	3698
8226	3699
5444	3700
389	3701
971	3702
8356	3703
8096	3704
10	3705
307	3706
7189	3707
3023	3708
9431	3709
212	3710
3060	3711
1370	3712
5416	3713
9546	3714
4462	3715
6054	3716
3320	3717
8755	3718
7648	3719
3088	3720
9360	3721
3369	3722
3289	3723
3081	3724
7304	3725
1876	3726
4187	3727
5388	3728
157	3729
3443	3730
4448	3731
3390	3732
3204	3733
3009	3734
3217	3735
1177	3736
8670	3737
866	3738
9284	3739
6742	3740
7869	3741
7567	3742
7799	3743
3672	3744
6146	3745
5093	3746
4720	3747
4247	3748
8951	3749
5276	3750
9214	3751
4283	3752
743	3753
3324	3754
2690	3755
2735	3756
9049	3757
6786	3758
3700	3759
1135	3760
1094	3761
8396	3762
5163	3763
8669	3764
4227	3765
6663	3766
3406	3767
4243	3768
9300	3769
5350	3770
8744	3771
4914	3772
4573	3773
3919	3774
8177	3775
34	3776
9307	3777
506	3778
2680	3779
8	3780
3032	3781
3075	3782
8741	3783
83	3784
140	3785
8486	3786
52	3787
1147	3788
7491	3789
4593	3790
6559	3791
8724	3792
1174	3793
3074	3794
4604	3795
918	3796
6891	3797
4773	3798
5408	3799
6884	3800
9428	3801
2071	3802
65	3803
3334	3804
5610	3805
7412	3806
4404	3807
6809	3808
3506	3809
5440	3810
227	3811
8853	3812
2368	3813
129	3814
1262	3815
3981	3816
162	3817
8003	3818
1154	3819
4487	3820
3872	3821
4049	3822
4745	3823
8483	3824
3300	3825
6700	3826
3271	3827
5351	3828
9592	3829
556	3830
2214	3831
4711	3832
1881	3833
3056	3834
1588	3835
5072	3836
6750	3837
146	3838
7984	3839
588	3840
7764	3841
5414	3842
8529	3843
5027	3844
5374	3845
9690	3846
3058	3847
40	3848
2888	3849
373	3850
7813	3851
6604	3852
1338	3853
7195	3854
6204	3855
9672	3856
9501	3857
4877	3858
404	3859
4135	3860
8873	3861
160	3862
1558	3863
8452	3864
6883	3865
76	3866
6740	3867
5424	3868
4609	3869
3016	3870
4457	3871
5555	3872
7107	3873
5795	3874
3995	3875
559	3876
8056	3877
560	3878
6842	3879
14	3880
4753	3881
3581	3882
8485	3883
264	3884
267	3885
9302	3886
3656	3887
9297	3888
1332	3889
9557	3890
8521	3891
3901	3892
8826	3893
5328	3894
219	3895
347	3896
4105	3897
4136	3898
4734	3899
2336	3900
6922	3901
2634	3902
2546	3903
9303	3904
561	3905
4082	3906
4106	3907
57	3908
455	3909
456	3910
835	3911
734	3912
257	3913
1061	3914
3652	3915
8026	3916
6399	3917
7283	3918
6784	3919
1584	3920
5717	3921
8718	3922
6065	3923
7738	3924
2241	3925
7371	3926
6375	3927
2502	3928
6849	3929
5048	3930
3614	3931
169	3932
3495	3933
7705	3934
536	3935
8379	3936
122	3937
2498	3938
9518	3939
2611	3940
9245	3941
91	3942
6981	3943
4209	3944
1399	3945
9098	3946
2831	3947
6753	3948
38	3949
6602	3950
17	3951
2571	3952
226	3953
6507	3954
6565	3955
8205	3956
8113	3957
6036	3958
5135	3959
8640	3960
1756	3961
8349	3962
5903	3963
4043	3964
1400	3965
2563	3966
155	3967
5710	3968
2715	3969
3048	3970
4786	3971
8758	3972
2714	3973
8504	3974
1401	3975
9089	3976
9218	3977
3984	3978
1337	3979
5021	3980
3358	3981
6681	3982
6896	3983
4590	3984
5448	3985
669	3986
8389	3987
5831	3988
70	3989
5398	3990
3460	3991
4785	3992
6128	3993
4397	3994
2247	3995
4249	3996
3566	3997
8232	3998
1616	3999
825	4000
7262	4001
7701	4002
1402	4003
2731	4004
3935	4005
8010	4006
7072	4007
6368	4008
23	4009
2318	4010
985	4011
6722	4012
7440	4013
1128	4014
84	4015
6563	4016
6364	4017
4149	4018
7425	4019
1848	4020
6755	4021
789	4022
6956	4023
1836	4024
5364	4025
1576	4026
8268	4027
8641	4028
7367	4029
66	4030
7339	4031
5116	4032
5103	4033
8636	4034
7070	4035
3329	4036
1403	4037
1404	4038
480	4039
3554	4040
5158	4041
851	4042
4038	4043
4982	4044
1902	4045
8443	4046
9310	4047
6377	4048
8402	4049
5355	4050
5258	4051
6926	4052
8366	4053
6229	4054
123	4055
7110	4056
7969	4057
5277	4058
2660	4059
8288	4060
9589	4061
8721	4062
2681	4063
9056	4064
5707	4065
8859	4066
2325	4067
660	4068
5284	4069
5595	4070
2327	4071
765	4072
4834	4073
720	4074
4627	4075
487	4076
9688	4077
304	4078
9419	4079
8344	4080
6457	4081
9203	4082
2478	4083
4138	4084
3677	4085
5669	4086
4575	4087
1927	4088
923	4089
1405	4090
6466	4091
2307	4092
9460	4093
100	4094
100	4095
9603	4096
8896	4097
4143	4098
6752	4099
2876	4100
2890	4101
211	4102
4637	4103
8066	4104
2275	4105
5799	4106
8837	4107
2122	4108
8405	4109
8622	4110
3967	4111
527	4112
6796	4113
1111	4114
3565	4115
6158	4116
5780	4117
5313	4118
5488	4119
162	4120
4523	4121
5704	4122
1358	4123
282	4124
5684	4125
5079	4126
3684	4127
1537	4128
7296	4129
3504	4130
4509	4131
8500	4132
9436	4133
1277	4134
6585	4135
5263	4136
2060	4137
6807	4138
365	4139
1686	4140
4395	4141
1278	4142
3714	4143
1480	4144
7212	4145
3693	4146
7506	4147
4278	4148
2947	4149
8183	4150
2826	4151
9198	4152
8109	4153
7485	4154
3822	4155
5518	4156
8946	4157
4432	4158
5366	4159
4040	4160
8192	4161
7566	4162
3609	4163
29	4164
6939	4165
2825	4166
7654	4167
2859	4168
6458	4169
111	4170
1300	4171
8847	4172
8693	4173
3508	4174
2388	4175
4561	4176
1307	4177
7829	4178
148	4179
58	4180
9335	4181
3367	4182
3723	4183
1747	4184
5876	4185
3280	4186
2500	4187
6929	4188
8938	4189
4499	4190
1381	4191
1846	4192
156	4193
194	4194
1372	4195
2235	4196
680	4197
3426	4198
1267	4199
6837	4200
1538	4201
2521	4202
2805	4203
29	4204
5679	4205
12	4206
206	4207
6518	4208
7252	4209
8195	4210
6347	4211
4696	4212
8557	4213
8603	4214
8223	4215
8597	4216
105	4217
5108	4218
1285	4219
9296	4220
3998	4221
9180	4222
4300	4223
2914	4224
8127	4225
3355	4226
9682	4227
903	4228
1046	4229
576	4230
4496	4231
7931	4232
3378	4233
4820	4234
4381	4235
221	4236
7523	4237
4226	4238
5582	4239
3702	4240
8583	4241
3563	4242
4690	4243
6871	4244
2359	4245
3930	4246
7682	4247
5004	4248
5822	4249
8089	4250
7360	4251
8623	4252
3676	4253
3469	4254
358	4255
631	4256
2807	4257
8773	4258
4521	4259
345	4260
525	4261
894	4262
955	4263
1078	4264
9454	4265
970	4266
2909	4267
8062	4268
7689	4269
618	4270
6309	4271
3335	4272
4684	4273
2099	4274
4691	4275
7727	4276
4018	4277
2512	4278
7359	4279
3840	4280
9188	4281
3416	4282
1949	4283
8108	4284
495	4285
2828	4286
5383	4287
9121	4288
9579	4289
5275	4290
1141	4291
4288	4292
6648	4293
2754	4294
5802	4295
667	4296
1737	4297
7386	4298
2380	4299
4158	4300
1826	4301
8234	4302
2971	4303
3207	4304
4361	4305
8716	4306
6833	4307
4104	4308
7032	4309
7333	4310
3395	4311
5249	4312
2661	4313
9657	4314
6629	4315
6404	4316
5574	4317
7528	4318
2278	4319
7730	4320
7241	4321
6546	4322
4962	4323
1559	4324
8395	4325
3725	4326
3950	4327
4948	4328
9410	4329
8042	4330
881	4331
7213	4332
7853	4333
3524	4334
3284	4335
187	4336
2040	4337
6464	4338
1550	4339
3541	4340
634	4341
1287	4342
2311	4343
1724	4344
1335	4345
2918	4346
7626	4347
2578	4348
7208	4349
4963	4350
3844	4351
7238	4352
8517	4353
8025	4354
6984	4355
2127	4356
16	4357
3730	4358
2410	4359
4944	4360
7407	4361
8674	4362
7346	4363
8471	4364
9502	4365
7798	4366
9186	4367
1698	4368
8391	4369
5354	4370
383	4371
630	4372
2426	4373
7245	4374
3162	4375
1363	4376
8983	4377
4630	4378
944	4379
8579	4380
1053	4381
76	4382
782	4383
3186	4384
8044	4385
4760	4386
8201	4387
6008	4388
2383	4389
3645	4390
6596	4391
1671	4392
4592	4393
2347	4394
8033	4395
4407	4396
9253	4397
7971	4398
3091	4399
3713	4400
2508	4401
3678	4402
4735	4403
1914	4404
9308	4405
5873	4406
6975	4407
5097	4408
5132	4409
1920	4410
95	4411
7636	4412
9156	4413
5998	4414
5230	4415
5206	4416
3555	4417
4373	4418
7762	4419
8214	4420
2904	4421
4218	4422
2188	4423
4417	4424
8381	4425
7721	4426
411	4427
4464	4428
997	4429
5357	4430
5773	4431
5099	4432
7135	4433
7030	4434
4821	4435
4543	4436
53	4437
7364	4438
7834	4439
8377	4440
7034	4441
2699	4442
6165	4443
9541	4444
8836	4445
5880	4446
3823	4447
9170	4448
4341	4449
7085	4450
8169	4451
2109	4452
3755	4453
8753	4454
2427	4455
7314	4456
9118	4457
184	4458
523	4459
4540	4460
3382	4461
160	4462
3704	4463
5796	4464
4350	4465
1719	4466
6685	4467
3798	4468
3549	4469
6918	4470
3748	4471
6307	4472
6694	4473
3812	4474
6689	4475
5499	4476
1190	4477
7151	4478
9348	4479
2882	4480
2554	4481
2333	4482
2812	4483
4584	4484
8295	4485
9484	4486
7474	4487
1260	4488
3453	4489
2497	4490
613	4491
4435	4492
587	4493
7753	4494
1889	4495
9301	4496
199	4497
948	4498
7565	4499
236	4500
5381	4501
6225	4502
705	4503
6137	4504
5858	4505
4822	4506
5742	4507
3370	4508
8530	4509
9656	4510
9452	4511
4678	4512
6951	4513
311	4514
1934	4515
570	4516
2869	4517
1191	4518
1161	4519
1016	4520
7581	4521
6513	4522
168	4523
7538	4524
9420	4525
6400	4526
1919	4527
3493	4528
6623	4529
5036	4530
3848	4531
5838	4532
3428	4533
2056	4534
3424	4535
8158	4536
9434	4537
6718	4538
274	4539
276	4540
4455	4541
4623	4542
8828	4543
1770	4544
1259	4545
9125	4546
1694	4547
7860	4548
9099	4549
7194	4550
4475	4551
1654	4552
7889	4553
816	4554
296	4555
1653	4556
2184	4557
5434	4558
2271	4559
8454	4560
64	4561
6698	4562
7941	4563
5137	4564
1298	4565
960	4566
9562	4567
7747	4568
6361	4569
1768	4570
1167	4571
5179	4572
5494	4573
8984	4574
7968	4575
4010	4576
1994	4577
1528	4578
9285	4579
2816	4580
4935	4581
7445	4582
7415	4583
5694	4584
785	4585
8549	4586
4693	4587
4748	4588
2580	4589
9152	4590
8160	4591
169	4592
5216	4593
1679	4594
3470	4595
6751	4596
5587	4597
5051	4598
7838	4599
3163	4600
3239	4601
1229	4602
8904	4603
8943	4604
89	4605
3705	4606
3018	4607
6523	4608
7026	4609
2231	4610
266	4611
3775	4612
4718	4613
6940	4614
6719	4615
3764	4616
639	4617
900	4618
1900	4619
8515	4620
2484	4621
2582	4622
285	4623
1507	4624
3410	4625
9658	4626
9142	4627
7186	4628
3004	4629
9503	4630
1522	4631
5781	4632
1879	4633
7577	4634
5473	4635
5485	4636
6129	4637
3235	4638
4162	4639
6109	4640
310	4641
5676	4642
3835	4643
7500	4644
4805	4645
5602	4646
2950	4647
4215	4648
9571	4649
1271	4650
5016	4651
7836	4652
8078	4653
7121	4654
6138	4655
7271	4656
7172	4657
1797	4658
3912	4659
5890	4660
7170	4661
8628	4662
9058	4663
6272	4664
3915	4665
9635	4666
4260	4667
4533	4668
3499	4669
2098	4670
8445	4671
7351	4672
6712	4673
8620	4674
7291	4675
8481	4676
7590	4677
637	4678
6044	4679
7081	4680
8681	4681
3650	4682
1351	4683
1799	4684
2646	4685
9019	4686
3076	4687
2021	4688
5127	4689
4620	4690
9670	4691
1288	4692
2536	4693
1596	4694
3360	4695
1106	4696
9068	4697
2034	4698
5472	4699
1534	4700
9286	4701
8149	4702
5188	4703
4611	4704
4708	4705
7150	4706
3359	4707
4191	4708
3969	4709
2062	4710
9239	4711
5542	4712
7693	4713
2195	4714
2695	4715
2599	4716
6522	4717
7981	4718
7292	4719
6653	4720
4729	4721
875	4722
2722	4723
3587	4724
3753	4725
7037	4726
4344	4727
1452	4728
477	4729
4357	4730
4741	4731
2989	4732
609	4733
3031	4734
8189	4735
673	4736
2032	4737
6079	4738
4712	4739
6761	4740
8928	4741
7720	4742
2834	4743
3044	4744
3412	4745
7925	4746
4216	4747
2323	4748
2398	4749
1069	4750
6571	4751
2569	4752
9081	4753
1693	4754
7122	4755
8415	4756
1209	4757
3856	4758
5344	4759
1074	4760
983	4761
1521	4762
1039	4763
633	4764
7158	4765
99	4766
820	4767
797	4768
4715	4769
4491	4770
8684	4771
9545	4772
4217	4773
5860	4774
3142	4775
4339	4776
2268	4777
6944	4778
681	4779
6053	4780
4605	4781
3040	4782
3440	4783
1907	4784
279	4785
4009	4786
4240	4787
1824	4788
6945	4789
3500	4790
1731	4791
3019	4792
1140	4793
5112	4794
1593	4795
6491	4796
260	4797
5826	4798
2229	4799
3707	4800
8168	4801
6863	4802
2821	4803
7618	4804
7698	4805
2049	4806
1925	4807
6744	4808
7883	4809
2416	4810
4142	4811
75	4812
5855	4813
8086	4814
2600	4815
4947	4816
8922	4817
1155	4818
27	4819
2020	4820
8373	4821
7303	4822
8715	4823
6617	4824
6329	4825
92	4826
7568	4827
3513	4828
4915	4829
5345	4830
3208	4831
4375	4832
7331	4833
3852	4834
2721	4835
3876	4836
4157	4837
8633	4838
2795	4839
8073	4840
5760	4841
9485	4842
9274	4843
4476	4844
8137	4845
2984	4846
8280	4847
6828	4848
5298	4849
7187	4850
5840	4851
8176	4852
6547	4853
7145	4854
3634	4855
9363	4856
4351	4857
778	4858
1906	4859
1555	4860
4570	4861
57	4862
520	4863
2455	4864
1518	4865
2186	4866
3896	4867
3498	4868
7183	4869
6525	4870
7475	4871
4645	4872
9528	4873
3269	4874
8858	4875
1306	4876
961	4877
7827	4878
7290	4879
2317	4880
9312	4881
3671	4882
4889	4883
9647	4884
142	4885
4594	4886
4709	4887
8857	4888
5779	4889
2176	4890
7780	4891
1083	4892
2353	4893
9359	4894
8122	4895
6202	4896
9193	4897
3654	4898
5703	4899
79	4900
1692	4901
6574	4902
5874	4903
5886	4904
5748	4905
7196	4906
5493	4907
7060	4908
6156	4909
6210	4910
8104	4911
5508	4912
2621	4913
4526	4914
5604	4915
104	4916
2594	4917
73	4918
4750	4919
924	4920
8925	4921
7944	4922
9479	4923
6497	4924
2407	4925
4898	4926
3529	4927
5468	4928
5057	4929
7144	4930
202	4931
2404	4932
9194	4933
7576	4934
9008	4935
8694	4936
7962	4937
170	4938
4437	4939
7287	4940
2418	4941
4867	4942
4660	4943
1366	4944
6355	4945
7061	4946
7737	4947
8713	4948
5736	4949
6969	4950
9315	4951
7725	4952
5392	4953
8446	4954
63	4955
5862	4956
203	4957
4743	4958
8541	4959
1002	4960
5926	4961
4235	4962
7688	4963
5578	4964
6642	4965
2783	4966
3905	4967
6656	4968
8822	4969
5279	4970
8700	4971
1843	4972
1775	4973
2879	4974
5491	4975
4035	4976
4237	4977
1611	4978
7546	4979
5580	4980
111	4981
1292	4982
9206	4983
4479	4984
1160	4985
18	4986
7430	4987
6370	4988
6140	4989
4470	4990
3997	4991
6783	4992
8725	4993
9350	4994
793	4995
2902	4996
3820	4997
7992	4998
1003	4999
2118	5000
5644	5001
6280	5002
4758	5003
8998	5004
7717	5005
6538	5006
5579	5007
1005	5008
700	5009
4469	5010
798	5011
5983	5012
8209	5013
3809	5014
1744	5015
3908	5016
1456	5017
3113	5018
2282	5019
2248	5020
8014	5021
5460	5022
2954	5023
4225	5024
5758	5025
4789	5026
7575	5027
7778	5028
1040	5029
7933	5030
9009	5031
3579	5032
5715	5033
9013	5034
8576	5035
9065	5036
6173	5037
4725	5038
7772	5039
4126	5040
9497	5041
5548	5042
9322	5043
7066	5044
4768	5045
3543	5046
4896	5047
7253	5048
6607	5049
5418	5050
7599	5051
3717	5052
5315	5053
8745	5054
1329	5055
1590	5056
5581	5057
8289	5058
3327	5059
8879	5060
8277	5061
128	5062
9667	5063
134	5064
8878	5065
6003	5066
1976	5067
5053	5068
1822	5069
3522	5070
1997	5071
8604	5072
6789	5073
8394	5074
255	5075
7342	5076
2969	5077
8789	5078
8491	5079
4814	5080
6637	5081
5260	5082
4981	5083
4320	5084
852	5085
2491	5086
3140	5087
1494	5088
4658	5089
5474	5090
5647	5091
8326	5092
5768	5093
8225	5094
867	5095
4783	5096
6002	5097
9487	5098
1830	5099
5991	5100
3523	5101
3012	5102
8964	5103
773	5104
4643	5105
8552	5106
698	5107
6484	5108
5916	5109
801	5110
8163	5111
2232	5112
6205	5113
7499	5114
6073	5115
5144	5116
972	5117
6710	5118
3813	5119
2120	5120
4425	5121
2998	5122
984	5123
979	5124
8465	5125
8959	5126
8995	5127
39	5128
4242	5129
879	5130
9005	5131
7776	5132
1933	5133
8656	5134
6324	5135
6231	5136
3837	5137
41	5138
8270	5139
4519	5140
2111	5141
5	5142
1241	5143
8291	5144
3796	5145
8798	5146
305	5147
9683	5148
4858	5149
849	5150
6042	5151
2014	5152
7742	5153
6066	5154
3665	5155
5877	5156
5514	5157
6237	5158
8297	5159
6218	5160
224	5161
5640	5162
6147	5163
8701	5164
8259	5165
6223	5166
8035	5167
6885	5168
5075	5169
2191	5170
4719	5171
1	5172
3597	5173
258	5174
4103	5175
6456	5176
8441	5177
4257	5178
8364	5179
4303	5180
5645	5181
8318	5182
210	5183
6990	5184
9011	5185
6983	5186
8490	5187
4879	5188
3818	5189
1206	5190
4146	5191
4545	5192
9042	5193
3521	5194
1286	5195
2031	5196
1776	5197
6349	5198
3222	5199
2776	5200
3795	5201
5990	5202
7582	5203
676	5204
8018	5205
5370	5206
8311	5207
1368	5208
4990	5209
5521	5210
1362	5211
1917	5212
7224	5213
6715	5214
2951	5215
7926	5216
3	5217
2878	5218
225	5219
2994	5220
6267	5221
1204	5222
3301	5223
1250	5224
884	5225
3182	5226
6897	5227
225	5228
2089	5229
7389	5230
8748	5231
1552	5232
6303	5233
4654	5234
2365	5235
9177	5236
3776	5237
8682	5238
32	5239
3532	5240
6050	5241
5984	5242
4776	5243
5621	5244
7601	5245
8348	5246
6677	5247
303	5248
2482	5249
2026	5250
360	5251
2746	5252
1844	5253
6836	5254
3572	5255
2900	5256
2376	5257
79	5258
8968	5259
8299	5260
7598	5261
7922	5262
1942	5263
3046	5264
7200	5265
4634	5266
550	5267
5391	5268
3605	5269
3639	5270
9288	5271
1903	5272
6443	5273
9407	5274
2884	5275
1893	5276
987	5277
6373	5278
136	5279
4688	5280
6572	5281
193	5282
9306	5283
6420	5284
2982	5285
260	5286
161	5287
474	5288
3595	5289
2973	5290
2799	5291
3287	5292
4939	5293
3623	5294
9666	5295
8097	5296
6339	5297
2	5298
800	5299
4120	5300
4408	5301
6406	5302
4056	5303
1547	5304
2898	5305
8802	5306
210	5307
9618	5308
5974	5309
3525	5310
6312	5311
6232	5312
8870	5313
5312	5314
6249	5315
6196	5316
2975	5317
6000	5318
1270	5319
4330	5320
3767	5321
6316	5322
6123	5323
3589	5324
7874	5325
8272	5326
5159	5327
6195	5328
8769	5329
244	5330
5567	5331
1599	5332
1862	5333
8165	5334
6089	5335
218	5336
8458	5337
562	5338
8482	5339
3742	5340
9632	5341
8181	5342
3233	5343
3825	5344
6473	5345
1786	5346
2165	5347
2499	5348
3604	5349
7839	5350
8782	5351
8178	5352
5575	5353
770	5354
1619	5355
2028	5356
4183	5357
7207	5358
7295	5359
5452	5360
8273	5361
7686	5362
2785	5363
361	5364
5821	5365
5177	5366
6673	5367
8437	5368
2856	5369
6428	5370
1500	5371
3932	5372
172	5373
8055	5374
7638	5375
6610	5376
6777	5377
4998	5378
4916	5379
6779	5380
6512	5381
6057	5382
4520	5383
8419	5384
5236	5385
280	5386
3392	5387
74	5388
6352	5389
691	5390
7417	5391
6171	5392
2315	5393
8523	5394
1821	5395
2303	5396
5861	5397
795	5398
2614	5399
8914	5400
2017	5401
46	5402
8629	5403
7759	5404
4689	5405
9235	5406
8387	5407
2964	5408
8264	5409
864	5410
2452	5411
3727	5412
8665	5413
7769	5414
2251	5415
272	5416
4077	5417
183	5418
220	5419
5992	5420
6398	5421
2372	5422
6034	5423
5556	5424
2255	5425
1582	5426
2997	5427
309	5428
7418	5429
5331	5430
2242	5431
2944	5432
1682	5433
6086	5434
7075	5435
7649	5436
2348	5437
6958	5438
8831	5439
4306	5440
3141	5441
6476	5442
6469	5443
3596	5444
3621	5445
3630	5446
6594	5447
2814	5448
6493	5449
7301	5450
7671	5451
1006	5452
6618	5453
5543	5454
1138	5455
546	5456
746	5457
3680	5458
1232	5459
2233	5460
9388	5461
6877	5462
6025	5463
240	5464
2240	5465
3096	5466
4445	5467
9212	5468
6228	5469
2567	5470
7716	5471
4122	5472
4042	5473
9262	5474
5207	5475
3135	5476
1202	5477
1699	5478
5642	5479
5917	5480
6591	5481
9403	5482
2142	5483
8031	5484
2453	5485
6713	5486
7454	5487
9554	5488
494	5489
5749	5490
5537	5491
1252	5492
4304	5493
9289	5494
1647	5495
3706	5496
4987	5497
826	5498
9130	5499
2591	5500
281	5501
9157	5502
3262	5503
965	5504
4431	5505
6937	5506
8973	5507
9267	5508
5539	5509
492	5510
7383	5511
2742	5512
5031	5513
6252	5514
7464	5515
4155	5516
9092	5517
2960	5518
16	5519
9101	5520
20	5521
6166	5522
6959	5523
8666	5524
9615	5525
1760	5526
1327	5527
8024	5528
9034	5529
9215	5530
9190	5531
1296	5532
2708	5533
5979	5534
2126	5535
845	5536
7463	5537
7362	5538
6432	5539
7169	5540
9566	5541
8007	5542
5462	5543
7980	5544
841	5545
9394	5546
9504	5547
876	5548
656	5549
228	5550
228	5551
5382	5552
4524	5553
4905	5554
2419	5555
1458	5556
9329	5557
3568	5558
791	5559
4410	5560
3777	5561
6407	5562
1598	5563
5337	5564
5870	5565
9634	5566
2093	5567
6696	5568
7899	5569
9273	5570
331	5571
6601	5572
103	5573
809	5574
7550	5575
4539	5576
2187	5577
8	5578
4484	5579
3906	5580
8630	5581
8608	5582
2048	5583
34	5584
6194	5585
149	5586
7792	5587
860	5588
7959	5589
7937	5590
4608	5591
5253	5592
3336	5593
7400	5594
6234	5595
8098	5596
5269	5597
5155	5598
8210	5599
5261	5600
6188	5601
5553	5602
4481	5603
4256	5604
2744	5605
190	5606
582	5607
1130	5608
2846	5609
4258	5610
120	5611
2889	5612
5770	5613
3968	5614
4175	5615
4349	5616
3496	5617
5469	5618
5238	5619
6669	5620
1589	5621
3557	5622
4468	5623
3688	5624
204	5625
9128	5626
8254	5627
5626	5628
5319	5629
9211	5630
7894	5631
4434	5632
8997	5633
7629	5634
6396	5635
1632	5636
937	5637
906	5638
8632	5639
1549	5640
6007	5641
9628	5642
4	5643
907	5644
3947	5645
6018	5646
8406	5647
3261	5648
4800	5649
6359	5650
8069	5651
6410	5652
5836	5653
6982	5654
4192	5655
5101	5656
5971	5657
7199	5658
5422	5659
519	5660
4731	5661
949	5662
9456	5663
4801	5664
7114	5665
2073	5666
8350	5667
8397	5668
624	5669
3987	5670
5810	5671
6580	5672
5898	5673
2074	5674
6429	5675
8015	5676
3682	5677
2880	5678
3804	5679
6793	5680
2246	5681
6792	5682
6549	5683
9685	5684
8580	5685
7756	5686
8063	5687
6440	5688
2662	5689
3826	5690
7098	5691
3380	5692
7569	5693
3036	5694
8677	5695
6496	5696
5720	5697
2561	5698
6328	5699
5015	5700
7486	5701
9321	5702
5598	5703
7994	5704
3139	5705
3512	5706
7796	5707
2861	5708
353	5709
4069	5710
5939	5711
6728	5712
1886	5713
3544	5714
2792	5715
8054	5716
8626	5717
1544	5718
7783	5719
1131	5720
8407	5721
104	5722
6256	5723
4597	5724
4254	5725
9644	5726
4167	5727
9371	5728
8372	5729
5739	5730
2106	5731
8731	5732
5904	5733
8359	5734
150	5735
7539	5736
5970	5737
6149	5738
1958	5739
736	5740
9122	5741
3298	5742
5798	5743
3824	5744
7810	5745
8399	5746
6104	5747
8772	5748
7594	5749
6005	5750
8661	5751
6038	5752
9225	5753
2618	5754
5546	5755
7433	5756
1029	5757
2666	5758
5756	5759
6412	5760
677	5761
6308	5762
7572	5763
9187	5764
6844	5765
5616	5766
7679	5767
8414	5768
3409	5769
3643	5770
85	5771
6336	5772
3017	5773
8980	5774
7146	5775
7498	5776
5586	5777
5558	5778
2397	5779
6023	5780
6425	5781
6581	5782
2752	5783
4582	5784
5510	5785
8540	5786
6297	5787
133	5788
85	5789
7532	5790
3494	5791
6767	5792
5289	5793
4713	5794
6214	5795
6611	5796
8763	5797
1050	5798
7324	5799
154	5800
8144	5801
6239	5802
3481	5803
3199	5804
6358	5805
3754	5806
3465	5807
44	5808
8498	5809
6004	5810
8404	5811
5719	5812
5928	5813
6178	5814
4934	5815
6270	5816
3946	5817
3890	5818
6052	5819
3649	5820
8428	5821
8001	5822
8174	5823
597	5824
2437	5825
1955	5826
3911	5827
1591	5828
6588	5829
6427	5830
4369	5831
8374	5832
4819	5833
152	5834
11	5835
5675	5836
6487	5837
6302	5838
5596	5839
1845	5840
3538	5841
4262	5842
3015	5843
9369	5844
7164	5845
7917	5846
6599	5847
2723	5848
3437	5849
4048	5850
7090	5851
8278	5852
7167	5853
3414	5854
354	5855
5138	5856
7306	5857
3459	5858
6451	5859
3191	5860
4782	5861
913	5862
3585	5863
1577	5864
3107	5865
4334	5866
9355	5867
2015	5868
6127	5869
5148	5870
7909	5871
8862	5872
7312	5873
4567	5874
1170	5875
3376	5876
7313	5877
1798	5878
3885	5879
6467	5880
8384	5881
5288	5882
3870	5883
7118	5884
4772	5885
9467	5886
3027	5887
7423	5888
7165	5889
9602	5890
3576	5891
3464	5892
5764	5893
946	5894
8229	5895
2756	5896
2117	5897
4067	5898
5266	5899
8570	5900
6609	5901
1931	5902
1082	5903
7596	5904
6409	5905
1207	5906
243	5907
8188	5908
6085	5909
1333	5910
1935	5911
3622	5912
8494	5913
1823	5914
3006	5915
3758	5916
9433	5917
5294	5918
9669	5919
7190	5920
5363	5921
1983	5922
371	5923
2447	5924
2620	5925
7042	5926
121	5927
1238	5928
988	5929
723	5930
8981	5931
4302	5932
5320	5933
1151	5934
3986	5935
2256	5936
7173	5937
2626	5938
2684	5939
6528	5940
7338	5941
7028	5942
3250	5943
7793	5944
8746	5945
3842	5946
1880	5947
7076	5948
8307	5949
5307	5950
2678	5951
7911	5952
3805	5953
8939	5954
4992	5955
4954	5956
7443	5957
1451	5958
9473	5959
6463	5960
2865	5961
6159	5962
2616	5963
4953	5964
3213	5965
9207	5966
8088	5967
7051	5968
9113	5969
1809	5970
2328	5971
2908	5972
3477	5973
8908	5974
2259	5975
5656	5976
4465	5977
7928	5978
6630	5979
9199	5980
7634	5981
8711	5982
7979	5983
3248	5984
8883	5985
7574	5986
9165	5987
2489	5988
2627	5989
6084	5990
7906	5991
2579	5992
6182	5993
3275	5994
9079	5995
5154	5996
1712	5997
1214	5998
1722	5999
1291	6000
5624	6001
3728	6002
8606	6003
5334	6004
7872	6005
7089	6006
7320	6007
9611	6008
3999	6009
6276	6010
6230	6011
127	6012
8965	6013
252	6014
2239	6015
7215	6016
7954	6017
8906	6018
6741	6019
2549	6020
4000	6021
4424	6022
8736	6023
3492	6024
7376	6025
206	6026
1612	6027
3592	6028
3264	6029
3675	6030
574	6031
3363	6032
3880	6033
1637	6034
7563	6035
8331	6036
3197	6037
3114	6038
7851	6039
1009	6040
5492	6041
5534	6042
3232	6043
5583	6044
8526	6045
6882	6046
241	6047
88	6048
2213	6049
4596	6050
3922	6051
7553	6052
9238	6053
5046	6054
1940	6055
8840	6056
709	6057
8462	6058
1951	6059
6825	6060
118	6061
6781	6062
108	6063
5663	6064
5532	6065
4736	6066
2895	6067
8638	6068
6045	6069
3451	6070
3457	6071
2801	6072
6775	6073
3834	6074
3734	6075
4589	6076
5865	6077
6794	6078
2592	6079
4679	6080
6526	6081
8002	6082
3344	6083
5295	6084
7148	6085
1326	6086
9114	6087
5204	6088
4197	6089
2587	6090
5149	6091
3064	6092
7591	6093
1056	6094
3193	6095
7010	6096
7282	6097
1460	6098
5080	6099
6766	6100
901	6101
336	6102
3699	6103
6881	6104
6437	6105
1037	6106
9209	6107
5471	6108
7372	6109
3057	6110
7919	6111
4125	6112
854	6113
219	6114
8202	6115
4490	6116
3519	6117
1054	6118
3788	6119
2411	6120
6933	6121
2707	6122
2788	6123
8757	6124
4904	6125
4848	6126
5290	6127
7930	6128
5866	6129
7580	6130
5125	6131
5591	6132
126	6133
7497	6134
8362	6135
6876	6136
8021	6137
5774	6138
6486	6139
5327	6140
6622	6141
181	6142
6199	6143
764	6144
5467	6145
6155	6146
8659	6147
2694	6148
5281	6149
2024	6150
5965	6151
6226	6152
5512	6153
8358	6154
1885	6155
2243	6156
6989	6157
7325	6158
4012	6159
8114	6160
8843	6161
5395	6162
775	6163
5271	6164
3210	6165
5698	6166
5637	6167
5754	6168
4153	6169
2619	6170
737	6171
167	6172
139	6173
963	6174
7556	6175
9441	6176
5709	6177
5885	6178
7039	6179
8612	6180
4137	6181
3778	6182
8563	6183
5955	6184
5944	6185
9354	6186
7958	6187
9353	6188
5070	6189
3976	6190
8087	6191
4446	6192
6920	6193
3860	6194
4740	6195
2464	6196
4555	6197
1755	6198
9	6199
9633	6200
6898	6201
1268	6202
2023	6203
4022	6204
5250	6205
5787	6206
1819	6207
268	6208
548	6209
600	6210
9591	6211
1471	6212
7337	6213
1901	6214
4054	6215
2602	6216
6090	6217
4416	6218
3783	6219
4610	6220
5538	6221
2738	6222
6343	6223
8982	6224
6557	6225
3033	6226
2314	6227
4270	6228
8538	6229
9280	6230
8126	6231
7302	6232
2477	6233
8550	6234
7108	6235
8931	6236
5807	6237
2295	6238
8267	6239
3669	6240
4272	6241
3420	6242
7023	6243
8592	6244
6441	6245
8976	6246
4015	6247
4961	6248
7694	6249
93	6250
7607	6251
2763	6252
905	6253
3082	6254
3153	6255
3318	6256
1116	6257
1873	6258
5168	6259
1376	6260
8793	6261
5454	6262
163	6263
2817	6264
7316	6265
3348	6266
5111	6267
2227	6268
6671	6269
5972	6270
2001	6271
8274	6272
5282	6273
8768	6274
6197	6275
5745	6276
8932	6277
2850	6278
1269	6279
4078	6280
4179	6281
4598	6282
2517	6283
7658	6284
1540	6285
6243	6286
2312	6287
2698	6288
5883	6289
5166	6290
8303	6291
908	6292
5265	6293
4818	6294
910	6295
1290	6296
289	6297
8516	6298
4983	6299
6459	6300
5032	6301
64	6302
1340	6303
6892	6304
239	6305
8962	6306
6077	6307
2042	6308
6092	6309
7985	6310
8287	6311
1883	6312
1911	6313
1607	6314
5201	6315
8057	6316
4346	6317
2624	6318
6529	6319
783	6320
2131	6321
8411	6322
7611	6323
8077	6324
6024	6325
7613	6326
3000	6327
5205	6328
31	6329
6091	6330
9532	6331
2636	6332
4281	6333
2992	6334
2446	6335
7097	6336
6385	6337
9565	6338
8435	6339
5762	6340
3646	6341
4076	6342
1642	6343
3308	6344
6322	6345
2313	6346
38	6347
3402	6348
4971	6349
939	6350
9109	6351
4576	6352
9277	6353
9387	6354
8749	6355
6738	6356
7180	6357
3268	6358
2324	6359
401	6360
2645	6361
8439	6362
5461	6363
8624	6364
4182	6365
8921	6366
406	6367
7261	6368
3514	6369
3094	6370
7615	6371
8320	6372
7394	6373
5515	6374
6567	6375
3942	6376
9568	6377
3800	6378
7517	6379
8985	6380
2036	6381
7683	6382
8111	6383
1369	6384
2	6385
7274	6386
7856	6387
8895	6388
8770	6389
8308	6390
6640	6391
3591	6392
1696	6393
9311	6394
1359	6395
9283	6396
5314	6397
6326	6398
703	6399
4224	6400
7225	6401
1791	6402
4541	6403
6388	6404
8354	6405
9620	6406
4311	6407
6515	6408
9097	6409
8477	6410
1735	6411
5411	6412
6372	6413
541	6414
9582	6415
9166	6416
7908	6417
6910	6418
6902	6419
1626	6420
2837	6421
3312	6422
6222	6423
8119	6424
7370	6425
4222	6426
3049	6427
5943	6428
9338	6429
102	6430
7879	6431
3303	6432
229	6433
7967	6434
6106	6435
7940	6436
1912	6437
7408	6438
7416	6439
2927	6440
7530	6441
208	6442
3953	6443
5449	6444
3721	6445
9189	6446
8532	6447
7201	6448
7270	6449
6027	6450
8043	6451
7240	6452
1176	6453
8804	6454
4972	6455
4201	6456
8408	6457
6029	6458
504	6459
3771	6460
6465	6461
7902	6462
8197	6463
3616	6464
7620	6465
6448	6466
9292	6467
6096	6468
5772	6469
2262	6470
1930	6471
3154	6472
7058	6473
8508	6474
1144	6475
6348	6476
4924	6477
2010	6478
8061	6479
3736	6480
2171	6481
1114	6482
1284	6483
701	6484
3305	6485
1184	6486
6813	6487
9640	6488
7828	6489
9110	6490
6535	6491
4166	6492
5825	6493
9304	6494
6483	6495
8316	6496
8083	6497
3203	6498
2838	6499
3786	6500
7966	6501
7751	6502
5513	6503
9513	6504
7950	6505
5588	6506
5239	6507
2622	6508
5541	6509
5396	6510
2253	6511
4556	6512
113	6513
6831	6514
3368	6515
8468	6516
1473	6517
3374	6518
9525	6519
2543	6520
1853	6521
4989	6522
1375	6523
1811	6524
9236	6525
6577	6526
7947	6527
7117	6528
3710	6529
7782	6530
483	6531
279	6532
975	6533
2654	6534
3267	6535
4770	6536
3583	6537
7488	6538
583	6539
5041	6540
2985	6541
4467	6542
8164	6543
1807	6544
77	6545
1481	6546
2352	6547
105	6548
4730	6549
8732	6550
7129	6551
4093	6552
6180	6553
1684	6554
7896	6555
2668	6556
2963	6557
5889	6558
7757	6559
6823	6560
2448	6561
7897	6562
3794	6563
6615	6564
8927	6565
4581	6566
5687	6567
3625	6568
3562	6569
6248	6570
5680	6571
102	6572
1663	6573
6130	6574
4759	6575
3051	6576
1703	6577
9138	6578
8365	6579
53	6580
7492	6581
1709	6582
9242	6583
5218	6584
9281	6585
9665	6586
8704	6587
2926	6588
7763	6589
7095	6590
1546	6591
4600	6592
6808	6593
9462	6594
1406	6595
9119	6596
2648	6597
4486	6598
6028	6599
2370	6600
5623	6601
9617	6602
9305	6603
9023	6604
5734	6605
7444	6606
9423	6607
769	6608
5545	6609
5415	6610
1407	6611
3452	6612
19	6613
9376	6614
3760	6615
6709	6616
28	6617
2408	6618
678	6619
1487	6620
275	6621
8457	6622
5136	6623
3383	6624
8876	6625
2061	6626
4985	6627
7898	6628
1303	6629
152	6630
479	6631
2296	6632
3711	6633
5227	6634
6791	6635
8834	6636
4232	6637
674	6638
46	6639
6654	6640
1705	6641
4777	6642
6315	6643
9261	6644
21	6645
890	6646
5185	6647
612	6648
8200	6649
6416	6650
9061	6651
227	6652
8952	6653
9476	6654
8023	6655
7221	6656
2948	6657
1408	6658
2552	6659
8006	6660
4855	6661
3316	6662
2901	6663
8220	6664
7939	6665
1595	6666
2080	6667
6417	6668
7250	6669
2425	6670
1409	6671
1410	6672
8473	6673
5846	6674
1808	6675
1103	6676
6524	6677
1411	6678
1412	6679
551	6680
1035	6681
71	6682
8008	6683
4312	6684
1024	6685
1240	6686
7205	6687
2604	6688
2	6689
4371	6690
9146	6691
86	6692
3668	6693
3924	6694
41	6695
8505	6696
5010	6697
6746	6698
8105	6699
2211	6700
8838	6701
5702	6702
5667	6703
6093	6704
8543	6705
356	6706
2366	6707
1413	6708
1414	6709
2802	6710
3921	6711
1415	6712
3741	6713
2633	6714
7493	6715
1304	6716
28	6717
9468	6718
1282	6719
6153	6720
6799	6721
3265	6722
5362	6723
2206	6724
7050	6725
6224	6726
497	6727
8047	6728
6284	6729
8029	6730
5823	6731
7447	6732
8796	6733
8680	6734
2595	6735
3037	6736
1416	6737
3321	6738
6220	6739
350	6740
7900	6741
5084	6742
7434	6743
1908	6744
1417	6745
3763	6746
649	6747
6520	6748
5028	6749
3240	6750
5348	6751
1418	6752
7943	6753
6874	6754
5651	6755
1099	6756
3802	6757
5189	6758
8173	6759
5009	6760
178	6761
1246	6762
116	6763
6900	6764
3683	6765
5243	6766
3552	6767
2934	6768
4406	6769
7726	6770
8911	6771
1244	6772
7088	6773
3159	6774
2474	6775
2219	6776
1496	6777
5498	6778
2027	6779
644	6780
1302	6781
31	6782
4569	6783
5496	6784
8730	6785
6422	6786
2822	6787
1419	6788
1832	6789
9200	6790
8262	6791
4617	6792
5699	6793
9045	6794
5330	6795
3578	6796
8884	6797
5520	6798
2289	6799
9555	6800
178	6801
6021	6802
6215	6803
1112	6804
5134	6805
5523	6806
5636	6807
5869	6808
6257	6809
5859	6810
2180	6811
8961	6812
1946	6813
236	6814
6357	6815
842	6816
6829	6817
7442	6818
4978	6819
6795	6820
3620	6821
7080	6822
9090	6823
5600	6824
7840	6825
7781	6826
1530	6827
6323	6828
9265	6829
4548	6830
940	6831
4383	6832
853	6833
180	6834
5674	6835
3371	6836
413	6837
1909	6838
745	6839
7328	6840
1076	6841
6430	6842
5380	6843
7787	6844
6111	6845
4546	6846
8894	6847
4295	6848
3254	6849
1464	6850
5900	6851
3827	6852
1100	6853
847	6854
8416	6855
9569	6856
8290	6857
4092	6858
4837	6859
3356	6860
143	6861
124	6862
7336	6863
3752	6864
3125	6865
9607	6866
9674	6867
191	6868
7125	6869
1026	6870
7453	6871
9584	6872
5030	6873
101	6874
2910	6875
7948	6876
899	6877
7600	6878
9463	6879
6475	6880
7340	6881
7667	6882
71	6883
1519	6884
5190	6885
6950	6886
9163	6887
1968	6888
747	6889
9426	6890
8235	6891
8136	6892
5722	6893
4812	6894
7275	6895
3891	6896
718	6897
3491	6898
5045	6899
5096	6900
2003	6901
351	6902
9051	6903
8887	6904
787	6905
1027	6906
5716	6907
9326	6908
1420	6909
3255	6910
4087	6911
341	6912
1520	6913
1953	6914
5450	6915
1421	6916
1422	6917
352	6918
690	6919
3314	6920
157	6921
8080	6922
9309	6923
175	6924
7525	6925
8091	6926
3296	6927
3315	6928
3290	6929
8726	6930
2396	6931
214	6932
2305	6933
123	6934
1364	6935
1423	6936
462	6937
2162	6938
5905	6939
9014	6940
6151	6941
6376	6942
2734	6943
4368	6944
5638	6945
8848	6946
8823	6947
6676	6948
7978	6949
8212	6950
3772	6951
8092	6952
5406	6953
5571	6954
7280	6955
9141	6956
9522	6957
9494	6958
7862	6959
8685	6960
8312	6961
2038	6962
1424	6963
7752	6964
1563	6965
171	6966
5287	6967
7983	6968
6333	6969
4364	6970
5117	6971
4477	6972
902	6973
1985	6974
2249	6975
2269	6976
8306	6977
512	6978
5608	6979
2172	6980
5100	6981
6664	6982
1168	6983
8058	6984
5724	6985
3918	6986
7352	6987
3241	6988
7661	6989
232	6990
7816	6991
7593	6992
2135	6993
8690	6994
8587	6995
7952	6996
7115	6997
2978	6998
4284	6999
117	7000
3258	7001
5743	7002
30	7003
3257	7004
192	7005
9364	7006
5957	7007
2270	7008
4308	7009
1127	7010
5692	7011
8930	7012
3346	7013
3588	7014
8865	7015
3436	7016
1491	7017
1999	7018
7413	7019
5329	7020
1664	7021
190	7022
3910	7023
181	7024
7877	7025
6498	7026
4384	7027
6344	7028
8696	7029
2683	7030
6490	7031
8888	7032
6177	7033
1641	7034
5389	7035
7297	7036
3238	7037
8642	7038
5484	7039
9527	7040
4940	7041
4530	7042
5268	7043
4795	7044
9076	7045
9293	7046
6514	7047
9282	7048
4057	7049
5065	7050
1815	7051
6294	7052
9616	7053
198	7054
2360	7055
7422	7056
5927	7057
686	7058
141	7059
2700	7060
6434	7061
2979	7062
1718	7063
1425	7064
3637	7065
2720	7066
6936	7067
8132	7068
9486	7069
2431	7070
3537	7071
4918	7072
2736	7073
2154	7074
3907	7075
1539	7076
8856	7077
5706	7078
8310	7079
8447	7080
7244	7081
2635	7082
293	7083
1350	7084
4824	7085
513	7086
2375	7087
2638	7088
5255	7089
3273	7090
4816	7091
4204	7092
343	7093
6043	7094
3034	7095
2916	7096
5554	7097
1489	7098
2454	7099
367	7100
2434	7101
2429	7102
2728	7103
2642	7104
2949	7105
6271	7106
5536	7107
3244	7108
484	7109
9574	7110
1089	7111
1048	7112
4493	7113
5202	7114
6353	7115
6102	7116
994	7117
1986	7118
1564	7119
5617	7120
7774	7121
5665	7122
8631	7123
3697	7124
161	7125
976	7126
2751	7127
2932	7128
7393	7129
9646	7130
3518	7131
8198	7132
17	7133
1781	7134
5875	7135
7439	7136
7343	7137
6953	7138
2703	7139
6134	7140
154	7141
1134	7142
4899	7143
6717	7144
5805	7145
865	7146
5820	7147
1146	7148
7452	7149
1704	7150
5652	7151
5285	7152
4724	7153
1235	7154
7079	7155
213	7156
9612	7157
4443	7158
4488	7159
9070	7160
6426	7161
8099	7162
3253	7163
8545	7164
4199	7165
8251	7166
549	7167
1129	7168
7786	7169
3719	7170
1960	7171
9223	7172
6378	7173
4815	7174
4380	7175
1689	7176
2843	7177
1383	7178
9004	7179
3384	7180
5152	7181
9120	7182
5183	7183
3230	7184
4195	7185
6875	7186
6879	7187
8410	7188
5296	7189
9572	7190
1750	7191
4228	7192
5153	7193
8573	7194
7024	7195
33	7196
7299	7197
127	7198
6076	7199
6240	7200
4851	7201
201	7202
1651	7203
2858	7204
4733	7205
604	7206
5809	7207
7625	7208
11	7209
4220	7210
4062	7211
4888	7212
3413	7213
2281	7214
11	7215
2987	7216
3485	7217
5593	7218
2344	7219
9430	7220
2272	7221
6009	7222
3127	7223
2173	7224
3401	7225
8875	7226
3526	7227
2108	7228
6116	7229
1000	7230
2847	7231
240	7232
8639	7233
9386	7234
688	7235
5025	7236
6391	7237
9623	7238
7377	7239
8767	7240
7309	7241
4440	7242
4764	7243
1666	7244
3122	7245
261	7246
7126	7247
3651	7248
9638	7249
6548	7250
1962	7251
9459	7252
5221	7253
5172	7254
3636	7255
6101	7256
9185	7257
3192	7258
1957	7259
7712	7260
4511	7261
9091	7262
1746	7263
6911	7264
9453	7265
6495	7266
6403	7267
25	7268
5937	7269
213	7270
3	7271
9017	7272
6962	7273
8425	7274
603	7275
3744	7276
2445	7277
6242	7278
3225	7279
7332	7280
4714	7281
5272	7282
9197	7283
8609	7284
8426	7285
4890	7286
3606	7287
538	7288
188	7289
9258	7290
5783	7291
9345	7292
9043	7293
2641	7294
9217	7295
4704	7296
1426	7297
246	7298
6112	7299
7143	7300
6148	7301
5417	7302
8520	7303
3120	7304
5938	7305
1771	7306
2205	7307
9660	7308
7773	7309
4358	7310
2872	7311
7915	7312
1385	7313
6695	7314
3909	7315
1567	7316
4931	7317
45	7318
5023	7319
2794	7320
8360	7321
3227	7322
3471	7323
4169	7324
8388	7325
4685	7326
8518	7327
4436	7328
110	7329
3769	7330
4525	7331
5576	7332
3603	7333
4650	7334
143	7335
8600	7336
61	7337
3388	7338
8960	7339
5119	7340
18	7341
5657	7342
5397	7343
9268	7344
2412	7345
4052	7346
4083	7347
4084	7348
5956	7349
1878	7350
7397	7351
7641	7352
6968	7353
8678	7354
7734	7355
5226	7356
6395	7357
5369	7358
5361	7359
3750	7360
7468	7361
4144	7362
4936	7363
3633	7364
4790	7365
3899	7366
1085	7367
5611	7368
116	7369
1977	7370
5677	7371
1861	7372
5193	7373
2836	7374
2573	7375
6645	7376
2852	7377
1683	7378
4751	7379
622	7380
1353	7381
3926	7382
7687	7383
1042	7384
3180	7385
8245	7386
6059	7387
6051	7388
137	7389
8619	7390
8148	7391
5659	7392
7033	7393
6870	7394
6531	7395
1427	7396
9457	7397
2800	7398
3053	7399
4317	7400
220	7401
9216	7402
638	7403
8095	7404
1086	7405
3462	7406
6812	7407
7176	7408
1087	7409
493	7410
7656	7411
9389	7412
131	7413
8762	7414
4588	7415
6338	7416
8852	7417
117	7418
2827	7419
7861	7420
1428	7421
7627	7422
3970	7423
7335	7424
1429	7425
2488	7426
8525	7427
2991	7428
4338	7429
8671	7430
748	7431
2033	7432
3429	7433
440	7434
442	7435
441	7436
334	7437
3089	7438
1254	7439
9240	7440
2782	7441
1644	7442
9393	7443
956	7444
2629	7445
1036	7446
1028	7447
1533	7448
269	7449
4386	7450
6657	7451
8322	7452
2555	7453
5405	7454
1377	7455
8475	7456
1557	7457
3940	7458
1769	7459
3533	7460
9003	7461
5649	7462
6161	7463
115	7464
619	7465
3701	7466
2981	7467
8048	7468
4683	7469
2389	7470
5131	7471
4894	7472
4929	7473
1715	7474
7483	7475
163	7476
706	7477
5074	7478
7807	7479
6724	7480
32	7481
1536	7482
6852	7483
6635	7484
7662	7485
9374	7486
80	7487
48	7488
8874	7489
5864	7490
6390	7491
2302	7492
1047	7493
6730	7494
4930	7495
6721	7496
7494	7497
9512	7498
7419	7499
7982	7500
4291	7501
5641	7502
5133	7503
1573	7504
8215	7505
3617	7506
8285	7507
1508	7508
2161	7509
3577	7510
4089	7511
9515	7512
7315	7513
732	7514
8649	7515
2544	7516
1560	7517
8942	7518
9060	7519
7868	7520
6169	7521
4616	7522
8013	7523
6235	7524
2402	7525
146	7526
8185	7527
2853	7528
621	7529
8495	7530
288	7531
4041	7532
7831	7533
730	7534
3332	7535
7307	7536
758	7537
4471	7538
4401	7539
6865	7540
5274	7541
861	7542
761	7543
1504	7544
8238	7545
1969	7546
4422	7547
3534	7548
1514	7549
2696	7550
6839	7551
5	7552
7511	7553
7588	7554
7384	7555
1834	7556
8355	7557
1854	7558
1628	7559
4277	7560
6192	7561
2159	7562
82	7563
3846	7564
8332	7565
7692	7566
193	7567
1945	7568
2406	7569
2993	7570
9466	7571
8082	7572
2140	7573
4565	7574
1761	7575
1324	7576
173	7577
3242	7578
1688	7579
4646	7580
191	7581
5925	7582
2705	7583
9676	7584
4246	7585
4252	7586
6955	7587
2829	7588
590	7589
5526	7590
927	7591
5	7592
4202	7593
8886	7594
308	7595
14	7596
114	7597
4154	7598
7004	7599
7038	7600
7378	7601
6423	7602
4958	7603
9173	7604
7161	7605
7008	7606
5107	7607
9552	7608
9229	7609
7993	7610
5208	7611
643	7612
7216	7613
3501	7614
7558	7615
5945	7616
7713	7617
9237	7618
3219	7619
2116	7620
4827	7621
6756	7622
9567	7623
7748	7624
4356	7625
4629	7626
7507	7627
1974	7628
147	7629
4754	7630
6418	7631
7825	7632
8487	7633
9437	7634
7260	7635
3357	7636
4023	7637
9400	7638
7482	7639
6688	7640
60	7641
2428	7642
9687	7643
3483	7644
7711	7645
7551	7646
7691	7647
2169	7648
1993	7649
4238	7650
6943	7651
7222	7652
4172	7653
8615	7654
4329	7655
124	7656
1583	7657
7175	7658
6047	7659
3433	7660
7606	7661
6652	7662
3220	7663
5973	7664
5931	7665
4460	7666
7847	7667
2496	7668
7450	7669
1444	7670
1242	7671
4250	7672
9069	7673
999	7674
5531	7675
233	7676
6587	7677
4211	7678
5142	7679
6993	7680
1806	7681
8808	7682
1257	7683
125	7684
4775	7685
8161	7686
8607	7687
7179	7688
3352	7689
6264	7690
1877	7691
200	7692
1947	7693
9082	7694
4282	7695
3793	7696
8190	7697
2283	7698
1882	7699
6041	7700
4836	7701
1309	7702
9047	7703
6419	7704
3886	7705
7459	7706
131	7707
6233	7708
2008	7709
187	7710
7871	7711
3086	7712
8727	7713
3131	7714
7964	7715
8562	7716
7559	7717
1673	7718
5929	7719
4058	7720
6758	7721
9112	7722
9160	7723
9385	7724
8784	7725
5386	7726
148	7727
2137	7728
3550	7729
6670	7730
2679	7731
6678	7732
6666	7733
1295	7734
5594	7735
7398	7736
8566	7737
4205	7738
2138	7739
1996	7740
8438	7741
5605	7742
2718	7743
1839	7744
8617	7745
555	7746
4032	7747
7842	7748
3881	7749
5073	7750
5784	7751
8187	7752
177	7753
2740	7754
2739	7755
7803	7756
2468	7757
3291	7758
862	7759
6636	7760
5308	7761
6912	7762
7833	7763
9168	7764
4921	7765
3447	7766
664	7767
5412	7768
9556	7769
4721	7770
2277	7771
8138	7772
3878	7773
3013	7774
2990	7775
4843	7776
166	7777
9196	7778
2688	7779
7605	7780
9458	7781
2400	7782
569	7783
808	7784
5214	7785
199	7786
5067	7787
6330	7788
4500	7789
7664	7790
4970	7791
166	7792
2719	7793
7865	7794
8830	7795
3673	7796
4208	7797
6994	7798
2212	7799
22	7800
2925	7801
5431	7802
9439	7803
141	7804
6266	7805
2236	7806
9126	7807
6088	7808
7736	7809
1734	7810
9564	7811
2724	7812
5013	7813
5766	7814
5088	7815
203	7816
3468	7817
9071	7818
421	7819
5316	7820
6561	7821
6706	7822
4276	7823
2758	7824
2631	7825
7997	7826
6974	7827
158	7828
3101	7829
7882	7830
6814	7831
7424	7832
3306	7833
2293	7834
8765	7835
4463	7836
9496	7837
7819	7838
5141	7839
1462	7840
9181	7841
6006	7842
6735	7843
8533	7844
9622	7845
1245	7846
1618	7847
7633	7848
7	7849
7402	7850
2504	7851
3737	7852
1605	7853
2409	7854
3014	7855
5309	7856
4255	7857
8418	7858
3065	7859
3991	7860
7256	7861
5475	7862
3520	7863
8919	7864
2019	7865
7059	7866
2787	7867
1051	7868
7074	7869
172	7870
4766	7871
1602	7872
2899	7873
1629	7874
8436	7875
9586	7876
2568	7877
212	7878
5730	7879
5102	7880
7529	7881
1759	7882
2952	7883
8806	7884
7739	7885
7133	7886
6853	7887
179	7888
6638	7889
4969	7890
914	7891
7334	7892
6998	7893
7481	7894
9639	7895
5182	7896
215	7897
97	7898
9531	7899
6873	7900
8989	7901
7077	7902
3903	7903
8814	7904
8204	7905
4895	7906
3658	7907
3079	7908
2320	7909
4811	7910
9244	7911
2037	7912
3722	7913
12	7914
83	7915
5283	7916
6438	7917
1866	7918
7765	7919
1169	7920
22	7921
2749	7922
2004	7923
7272	7924
4636	7925
6598	7926
3270	7927
8107	7928
3160	7929
8450	7930
8497	7931
3124	7932
2725	7933
4189	7934
6120	7935
8005	7936
4830	7937
1849	7938
772	7939
2330	7940
8261	7941
2356	7942
9313	7943
1805	7944
2940	7945
8084	7946
3945	7947
1924	7948
545	7949
1896	7950
1371	7951
3072	7952
1556	7953
8613	7954
4665	7955
8064	7956
1772	7957
4266	7958
5497	7959
8076	7960
9133	7961
3152	7962
5635	7963
837	7964
247	7965
7318	7966
2390	7967
9401	7968
658	7969
7123	7970
4672	7971
7355	7972
4141	7973
1851	7974
3041	7975
7732	7976
4603	7977
3747	7978
6660	7979
1486	7980
5083	7981
3528	7982
278	7983
1608	7984
5060	7985
6278	7986
8489	7987
8553	7988
1485	7989
8833	7990
4649	7991
3993	7992
4807	7993
7236	7994
6817	7995
9002	7996
2862	7997
599	7998
15	7999
4024	8000
6049	8001
1457	8002
6949	8003
4550	8004
4234	8005
9530	8006
1430	8007
1431	8008
8351	8009
5463	8010
2417	8011
1711	8012
4340	8013
3431	8014
4116	8015
42	8016
9598	8017
1777	8018
6732	8019
7015	8020
5735	8021
7653	8022
5563	8023
3132	8024
9650	8025
6163	8026
7830	8027
5921	8028
1432	8029
70	8030
8328	8031
4253	8032
3659	8033
863	8034
1670	8035
7719	8036
5853	8037
2863	8038
4642	8039
1475	8040
1433	8041
1434	8042
81	8043
5755	8044
1355	8045
3311	8046
6826	8047
4752	8048
8237	8049
1435	8050
69	8051
4193	8052
539	8053
1217	8054
6132	8055
725	8056
3832	8057
7857	8058
5612	8059
6455	8060
1991	8061
5566	8062
9266	8063
2151	8064
1105	8065
3790	8066
409	8067
454	8068
7476	8069
4071	8070
6067	8071
8429	8072
8236	8073
4053	8074
6474	8075
4860	8076
7289	8077
7817	8078
8993	8079
9263	8080
6	8081
2422	8082
5356	8083
530	8084
4017	8085
2423	8086
6206	8087
1739	8088
6489	8089
3626	8090
5963	8091
5918	8092
7801	8093
1178	8094
9356	8095
2415	8096
8131	8097
6216	8098
2357	8099
629	8100
6304	8101
2002	8102
6765	8103
7469	8104
7251	8105
4186	8106
9643	8107
7380	8108
8556	8109
8079	8110
5502	8111
5293	8112
1802	8113
6978	8114
8337	8115
24	8116
24	8117
1702	8118
4117	8119
4118	8120
9425	8121
1293	8122
1113	8123
4595	8124
243	8125
729	8126
532	8127
1436	8128
731	8129
4342	8130
5910	8131
9025	8132
2095	8133
9347	8134
8413	8135
6462	8136
6921	8137
8375	8138
6176	8139
5029	8140
5050	8141
3803	8142
628	8143
4064	8144
2373	8145
7258	8146
8432	8147
5482	8148
7631	8149
2864	8150
3599	8151
6061	8152
8258	8153
2531	8154
4299	8155
8369	8156
1975	8157
1258	8158
9377	8159
4742	8160
1186	8161
5913	8162
741	8163
3361	8164
1437	8165
5968	8166
52	8167
5120	8168
3698	8169
65	8170
4692	8171
6665	8172
2104	8173
5681	8174
5270	8175
4129	8176
6667	8177
2182	8178
6198	8179
3851	8180
4502	8181
2339	8182
63	8183
9298	8184
998	8185
9427	8186
5458	8187
6804	8188
5341	8189
3455	8190
6287	8191
4450	8192
6736	8193
3647	8194
796	8195
9398	8196
3195	8197
7616	8198
3662	8199
1613	8200
8129	8201
120	8202
1171	8203
5993	8204
4112	8205
4529	8206
9448	8207
4114	8208
9595	8209
7237	8210
7294	8211
3479	8212
5915	8213
958	8214
771	8215
4005	8216
4290	8217
357	8218
922	8219
6470	8220
5400	8221
22	8222
6967	8223
1149	8224
4802	8225
6366	8226
522	8227
4171	8228
4474	8229
109	8230
4347	8231
4587	8232
4531	8233
1727	8234
6816	8235
9662	8236
461	8237
4124	8238
1856	8239
5292	8240
7843	8241
9597	8242
355	8243
6541	8244
1283	8245
8963	8246
6439	8247
5794	8248
5879	8249
6261	8250
6279	8251
7395	8252
1122	8253
6019	8254
4241	8255
6098	8256
4051	8257
8315	8258
3745	8259
930	8260
72	8261
8536	8262
9367	8263
3354	8264
9243	8265
2804	8266
509	8267
490	8268
8653	8269
7849	8270
4670	8271
6263	8272
1932	8273
5273	8274
8034	8275
8618	8276
4400	8277
7124	8278
1785	8279
1939	8280
3740	8281
886	8282
1104	8283
2012	8284
8496	8285
1055	8286
3877	8287
8955	8288
1998	8289
9679	8290
2326	8291
1838	8292
5996	8293
4977	8294
4580	8295
3556	8296
6576	8297
6449	8298
5209	8299
2435	8300
917	8301
5867	8302
1586	8303
7473	8304
5445	8305
4037	8306
9159	8307
3039	8308
2350	8309
3187	8310
2818	8311
6350	8312
6081	8313
9294	8314
1516	8315
2178	8316
3685	8317
8067	8318
1936	8319
6977	8320
5443	8321
3259	8322
4376	8323
3980	8324
9093	8325
9663	8326
5087	8327
2545	8328
6906	8329
2083	8330
7127	8331
9438	8332
2623	8333
8191	8334
6241	8335
7728	8336
1638	8337
8662	8338
5552	8339
9381	8340
7610	8341
249	8342
7768	8343
6705	8344
4174	8345
9062	8346
4449	8347
145	8348
8813	8349
6770	8350
66	8351
1511	8352
7308	8353
3211	8354
6342	8355
503	8356
9391	8357
8790	8358
9499	8359
8383	8360
8546	8361
5708	8362
8527	8363
4835	8364
9105	8365
78	8366
4287	8367
2771	8368
8085	8369
2207	8370
1153	8371
132	8372
8101	8373
4438	8374
8329	8375
5196	8376
9492	8377
2070	8378
5336	8379
2643	8380
3836	8381
8978	8382
4695	8383
5055	8384
7374	8385
3134	8386
6505	8387
9626	8388
2848	8389
8810	8390
1817	8391
3042	8392
9162	8393
4988	8394
2687	8395
1615	8396
1317	8397
7230	8398
1887	8399
1695	8400
9111	8401
7645	8402
3467	8403
9148	8404
9563	8405
4780	8406
3054	8407
6	8408
4516	8409
641	8410
1132	8411
8231	8412
5911	8413
8004	8414
7052	8415
290	8416
3536	8417
8124	8418
1044	8419
6840	8420
4906	8421
5947	8422
3097	8423
253	8424
6360	8425
6854	8426
6477	8427
4504	8428
1062	8429
9409	8430
3093	8431
4771	8432
5843	8433
9088	8434
4791	8435
1063	8436
4164	8437
5121	8438
4130	8439
8898	8440
3582	8441
4778	8442
9399	8443
8900	8444
4949	8445
6485	8446
7715	8447
5375	8448
4960	8449
1379	8450
2712	8451
8872	8452
7973	8453
7986	8454
7640	8455
1965	8456
9498	8457
7063	8458
7288	8459
4196	8460
7524	8461
8336	8462
9224	8463
4673	8464
6924	8465
9339	8466
4492	8467
4147	8468
8155	8469
6480	8470
2018	8471
4841	8472
7976	8473
9270	8474
447	8475
7193	8476
1064	8477
4045	8478
4706	8479
1963	8480
5114	8481
1742	8482
1438	8483
5306	8484
1439	8485
2091	8486
1440	8487
1441	8488
9483	8489
4558	8490
7470	8491
7808	8492
5178	8493
5908	8494
8687	8495
74	8496
8750	8497
4937	8498
6293	8499
3858	8500
1442	8501
7519	8502
1443	8503
3830	8504
7916	8505
2806	8506
2401	8507
6295	8508
8110	8509
8658	8510
3322	8511
3080	8512
6503	8513
4908	8514
9172	8515
1280	8516
4876	8517
7211	8518
2192	8519
6810	8520
5256	8521
8167	8522
1636	8523
5712	8524
5304	8525
7548	8526
9038	8527
4648	8528
6444	8529
3030	8530
1386	8531
6016	8532
5907	8533
1850	8534
2022	8535
5373	8536
5486	8537
7560	8538
35	8539
5887	8540
7396	8541
9558	8542
6570	8543
470	8544
8781	8545
982	8546
1445	8547
5194	8548
1331	8549
5211	8550
7153	8551
1446	8552
9150	8553
9317	8554
3971	8555
2210	8556
6867	8557
8298	8558
119	8559
6379	8560
9619	8561
1952	8562
3151	8563
8470	8564
4728	8565
1918	8566
6332	8567
7147	8568
6651	8569
4756	8570
3567	8571
4156	8572
8032	8573
3149	8574
1454	8575
376	8576
6452	8577
2589	8578
9477	8579
5062	8580
3548	8581
8910	8582
3144	8583
1476	8584
5175	8585
6754	8586
7621	8587
1630	8588
5559	8589
2840	8590
6952	8591
6095	8592
6221	8593
1801	8594
9332	8595
7132	8596
3277	8597
4188	8598
6193	8599
7905	8600
2201	8601
9373	8602
5988	8603
4096	8604
3415	8605
6550	8606
1349	8607
5069	8608
8777	8609
6277	8610
1855	8611
18	8612
2141	8613
5428	8614
1314	8615
2854	8616
3914	8617
4859	8618
3147	8619
6774	8620
4090	8621
7401	8622
6402	8623
1622	8624
4945	8625
4365	8626
2129	8627
3768	8628
6771	8629
6394	8630
231	8631
6851	8632
3169	8633
3249	8634
7514	8635
7411	8636
1721	8637
3427	8638
8345	8639
6397	8640
7031	8641
9581	8642
1179	8643
3660	8644
4259	8645
788	8646
208	8647
2505	8648
1233	8649
4671	8650
553	8651
9179	8652
5797	8653
2770	8654
6351	8655
5301	8656
3328	8657
5129	8658
7461	8659
6970	8660
3551	8661
601	8662
9213	8663
6331	8664
4107	8665
2237	8666
8403	8667
2617	8668
5401	8669
4976	8670
4661	8671
7960	8672
6300	8673
6139	8674
1447	8675
8605	8676
9036	8677
8644	8678
9594	8679
9149	8680
1255	8681
4497	8682
6245	8683
4852	8684
369	8685
8691	8686
434	8687
4151	8688
3083	8689
2697	8690
5817	8691
3917	8692
6859	8693
6948	8694
3956	8695
8646	8696
267	8697
3600	8698
16	8699
3839	8700
704	8701
2228	8702
5435	8703
6064	8704
8756	8705
1216	8706
8832	8707
3694	8708
2652	8709
42	8710
2494	8711
8795	8712
3391	8713
39	8714
4885	8715
2907	8716
1690	8717
4577	8718
5252	8719
2009	8720
3102	8721
3386	8722
3732	8723
5728	8724
3444	8725
9154	8726
3828	8727
5614	8728
4875	8729
9246	8730
9585	8731
2780	8732
242	8733
2006	8734
3904	8735
98	8736
8347	8737
3035	8738
4133	8739
977	8740
7361	8741
218	8742
8037	8743
8030	8744
8040	8745
827	8746
5940	8747
1655	8748
4385	8749
7706	8750
7614	8751
5151	8752
7006	8753
4717	8754
4522	8755
9151	8756
2809	8757
9380	8758
6285	8759
2710	8760
7660	8761
9155	8762
7231	8763
815	8764
7068	8765
9031	8766
6743	8767
33	8768
9010	8769
6162	8770
8835	8771
4853	8772
9052	8773
7349	8774
8542	8775
4880	8776
7162	8777
1193	8778
7678	8779
7956	8780
7655	8781
1585	8782
2562	8783
4755	8784
565	8785
2198	8786
348	8787
3145	8788
5609	8789
4379	8790
3608	8791
2096	8792
1449	8793
1448	8794
2965	8795
2637	8796
9077	8797
7462	8798
3201	8799
3627	8800
3594	8801
6568	8802
249	8803
1842	8804
6803	8805
2374	8806
3859	8807
6661	8808
511	8809
8672	8810
5977	8811
9465	8812
3119	8813
2358	8814
6682	8815
9046	8816
6365	8817
40	8818
9601	8819
882	8820
4986	8821
8330	8822
4070	8823
1634	8824
3838	8825
5106	8826
6971	8827
2285	8828
4190	8829
2819	8830
3849	8831
9514	8832
573	8833
3815	8834
2234	8835
1488	8836
5935	8837
7731	8838
3343	8839
5109	8840
8917	8841
687	8842
4150	8843
7405	8844
3756	8845
5038	8846
9021	8847
9	8848
6282	8849
101	8850
7923	8851
6539	8852
1008	8853
7254	8854
2392	8855
4902	8856
3351	8857
12	8858
5332	8859
1784	8860
1466	8861
2274	8862
189	8863
3561	8864
7392	8865
8271	8866
112	8867
9001	8868
3816	8869
9221	8870
9608	8871
7399	8872
6797	8873
4891	8874
531	8875
6306	8876
5856	8877
7562	8878
2893	8879
5969	8880
2450	8881
3666	8882
5118	8883
6641	8884
7156	8885
921	8886
3749	8887
7945	8888
9139	8889
359	8890
6298	8891
5437	8892
5248	8893
4185	8894
1059	8895
1348	8896
697	8897
1551	8898
8506	8899
7912	8900
6798	8901
6299	8902
8022	8903
4327	8904
9365	8905
5533	8906
5367	8907
8346	8908
8511	8909
6292	8910
7758	8911
1294	8912
6334	8913
5061	8914
5960	8915
2440	8916
5551	8917
1248	8918
4428	8919
5299	8920
5360	8921
5352	8922
6699	8923
3982	8924
7536	8925
3309	8926
7934	8927
5244	8928
9075	8929
2930	8930
9625	8931
4579	8932
7206	8933
277	8934
6269	8935
2143	8936
2894	8937
1526	8938
4091	8939
2639	8940
3024	8941
5696	8942
3174	8943
9342	8944
2086	8945
4055	8946
7091	8947
3487	8948
5744	8949
6482	8950
3087	8951
8940	8952
3887	8953
9587	8954
5122	8955
9609	8956
1859	8957
9641	8958
7138	8959
2216	8960
6296	8961
237	8962
6012	8963
7048	8964
4993	8965
9526	8966
8442	8967
5160	8968
3874	8969
6262	8970
6217	8971
6632	8972
1837	8973
9234	8974
7154	8975
5180	8976
4862	8977
7795	8978
5777	8979
9510	8980
4512	8981
4113	8982
3931	8983
8625	8984
7707	8985
1328	8986
3078	8987
941	8988
195	8989
666	8990
230	8991
8463	8992
6321	8993
8451	8994
7134	8995
4599	8996
5014	8997
3817	8998
8950	8999
7809	9000
2522	9001
6662	9002
2506	9003
8072	9004
4181	9005
4452	9006
4065	9007
3751	9008
8861	9009
5203	9010
5949	9011
3252	9012
1001	9013
1166	9014
134	9015
7353	9016
346	9017
4378	9018
2835	9019
8975	9020
6143	9021
6310	9022
9402	9023
6603	9024
5264	9025
8421	9026
7669	9027
9333	9028
270	9029
3994	9030
8569	9031
4074	9032
8157	9033
7901	9034
3251	9035
526	9036
2550	9037
8788	9038
5008	9039
7471	9040
6386	9041
1553	9042
8492	9043
6408	9044
4273	9045
1289	9046
7844	9047
8534	9048
8115	9049
7845	9050
2203	9051
4927	9052
1988	9053
1093	9054
8392	9055
1956	9056
8427	9057
9271	9058
3927	9059
4348	9060
8243	9061
5814	9062
2183	9063
7518	9064
3854	9065
6625	9066
1929	9067
6105	9068
7680	9069
3330	9070
9346	9071
2220	9072
1938	9073
216	9074
1865	9075
67	9076
8009	9077
36	9078
4563	9079
5648	9080
9495	9081
126	9082
8301	9083
6517	9084
5147	9085
693	9086
9074	9087
6142	9088
4075	9089
4429	9090
9100	9091
6679	9092
5524	9093
3542	9094
8627	9095
8803	9096
8596	9097
2733	9098
7690	9099
7760	9100
4854	9101
9590	9102
6083	9103
4641	9104
3546	9105
4219	9106
564	9107
696	9108
7643	9109
9505	9110
3679	9111
3801	9112
8279	9113
7136	9114
1745	9115
3117	9116
2757	9117
2112	9118
3399	9119
1820	9120
2677	9121
4664	9122
9251	9123
1738	9124
5197	9125
5511	9126
2341	9127
8522	9128
5906	9129
6401	9130
1320	9131
7390	9132
5162	9133
3059	9134
6739	9135
8017	9136
8935	9137
7637	9138
6039	9139
7718	9140
3738	9141
5476	9142
5321	9143
268	9144
5726	9145
2463	9146
8371	9147
9145	9148
6608	9149
1680	9150
3138	9151
4301	9152
5171	9153
9599	9154
5237	9155
8860	9156
1572	9157
8918	9158
3372	9159
4722	9160
4066	9161
6283	9162
8954	9163
3302	9164
8819	9165
93	9166
7286	9167
7041	9168
7744	9169
2851	9170
5922	9171
7880	9172
7785	9173
1687	9174
830	9175
2772	9176
6413	9177
5310	9178
3879	9179
6471	9180
3895	9181
8219	9182
1509	9183
6381	9184
8376	9185
2585	9186
2199	9187
3310	9188
5815	9189
114	9190
1804	9191
5597	9192
542	9193
5410	9194
8239	9195
6687	9196
8885	9197
5489	9198
8594	9199
54	9200
3112	9201
362	9202
7924	9203
7375	9204
592	9205
502	9206
544	9207
5528	9208
8503	9209
3593	9210
6903	9211
2525	9212
4984	9213
4723	9214
6154	9215
2972	9216
2371	9217
4072	9218
197	9219
7632	9220
9037	9221
7766	9222
3272	9223
170	9224
3882	9225
1894	9226
1795	9227
72	9228
1459	9229
6184	9230
273	9231
5848	9232
2741	9233
3008	9234
8321	9235
3989	9236
3746	9237
1200	9238
8647	9239
6082	9240
9054	9241
7668	9242
4031	9243
1961	9244
4203	9245
1730	9246
7873	9247
9529	9248
1812	9249
2946	9250
3718	9251
7064	9252
5222	9253
5259	9254
8785	9255
2753	9256
7996	9257
846	9258
9085	9259
1803	9260
8128	9261
5854	9262
3729	9263
1741	9264
7284	9265
6445	9266
5311	9267
9012	9268
6806	9269
8130	9270
4557	9271
6030	9272
4606	9273
4310	9274
58	9275
500	9276
2110	9277
4829	9278
1325	9279
1310	9280
8199	9281
4145	9282
2613	9283
7542	9284
3223	9285
4932	9286
3157	9287
5457	9288
2013	9289
4274	9290
5881	9291
7677	9292
7003	9293
5930	9294
7094	9295
7247	9296
9020	9297
8139	9298
9323	9299
2166	9300
9232	9301
4027	9302
8323	9303
4507	9304
3916	9305
8106	9306
3070	9307
5199	9308
7755	9309
5849	9310
9361	9311
23	9312
5242	9313
1041	9314
4421	9315
928	9316
5793	9317
6189	9318
9220	9319
254	9320
7406	9321
3073	9322
261	9323
1188	9324
8966	9325
8133	9326
3177	9327
6433	9328
4285	9329
9135	9330
8038	9331
8655	9332
1492	9333
9080	9334
552	9335
659	9336
6468	9337
9006	9338
888	9339
4956	9340
3505	9341
9397	9342
8060	9343
5170	9344
129	9345
648	9346
7791	9347
2732	9348
6289	9349
3449	9350
8142	9351
5585	9352
9544	9353
13	9354
6916	9355
8591	9356
7385	9357
7429	9358
4063	9359
6291	9360
6614	9361
5165	9362
6238	9363
6923	9364
679	9365
3001	9366
7388	9367
207	9368
9678	9369
251	9370
9659	9371
2769	9372
8807	9373
529	9374
1467	9375
9461	9376
5394	9377
176	9378
898	9379
2583	9380
4994	9381
7628	9382
8683	9383
5092	9384
6942	9385
2777	9386
7890	9387
7555	9388
2551	9389
2472	9390
3959	9391
7363	9392
9500	9393
242	9394
8800	9395
6827	9396
214	9397
8673	9398
2674	9399
2094	9400
4897	9401
668	9402
4420	9403
2202	9404
3394	9405
1793	9406
1857	9407
2179	9408
3418	9409
3111	9410
7259	9411
7140	9412
1970	9413
8817	9414
5404	9415
635	9416
934	9417
5017	9418
3279	9419
7623	9420
7487	9421
4248	9422
7458	9423
8544	9424
4061	9425
1199	9426
8616	9427
8708	9428
84	9429
4405	9430
5176	9431
9318	9432
6760	9433
9624	9434
5721	9435
3183	9436
8991	9437
68	9438
9264	9439
4857	9440
5569	9441
7410	9442
7319	9443
280	9444
8697	9445
9539	9446
2217	9447
6749	9448
6069	9449
78	9450
1450	9451
6872	9452
6720	9453
6893	9454
1490	9455
8578	9456
9016	9457
8572	9458
2527	9459
2050	9460
3644	9461
5912	9462
6714	9463
5892	9464
6208	9465
239	9466
897	9467
3864	9468
5529	9469
5500	9470
3977	9471
7850	9472
3104	9473
6200	9474
6701	9475
6117	9476
2845	9477
5325	9478
4026	9479
7604	9480
749	9481
8688	9482
7505	9483
4534	9484
8340	9485
3875	9486
2306	9487
6554	9488
595	9489
8779	9490
5034	9491
8011	9492
2483	9493
7103	9494
453	9495
448	9496
450	9497
4542	9498
3026	9499
8945	9500
8738	9501
1841	9502
6818	9503
1493	9504
786	9505
5078	9506
6020	9507
5456	9508
8812	9509
3071	9510
3648	9511
5530	9512
4050	9513
306	9514
6286	9515
2704	9516
3598	9517
9538	9518
3166	9519
7	9520
8913	9521
7639	9522
7920	9523
9444	9524
6848	9525
651	9526
19	9527
2931	9528
5590	9529
2309	9530
7526	9531
7789	9532
6074	9533
3278	9534
8327	9535
8901	9536
5967	9537
4439	9538
2711	9539
3958	9540
36	9541
6980	9542
6363	9543
2362	9544
3405	9545
3218	9546
5217	9547
672	9548
2779	9549
478	9550
9044	9551
1758	9552
2150	9553
9030	9554
130	9555
130	9556
9351	9557
1373	9558
3695	9559
9540	9560
2539	9561
7888	9562
2647	9563
9290	9564
8461	9565
2514	9566
3944	9567
9202	9568
6335	9569
2244	9570
893	9571
8561	9572
9269	9573
8159	9574
2518	9575
6508	9576
4134	9577
321	9578
8593	9579
8654	9580
5592	9581
4659	9582
8586	9583
4973	9584
6613	9585
9550	9586
9108	9587
7277	9588
4607	9589
2294	9590
593	9591
759	9592
49	9593
4633	9594
4624	9595
5278	9596
7571	9597
8635	9598
5322	9599
3190	9600
1263	9601
3	9602
3954	9603
4139	9604
4817	9605
8398	9606
3165	9607
3853	9608
3050	9609
916	9610
7472	9611
3497	9612
8849	9613
1707	9614
10	9615
1479	9616
2701	9617
8449	9618
8974	9619
4703	9620
6384	9621
3173	9622
3	9623
8385	9624
2709	9625
7502	9626
6855	9627
2181	9628
201	9629
6273	9630
7895	9631
8343	9632
2685	9633
2148	9634
4231	9635
6392	9636
8045	9637
6251	9638
807	9639
4331	9640
4160	9641
6356	9642
6479	9643
7177	9644
1910	9645
8941	9646
6341	9647
2945	9648
37	9649
6693	9650
9517	9651
3194	9652
6314	9653
2670	9654
931	9655
3696	9656
2607	9657
7047	9658
259	9659
1119	9660
6633	9661
7578	9662
9366	9663
363	9664
2047	9665
8564	9666
4999	9667
7710	9668
968	9669
2650	9670
2405	9671
5387	9672
6405	9673
9542	9674
5981	9675
4635	9676
4866	9677
805	9678
5251	9679
2039	9680
6424	9681
1025	9682
1305	9683
6113	9684
4697	9685
8145	9686
3260	9687
3331	9688
8341	9689
2145	9690
6382	9691
1052	9692
9064	9693
7264	9694
4779	9695
5478	9696
9095	9697
581	9698
3473	9699
751	9700
829	9701
8780	9702
7802	9703
2871	9704
6748	9705
6957	9706
2560	9707
5891	9708
6788	9709
915	9710
2943	9711
55	9712
188	9713
1706	9714
7435	9715
7329	9716
1033	9717
2928	9718
5786	9719
5002	9720
3247	9721
6387	9722
1175	9723
3474	9724
4863	9725
262	9726
7972	9727
8269	9728
2016	9729
7977	9730
4391	9731
7027	9732
811	9733
7722	9734
6860	9735
6551	9736
2045	9737
272	9738
5577	9739
6031	9740
49	9741
8182	9742
6913	9743
135	9744
7806	9745
97	9746
8915	9747
528	9748
8090	9749
4359	9750
8257	9751
9358	9752
757	9753
3733	9754
4528	9755
6015	9756
8602	9757
8742	9758
6201	9759
8112	9760
349	9761
2778	9762
9491	9763
6275	9764
3510	9765
6436	9766
2659	9767
3602	9768
8253	9769
7119	9770
6207	9771
8433	9772
192	9773
543	9774
8409	9775
6778	9776
3489	9777
1669	9778
6745	9779
3833	9780
7218	9781
5966	9782
2433	9783
7062	9784
3638	9785
4794	9786
9341	9787
7893	9788
6203	9789
2351	9790
7516	9791
6345	9792
8333	9793
8228	9794
1091	9795
1542	9796
909	9797
2393	9798
9164	9799
3831	9800
8920	9801
4088	9802
4068	9803
4324	9804
5522	9805
2160	9806
1913	9807
5267	9808
2000	9809
5761	9810
2451	9811
6244	9812
1681	9813
4323	9814
4640	9815
5620	9816
7427	9817
6747	9818
6494	9819
5989	9820
2029	9821
3045	9822
1676	9823
6281	9824
4423	9825
6185	9826
6010	9827
6369	9828
4337	9829
1643	9830
2672	9831
6317	9832
6919	9833
5952	9834
4549	9835
5740	9836
2686	9837
5775	9838
8589	9839
784	9840
7746	9841
8382	9842
9276	9843
7666	9844
6504	9845
5607	9846
4233	9847
5005	9848
168	9849
4602	9850
3281	9851
7078	9852
6250	9853
6346	9854
4968	9855
9055	9856
3575	9857
6274	9858
7350	9859
125	9860
9153	9861
9191	9862
8786	9863
1478	9864
1787	9865
1984	9866
264	9867
5599	9868
4869	9869
2300	9870
6506	9871
4	9872
9405	9873
6822	9874
5785	9875
8555	9876
1982	9877
332	9878
6972	9879
7858	9880
8292	9881
4842	9882
5819	9883
1510	9884
8890	9885
73	9886
5506	9887
9629	9888
2100	9889
2153	9890
4212	9891
9316	9892
1102	9893
3200	9894
8248	9895
7554	9896
195	9897
584	9898
3687	9899
6589	9900
1227	9901
1818	9902
8899	9903
9637	9904
222	9905
3797	9906
7012	9907
47	9908
6	9909
5430	9910
4763	9911
2533	9912
2747	9913
9432	9914
935	9915
175	9916
3333	9917
5407	9918
6932	9919
5113	9920
9415	9921
9677	9922
297	9923
5842	9924
5371	9925
128	9926
2632	9927
8825	9928
3100	9929
8166	9930
7892	9931
4912	9932
7128	9933
4868	9934
2054	9935
9395	9936
8710	9937
4207	9938
1	9939
6209	9940
2391	9941
9204	9942
8093	9943
1347	9944
8217	9945
1343	9946
4991	9947
6659	9948
5884	9949
1869	9950
8431	9951
8423	9952
1749	9953
8240	9954
6734	9955
5630	9956
6311	9957
3929	9958
2261	9959
1109	9960
3972	9961
151	9962
547	9963
5020	9964
4746	9965
2988	9966
1461	9967
237	9968
9175	9969
7557	9970
8135	9971
3398	9972
6560	9973
4667	9974
4554	9975
6320	9976
6447	9977
8751	9978
2329	9979
4707	9980
4810	9981
3212	9982
6856	9983
742	9984
8255	9985
9260	9986
9029	9987
7875	9988
5501	9989
7642	9990
61	9991
8809	9992
5792	9993
1831	9994
6697	9995
4631	9996
3962	9997
3234	9998
6118	9999
3463	10000
