471	101	11	22.69
101	1102	8	26.27
119	1269	5	35
101	2170	3	8.22
104	788	7	27.31
283	14	9	4.9
101	2306	4	13.88
105	433	6	13.28
794	112	5	25.78
317	14	10	8.6
101	3502	3	12.94
159	110	7	6.58
108	225	5	8.02
140	319	9	60.64
108	292	3	4.2
104	3328	3	18.09
438	101	6	4.94
137	400	8	54.34
114	867	5	26.54
310	109	4	8.58
1267	196	8	99.06
103	664	8	29.25
103	816	11	55.11
488	114	3	9.13
103	748	3	5.8
12	457	4	5.34
249	155	5	27.84
2663	102	5	29.25
2513	102	5	29.25
101	4597	3	17.32
116	117	17	13.63
148	154	23	140.34
114	3224	3	22.23
172	105	9	4.14
105	182	65	287.41
172	168	7	35.39
492	123	3	11.57
106	930	5	17.78
850	1292	3	41.23
107	148	10	8.93
181	2075	6	74.5
102	440	8	18.15
108	1747	5	32.53
330	180	5	36.07
102	873	3	5.49
2204	102	6	35.83
1334	102	4	12.91
1003	112	3	13.58
268	103	5	4.47
108	937	5	24.48
753	104	8	31.93
109	339	3	5.49
141	304	3	13.13
1470	104	4	15.96
185	125	3	5.13
109	441	9	41.61
982	8	3	15.54
119	971	3	15.44
146	586	3	18.67
12	715	3	4.95
1024	102	4	10.44
170	546	3	21.08
1490	4675	3	59.08
151	189	144	1920.67
610	108	4	13.71
106	103	108	5
1443	14	3	4.88
117	127	12	12.5
122	418	4	15.94
142	1470	3	24.39
617	141	3	17.97
104	281	34	165.77
106	2962	3	16.06
106	211	10	13.1
451	504	3	30.38
288	12	5	4.25
105	2173	3	13.24
109	1194	3	13.69
455	14	10	16.09
2547	14	4	14.96
848	14	8	20.21
236	124	3	7.95
351	117	5	18.86
132	286	3	10.67
1140	102	4	11.56
101	1250	5	12.46
448	111	3	8.4
229	327	4	31.61
105	3507	3	18.16
128	114	18	23.31
1535	131	3	22.17
137	809	4	27.97
181	7	3	7.3
178	1214	3	27.43
1048	106	3	8.24
532	154	3	19.1
1658	14	5	16.07
316	102	7	8.96
261	115	4	10.35
104	367	4	4.6
135	124	27	98.39
104	539	9	31.97
588	14	7	10.26
101	3103	4	18.2
105	842	6	22.13
430	110	4	11.95
162	873	3	23.53
5026	141	3	36.7
1076	101	5	10.92
3161	125	4	39.51
122	775	3	14.28
528	12	5	10.14
507	101	5	4.01
116	129	8	4.46
221	104	8	8.47
749	113	4	17.88
104	876	8	35.85
104	1048	7	32.25
530	199	4	33.49
502	106	3	3.97
2558	115	4	32.87
124	170	8	23.99
101	738	12	40.12
703	147	4	29.2
12	410	13	43.51
756	102	6	16.75
105	1474	5	22.81
143	129	17	61.92
2238	104	3	13.17
114	2298	5	39.87
159	155	30	213.59
700	125	3	15.72
114	914	3	12.95
196	143	5	20.26
489	102	4	4.96
115	163	6	8.61
147	132	6	12.21
106	2001	3	12.34
2770	115	3	23.65
606	102	15	67.46
101	951	4	6.03
296	117	8	34.63
124	497	3	13.39
105	585	3	4.71
121	167	8	18.09
457	114	3	8.65
101	2257	3	8.22
1365	128	5	40.35
304	14	9	5.99
137	121	46	195.83
717	102	17	91.62
103	846	4	11.05
2020	108	3	16.41
101	1882	3	7.31
571	102	4	6
105	1427	3	10.09
1540	113	3	16.73
133	3248	3	27.87
162	409	3	18.2
12	3946	4	28.88
3631	101	3	12.94
1016	116	3	15.26
116	204	3	3.93
291	1217	4	47.06
124	175	3	4.45
369	147	8	57.77
106	1032	3	8.24
101	613	19	77.83
124	225	3	7.58
101	665	11	30.82
2641	102	3	12.63
1119	14	5	10.82
225	126	4	12.7
101	920	9	29.37
8	209	3	4.39
101	1004	9	30.84
105	463	15	65.17
136	142	4	5.85
104	670	6	18.94
206	109	10	25.68
119	484	7	37.47
166	827	5	44.61
103	2381	3	13.04
127	322	8	44.34
256	126	7	32.74
101	1764	5	16.96
466	102	12	38.73
650	14	6	8.36
2894	14	3	10.28
105	1732	7	43.32
349	1709	3	36.91
1559	14	3	5.42
320	9	7	32.11
123	101	68	9.32
103	1146	4	13.62
157	208	3	11.7
204	114	4	5.37
1205	101	4	8.08
426	118	7	34.82
101	2646	3	9.35
3128	102	3	14.15
111	629	4	16.25
739	14	8	17.61
105	761	3	6.23
111	936	3	13.04
108	1673	4	23.59
122	344	3	8.9
105	717	3	5.73
3150	1465	4	73.34
254	101	24	50.42
127	1781	3	22.28
101	1511	7	28.54
113	554	4	15.32
107	1957	3	16.19
114	133	31	74.22
141	271	3	12.31
824	117	4	20.99
1824	14	3	6.8
160	115	5	5.41
233	335	3	22.27
118	529	6	31.13
261	112	4	8.54
126	103	45	44.99
107	1972	4	24.55
2919	102	4	22.73
1395	14	3	4.88
1075	102	3	6.51
2670	109	3	19.27
179	133	3	5.77
108	1010	3	11.73
141	125	6	8.61
160	127	5	9.78
101	3017	3	10.82
348	440	4	39.01
135	261	3	10.52
683	104	3	5.45
226	124	3	7.58
365	117	3	8.6
938	731	3	37.93
102	922	7	26.03
2439	110	3	19.53
133	115	18	33.27
107	898	3	10.79
518	154	5	36.93
631	117	3	12.29
218	101	16	13.4
440	104	7	17.75
129	233	3	8.52
148	964	3	22.3
1122	12	11	65.06
118	287	3	7.16
114	435	26	201.7
576	381	3	30.07
285	103	5	5
1101	106	3	8.24
2953	106	3	16.06
12	844	3	5.97
106	1448	3	10.17
716	14	6	9.26
278	16	4	21.89
257	1265	7	90.23
1243	126	4	28.9
110	1750	3	16.45
105	1176	3	8.57
769	102	8	28.27
101	1675	4	11.3
103	1054	12	74.81
525	101	11	25.48
1792	125	3	21.97
107	1290	3	13.37
137	445	4	22.5
144	131	4	5.04
13	259	3	18.32
125	630	3	14.96
3283	14	3	10.28
103	3285	3	15.78
1941	14	3	6.8
148	278	10	70.96
270	14	17	24.49
1737	102	3	9.68
105	312	8	16.1
111	392	4	11.9
114	3239	4	33.58
308	610	3	28.76
811	185	3	25.05
107	343	9	33.09
840	114	3	12.61
210	155	3	11.35
101	1991	5	18.63
481	1402	3	37.94
277	111	3	5.23
109	724	3	10.39
101	3320	3	12.94
105	1432	4	16.05
131	163	3	4.14
2132	14	4	13.16
226	117	3	5.31
1278	14	3	4.4
1282	2856	5	97.42
125	439	3	12.65
1706	120	9	93.16
1937	14	4	11.76
103	1452	5	22.49
259	701	4	40.52
1388	101	7	26.45
174	104	14	16.1
110	229	27	143.2
129	369	4	18.07
101	2954	3	10.82
2319	104	3	13.17
105	1952	4	19.24
549	103	4	7.58
105	3297	4	25.19
170	110	7	8.59
101	1537	3	5.91
12	699	11	48.26
431	103	4	5.78
123	203	3	4.71
543	128	9	65.44
669	134	3	16.39
16	117	5	5.22
1673	128	3	22.54
101	1163	8	27.76
2008	14	5	17.72
545	101	11	26.26
1079	109	3	12.76
2059	109	7	58.25
211	129	4	11.61
201	131	4	11.35
1271	3433	4	77.49
2622	125	5	50.25
109	576	10	55.68
246	369	3	23.39
122	434	5	22.69
579	101	8	14.98
111	787	3	11.73
725	101	8	18.95
148	903	5	42.3
462	103	7	18.23
107	961	3	11.14
1763	102	3	9.68
1161	14	4	6.85
101	572	10	22.56
85	106	3	4.43
103	1315	3	9.35
101	469	16	45.22
2485	105	3	14.43
1911	120	4	30.34
643	14	10	23.23
101	2186	5	20.72
3666	130	3	29.63
248	103	7	8.77
1994	102	5	24.2
886	102	4	9.5
2498	14	5	22.65
117	650	4	19.09
103	1643	4	17.76
106	795	4	10.98
102	101	1699	4015.95
984	12	3	6.93
506	109	3	8.04
153	134	6	13.81
109	918	5	25.54
262	102	10	15.12
114	2221	3	19.43
108	112	134	369.49
101	3315	3	12.94
252	134	3	9.78
295	123	3	8.14
131	103	49	63.85
735	105	4	10.12
103	800	5	15.59
138	1850	3	25.65
287	233	3	21.12
124	127	9	11.39
107	332	8	26.88
127	1184	3	19.23
1086	125	4	27.2
101	4461	3	17.32
2387	225	3	35.37
270	112	4	8.94
111	588	4	15.64
111	377	8	34.19
111	453	4	13.41
130	344	4	17.63
107	184	5	4.06
2910	102	5	34.59
359	322	4	36.1
847	14	8	20.21
103	2050	4	18.99
105	263	5	4.5
155	608	3	19.99
105	314	18	65.74
172	133	9	33.08
2	1274	3	20.27
116	261	3	6.38
1037	9	3	16.73
104	860	3	6.72
143	144	3	4.7
114	643	11	70.94
661	126	4	23.05
191	103	9	6.27
2080	115	3	20.85
2316	102	4	18.3
1797	14	4	10.61
181	1092	3	26.7
175	733	3	23.72
127	218	3	7.3
2043	106	3	12.34
1280	2885	3	51.07
101	1625	7	31.11
182	235	4	23.57
216	134	17	104.78
156	481	3	18.74
17	101	16	7.63
360	181	3	19.08
1085	12	3	7.31
415	104	4	5.43
937	113	9	63.17
165	413	3	18.66
132	673	3	16.55
104	2085	5	29.28
119	373	9	46.77
162	101	42	50.06
491	610	6	74
101	2137	5	20.72
104	757	4	10.4
1298	103	3	9.35
134	124	13	27.45
380	317	3	25.54
101	935	4	6.03
104	2399	3	14.36
101	1011	6	14.62
119	1825	3	20.2
104	105	169	65.53
129	193	5	14.56
1590	112	5	34.24
108	1990	3	16.41
2352	14	3	7.7
659	101	6	9.27
101	498	15	43.21
178	318	3	18.06
102	649	4	7.03
452	791	3	33.58
288	118	6	22.17
624	101	7	12.31
101	1115	4	7.49
103	594	3	4.55
101	1317	3	4.86
103	443	4	5.95
101	3985	3	12.94
806	120	9	65.76
101	4137	4	23.09
1022	14	5	9.44
433	120	4	15.99
211	117	17	79.76
639	106	3	5.16
109	110	26	5.56
1614	102	5	21.05
104	1114	3	8.51
504	102	4	5.15
126	163	11	38.21
179	121	10	30.42
526	113	3	9.58
101	1438	5	14.4
101	1370	3	4.86
859	109	5	24.27
146	104	13	4.08
505	236	4	36.16
110	5065	3	27.79
101	243	49	179.85
106	534	3	4.27
1433	12	4	14.85
101	169	133	544.01
226	129	3	8.21
2684	145	3	29.2
247	105	7	9.11
1995	14	3	6.8
101	3119	3	10.82
1129	121	3	16.62
117	497	3	10.87
642	102	19	101.65
1348	14	3	4.4
101	1241	7	23.16
103	573	9	32.29
192	136	3	7.06
12	677	9	34.06
12	753	3	5.18
103	2759	4	22.34
593	103	3	4.55
166	132	3	4.65
236	117	3	5.65
109	439	10	48.58
294	105	7	11.61
185	130	30	193.87
140	817	3	19.83
2874	1653	5	101.36
340	244	3	22.7
689	102	4	7.32
1321	117	3	17.22
122	404	3	9.98
105	956	7	30.19
298	158	4	22.99
298	111	5	14.11
106	153	13	6.62
101	375	18	44.71
288	109	3	4.56
1042	181	8	90.72
344	104	5	6.87
145	148	5	13.39
472	242	4	36.05
110	322	3	5.43
110	255	4	7.21
110	203	6	10.17
101	3036	4	18.2
135	117	10	11.26
719	106	4	9.88
122	253	9	39.43
12	3624	4	28.88
105	777	4	10.49
226	3122	3	38.2
4010	14	3	12.38
2018	14	5	17.72
1102	14	4	6.33
656	212	10	112.94
195	140	3	8.52
109	230	7	17.04
122	1600	4	28.36
122	1532	3	19.17
4045	14	3	12.38
539	106	4	7.9
261	225	8	69.86
152	253	3	13.55
174	1462	3	28.33
126	232	3	8.17
103	318	13	38.06
726	12	3	5.18
114	2620	4	30.96
105	1411	4	16.05
623	158	5	40.06
130	1518	6	54.85
162	1195	5	48.93
224	133	6	24.52
104	1820	4	19.15
119	101	170	178.29
890	113	4	19.61
3204	102	4	22.73
158	221	8	49.02
557	284	4	39.46
1472	130	5	41.78
231	269	22	249.88
124	112	14	10.46
899	102	4	9.5
1603	14	3	5.42
130	247	3	9.27
173	475	4	29.5
101	2475	3	9.35
103	3264	3	15.78
116	272	3	6.76
276	165	4	23.44
2225	101	3	8.22
116	592	3	11.79
173	180	3	11.41
101	2152	3	8.22
103	3571	3	17.96
238	106	7	8.45
732	14	9	22.15
101	884	7	17.62
2607	14	3	8.82
225	159	5	27.1
105	4022	3	18.16
115	103	77	76.02
109	4176	3	27.53
101	1644	7	31.11
114	2243	4	29.06
2355	113	6	51.96
108	127	24	27.78
103	2365	4	20.47
101	5523	3	17.32
12	261	9	13.98
127	125	7	6.5
844	105	4	11.29
952	106	3	7.5
143	374	3	15.13
1415	14	4	8.81
248	221	3	18.97
144	146	4	8.6
8	9	16	16.23
106	608	4	8.67
496	116	3	10.81
134	144	6	11.9
406	610	3	30.71
274	233	3	20.75
203	171	4	19.28
104	1034	5	18.94
104	1109	5	19.74
116	124	12	11.1
101	2424	3	9.35
479	117	7	36.76
836	108	5	23.22
136	481	3	15.08
143	124	9	20.16
1078	134	3	19.66
103	2529	3	14.24
143	223	3	10.66
119	321	10	50.48
864	261	3	29.71
404	118	10	55.95
1750	104	4	17.92
1909	118	4	29.81
416	9	3	10.54
1892	204	4	46.61
1451	102	3	8.37
114	168	11	24.87
838	115	3	13.99
1811	102	3	9.68
101	1408	5	14.4
101	1468	5	14.4
103	244	29	114.52
145	105	21	18.2
4256	147	3	37.78
102	886	7	25.07
101	340	23	63.72
101	273	41	148.59
106	357	4	4.38
103	1573	6	31.56
133	14	93	90.06
101	5106	3	17.32
104	521	10	37.15
117	141	25	78.83
284	509	3	27.1
218	116	3	4.65
105	941	7	30.19
162	698	3	21.95
129	167	3	4.28
104	136	39	48.58
101	2677	3	9.35
129	104	24	7.65
129	249	3	9.13
107	1018	4	17.83
666	120	5	26.94
1014	108	3	11.73
103	1318	5	21.39
125	1586	5	41.82
1709	102	3	9.68
103	421	6	12.38
113	280	4	9.18
2987	104	3	15.9
322	105	5	6.37
166	108	28	93.68
3239	14	3	10.28
127	813	7	52.87
101	1162	3	4.03
113	210	6	12.44
103	1316	5	21.39
106	283	5	5.22
162	724	4	32.15
396	212	4	31.64
101	2699	4	15.68
155	328	5	31.27
698	335	3	30.44
122	182	12	42.91
3625	102	3	16.32
1748	102	3	9.68
110	188	6	8.21
583	12	3	3.96
4092	118	3	26.15
107	637	4	13.74
721	12	4	8.67
202	111	4	5.04
101	142	81	132.04
103	1451	3	9.91
181	164	3	10.91
895	118	6	38.52
8	1624	6	48.27
1280	4575	3	57.8
101	1418	5	14.4
126	152	4	5.45
205	105	11	14.77
140	1103	5	42.09
2649	102	3	12.63
119	647	3	12.64
110	1455	3	15.06
101	3828	4	23.09
460	121	3	10.76
1598	14	3	5.42
488	14	13	30.04
101	1997	5	18.63
101	2100	6	29.01
12	390	6	10.12
110	1894	3	17.3
363	104	6	10.68
143	101	29	6.13
105	1366	3	9.53
235	113	3	4.17
101	2502	4	15.68
101	4462	3	17.32
270	113	5	13.24
349	341	13	153.33
114	2008	7	61.5
299	115	47	412.13
101	983	7	19.52
1211	102	4	12.2
2336	102	3	11.45
496	110	4	13.25
283	114	9	35.16
101	2245	7	40.42
111	200	9	23.24
105	554	3	4.37
104	2101	4	20.63
101	3639	4	23.09
408	111	3	7.69
317	114	3	6.2
140	275	3	12.36
281	12	5	4.04
1109	115	3	15.95
438	117	6	28.15
706	126	4	23.77
182	150	17	111.8
101	1741	5	16.96
655	108	5	20.24
2720	14	3	8.82
2365	102	3	11.45
196	228	3	16.66
300	106	5	5.81
415	105	6	12.45
105	1338	4	15.24
104	1875	3	12.19
1418	14	3	4.88
868	123	3	15.14
428	14	16	38.57
317	128	3	10.72
104	2086	5	29.28
166	657	3	21.92
12	224	7	5.01
453	164	3	19.41
727	136	3	17.96
2119	3372	3	57.24
1519	141	8	87.99
438	129	6	34.72
256	114	4	8.58
102	320	6	6.57
107	436	7	26.26
103	1795	6	33.52
296	101	16	26.86
106	707	6	19.78
2618	1715	3	51.53
101	1070	7	20.61
111	115	31	35.65
1747	14	5	16.07
446	105	4	6.16
101	2198	4	13.88
313	102	20	66.11
836	132	3	18.03
2148	102	4	18.3
1108	106	3	8.65
3192	120	3	24.33
158	165	3	8.69
12	477	4	5.71
249	125	3	8.59
112	208	7	16.27
432	104	5	9.3
962	102	3	5.8
143	145	3	4.7
101	3217	4	18.2
3291	14	3	10.28
128	14	46	3.92
1479	102	3	8.37
101	3813	3	12.94
628	12	3	4.33
361	133	4	18.53
104	1113	7	33.52
316	187	3	18.46
953	118	5	30.62
135	111	14	16.04
110	129	50	137.89
389	133	3	12.81
409	9	3	10.4
104	353	8	17.83
109	1373	3	14.8
111	994	5	28.06
486	345	3	28.09
273	108	5	10.51
761	102	3	4.68
3673	102	3	16.32
104	4773	3	22.54
1004	14	5	9.44
254	110	5	10.95
120	105	52	33.73
106	132	22	7.59
103	1212	8	42.69
102	724	4	7.96
102	648	4	7.03
702	120	3	13.45
232	105	16	40.9
101	2652	5	23.58
877	196	16	217.16
241	202	66	909.67
130	881	3	18.01
122	450	3	10.86
284	440	3	26.02
122	382	7	34.28
109	409	7	27.12
351	101	11	14.92
132	167	6	16.59
122	1293	3	17.91
126	415	4	18.74
101	1183	7	21.81
278	14	26	60.95
113	163	15	38.77
487	102	13	46.06
2357	187	3	32.42
101	5090	3	17.32
2370	118	4	31.33
566	102	25	150.03
106	404	5	8.67
672	102	3	4.01
325	14	25	66.6
114	1595	6	44.47
1251	14	4	7.43
101	1392	9	41.76
526	115	3	11
822	912	4	53.68
1181	126	3	19.19
1660	138	5	48.03
219	117	5	12.3
931	105	3	7.42
104	1191	4	14.43
361	208	3	20.87
628	9	3	13.26
109	289	4	8.12
109	229	5	9.19
316	111	5	14.58
181	3078	4	50.61
105	1919	3	12.26
114	5045	3	28.92
114	3008	5	48.21
2222	187	3	32.42
201	109	6	9.59
142	2	5	6.88
223	181	10	74.37
152	582	3	19.6
108	847	4	16.62
101	1315	8	31.37
500	123	12	83.27
103	513	5	10.92
164	105	29	61.12
123	117	11	5.22
103	1163	3	8.4
103	1231	3	8.85
193	105	14	20.73
103	1334	7	36.24
101	376	7	5.44
1133	14	5	10.82
370	234	3	22.87
101	2729	4	15.68
409	502	3	29.59
419	200	9	86.32
171	109	10	17.39
129	148	12	38.76
149	318	3	14.94
122	582	4	19.05
107	413	3	5.96
524	111	5	20.8
1175	101	4	7.49
144	165	7	27.71
111	112	46	62.77
101	2151	3	8.22
154	333	3	15.71
119	1268	3	17.34
101	4187	3	17.32
108	276	6	14.75
2503	14	3	8.82
119	348	10	52.07
103	2246	4	20.47
1342	102	7	32.45
234	102	7	4.94
428	126	3	12.62
1068	145	3	22.54
119	558	8	48.06
113	743	19	165.39
277	190	9	73.64
535	104	6	15.8
304	114	7	25.14
114	653	9	54.4
137	236	3	10.37
1697	104	3	11.36
108	377	3	5.57
165	184	3	11.16
987	102	3	6.14
377	14	12	18.05
4357	14	3	16.76
162	1194	4	36.94
235	128	6	24.97
103	2621	3	14.24
224	134	3	8.31
295	147	5	28.45
103	2501	3	14.24
101	3290	3	10.82
130	103	63	104.69
122	761	4	21.49
728	105	3	5.97
116	338	3	8.1
386	111	3	7.31
517	141	3	16.92
104	1035	7	32.25
104	1110	4	13.77
328	12	6	8.11
1132	102	4	11.56
811	14	4	4.35
101	781	4	4.59
105	5085	3	22.61
798	105	3	6.49
2701	14	3	8.82
308	1956	3	37
101	1974	4	12.46
127	426	4	19.19
101	5360	3	17.32
1683	118	3	19.25
119	320	5	18.13
235	114	3	4.24
1657	111	4	25.92
664	111	4	16.57
2	8	15	21.54
300	198	7	56.93
917	125	3	17.64
159	101	73	153.08
685	109	5	21.71
103	859	6	21.76
12	218	49	214.71
102	1494	3	8.98
181	879	3	25.5
5473	102	3	20.75
106	821	4	10.98
1056	106	3	8.24
557	381	4	42.33
101	2372	6	29.01
410	104	4	5.43
1233	111	3	14.77
232	136	6	27.57
101	391	10	14.08
106	164	11	6.74
101	594	14	43.63
101	527	13	34.96
748	102	5	12.09
149	244	9	58.97
2073	14	3	6.8
129	105	68	122.77
653	112	3	10.83
129	301	4	16.17
783	102	3	4.68
4569	14	3	16.76
132	193	3	6.45
1058	117	3	15.74
166	182	3	11.08
570	114	3	10.05
105	3600	3	18.16
114	420	12	66.67
101	1153	7	21.81
3345	509	4	68.65
103	498	4	6.91
101	1288	4	8.74
103	347	13	40.55
219	129	3	7.59
101	1407	6	20.06
101	1467	4	9.48
245	911	5	55.19
1341	14	3	4.4
5122	102	3	20.75
101	3771	3	12.94
1723	102	4	15.62
122	108	83	217.14
3826	102	3	16.32
105	625	3	5.09
117	392	3	9.08
104	522	11	43.28
553	228	3	25.59
110	306	16	79.61
104	386	12	39.54
101	341	18	40.03
104	2886	4	25.09
106	415	6	12.6
2929	118	4	35.86
109	698	5	22.17
103	2595	3	14.24
109	646	4	15.15
200	104	8	6.18
521	9	8	49.19
1176	231	3	30.59
101	2065	3	7.31
9	292	4	13.1
156	143	3	6.03
555	103	7	20.82
461	134	3	14.15
287	105	15	45.68
103	1942	6	35.93
106	1015	3	7.85
107	149	23	52.65
1779	106	4	18.13
280	154	6	37.31
442	128	3	13.2
102	364	7	10.92
103	3231	3	15.78
207	566	12	135.24
148	155	4	10.59
105	231	16	40.54
104	789	7	27.31
101	2305	4	13.88
303	104	5	5.62
1557	147	3	25.59
168	14	27	15.92
102	188	11	6.6
102	230	11	14.71
8	1457	7	57.6
577	106	3	4.78
291	110	11	44.98
220	126	3	7.31
196	14	19	12.01
803	102	10	42.1
119	509	6	30.89
101	3655	3	12.94
140	142	4	7.23
586	139	3	17.68
140	318	3	13.4
865	113	6	34.2
16	101	26	9.8
107	1744	3	15.34
250	113	3	4.76
1637	2	3	22.28
1199	982	3	41.81
103	360	15	52.71
3135	102	3	14.15
4055	102	3	16.32
469	121	3	10.76
114	4076	3	24.44
117	201	4	7.04
1534	154	9	109.9
122	501	5	24.43
653	14	6	8.36
2219	102	3	11.45
125	101	76	40.81
103	1257	4	14.27
103	1181	3	8.4
101	589	13	38.11
512	104	3	4
744	109	3	10.39
451	316	4	38.33
1204	680	11	188.58
167	144	6	22.13
237	12	8	8.96
135	271	3	10.85
104	451	7	18.12
114	3110	3	22.23
1183	102	3	6.91
123	389	5	21.61
106	1262	3	9.11
1669	104	4	17.92
104	1204	11	71.59
337	12	8	15.26
4551	101	3	17.32
126	222	7	28.26
3271	106	3	16.06
101	1505	4	10.32
344	106	4	4.27
1154	102	3	6.91
193	565	3	23.15
167	246	3	14.94
400	117	7	33.34
2060	102	5	24.2
297	335	3	24.36
135	224	3	8.81
228	114	5	11.07
174	133	6	18.45
101	2668	3	9.35
1206	8	3	16.9
109	1195	3	13.69
101	2728	3	9.35
222	263	6	47.42
105	962	3	7.42
122	569	5	25.8
117	185	7	16.69
2157	102	4	18.3
659	117	5	26.24
3090	115	4	35.49
1496	14	4	9.64
426	108	3	6.41
134	615	3	15.91
114	1341	3	15.57
101	1199	9	36.38
722	111	3	11.44
963	127	3	17.96
211	101	18	16.21
991	109	15	130.3
346	133	5	25.04
12	240	15	33.64
123	630	11	80.5
216	213	4	24.85
101	1762	5	16.96
147	131	9	24.38
103	1021	6	24.14
105	1294	3	9.53
17	117	7	17.84
1397	120	4	27.04
575	123	3	12.53
119	494	6	30.5
153	105	26	38.26
105	533	6	15.93
111	170	10	20.41
136	273	3	11.14
105	449	17	78.06
101	4326	3	17.32
401	102	20	79.31
121	105	73	82.01
121	301	5	17.79
101	4174	3	17.32
12	1509	7	38.5
103	1779	4	17.76
827	843	6	86.15
101	950	13	56.97
187	148	4	14.53
709	114	3	11.44
102	380	6	8.44
214	776	3	26.74
287	148	6	36.63
2220	14	3	7.7
652	102	6	15.17
130	163	6	14.91
592	1478	3	39.34
162	439	3	18.81
633	103	4	8.62
1319	14	4	8.08
1732	102	7	39.02
5112	138	3	36.21
191	118	4	5.91
12	493	13	49.81
112	136	16	23.21
219	630	5	48.39
156	169	3	8.83
105	464	8	23.47
111	225	6	14.52
554	102	6	13.02
101	2287	3	8.22
173	108	10	16.07
213	104	7	5.52
101	921	6	13.83
1371	714	5	73.34
137	429	3	14.8
127	204	4	10.71
12	116	248	731.29
338	109	3	5.49
103	890	4	11.49
216	136	3	8.8
101	1763	3	6.55
119	483	8	45.18
2047	14	3	6.8
200	193	3	14.29
377	115	6	25.36
271	175	3	16.66
131	152	6	13.32
140	376	9	64.41
130	1457	4	31.14
104	1837	3	12.19
186	14	73	212.48
12	365	6	9.25
191	109	8	14.23
103	635	15	77.21
102	576	4	6.24
139	148	9	31.59
369	263	4	34.37
136	469	3	14.91
207	533	5	45.06
116	203	4	7.08
101	241	14	13.42
103	1553	5	23.73
909	102	3	5.49
1957	102	4	16.84
167	124	8	23.37
101	5142	3	17.32
228	113	7	19.62
105	656	5	13.6
8	3632	3	26.35
388	104	8	19.74
992	12	3	6.93
1741	109	3	16.2
160	114	19	56.28
109	101	338	443.97
105	2039	4	19.24
526	14	9	15.7
347	108	3	5.05
1688	14	3	6.06
1423	126	3	20.82
576	284	4	39.76
105	3206	3	15.97
101	1120	7	21.81
996	102	3	6.14
103	529	8	25.48
113	103	71	38.71
878	348	3	32.15
101	1256	3	4.42
101	1331	4	8.74
107	1754	3	15.34
104	1377	3	10.03
109	559	6	25.97
179	368	3	19.14
159	709	5	41.56
639	104	5	13.1
118	127	12	12.59
397	131	3	12.7
689	116	3	12.72
1266	114	3	15.04
117	113	27	28.42
111	732	3	11.44
101	412	8	9.19
103	1147	5	19.54
529	108	4	12.61
150	907	12	130.67
107	986	4	17.83
288	123	4	12.76
2727	14	3	8.82
579	110	4	14.56
725	110	3	10.64
666	104	3	5.23
1291	139	3	23.18
103	1198	5	20.42
799	131	5	34.86
138	146	5	10.83
334	101	28	91.28
279	114	3	5.46
106	297	6	8.71
101	459	11	21.46
106	222	13	24.64
209	113	4	5.6
12	785	3	5.42
175	200	4	19.8
101	1348	3	4.86
1252	106	3	9.11
1898	106	3	12.34
109	515	7	31.14
236	145	4	18.07
12	1040	14	93.83
175	454	4	29.68
101	1527	6	21.64
101	1603	3	5.91
109	3056	3	20.84
120	208	3	4.51
106	475	4	6.81
149	481	4	26.27
162	918	5	45.66
1046	218	3	29.17
542	105	6	16.32
114	3686	3	24.44
257	756	5	53.56
101	661	6	9.27
8	416	3	9.81
150	14	47	40.65
124	140	6	8.38
107	267	8	22.81
102	561	4	6
139	105	79	231.88
184	2317	3	32.38
2120	164	3	30.6
101	4611	3	17.32
162	576	5	40.01
103	2410	3	14.24
119	202	9	29.47
3320	196	3	38.26
306	116	6	22.76
9	14	318	748.84
404	103	4	5.15
668	221	4	37.06
103	618	16	83.62
997	14	6	13.61
391	102	9	19.53
112	105	78	54.28
181	758	4	35.19
4706	14	3	16.76
249	278	3	21.51
850	147	6	51.97
506	103	4	6.91
101	1676	4	11.3
107	1154	3	12.37
132	838	3	18.03
917	111	3	13.04
531	200	4	33.56
173	153	4	13.61
136	169	12	53.2
111	274	3	5.16
101	1088	6	15.48
101	916	4	5.63
324	117	10	50.1
103	1761	5	25.18
12	1471	3	9.21
908	14	5	8.3
125	803	4	24.62
114	1815	5	35.91
105	4770	3	22.61
102	110	103	47.5
965	2	3	17.96
101	2444	3	9.35
105	300	31	150.7
248	420	3	24.52
2481	102	3	12.63
107	331	4	8.21
12	1152	7	31.53
530	103	3	4.05
1458	106	4	16.16
1948	14	3	6.8
266	105	6	7.13
612	103	3	4.73
103	683	5	13.71
773	106	3	6.3
112	163	8	11.9
737	333	3	30.61
101	3316	4	23.09
350	101	16	32.33
119	443	10	59.02
101	3641	3	12.94
896	104	3	7.03
103	2322	5	29.08
153	131	4	6.18
1564	106	4	17.08
147	105	15	7.49
101	1671	5	16.96
1180	14	5	10.82
731	102	4	7.96
114	984	3	13.69
123	713	5	28.69
103	1706	3	11.24
1005	14	6	13.61
144	193	6	26.2
106	740	3	6.04
144	135	5	9.15
101	905	6	13.1
1211	14	3	3.97
1705	134	3	23.18
134	140	17	62
380	103	7	14.95
154	164	6	24.23
104	723	7	25.78
111	129	24	40.56
3207	104	4	25.09
131	1188	3	19.86
718	183	6	57.45
534	101	9	17.14
102	815	4	8.68
101	516	18	61.69
101	396	16	37.92
928	102	11	54.42
101	2800	3	10.82
103	3936	4	29.88
104	315	10	24.09
118	124	9	5.18
114	2658	3	20.66
105	1695	3	11.43
694	14	10	25.03
1265	102	8	38.34
132	147	5	8.64
110	1251	4	21.18
1542	379	3	36.77
1770	141	3	25.27
7	8	8	8.83
333	127	5	23.22
101	1164	5	11.65
168	1708	4	41.57
114	180	25	106.24
326	101	18	37.97
851	109	10	65.71
906	114	4	19.73
427	14	19	53.45
117	1233	3	16.68
205	103	14	23.69
141	115	12	21.04
458	14	7	7
1066	102	7	28.21
116	678	3	12.72
1260	106	5	20.87
4708	120	3	31.03
129	476	3	13.72
104	568	7	21.58
226	185	3	15.72
932	165	3	24.37
167	127	22	111.4
101	217	67	258.06
104	502	8	24.74
110	275	9	31.4
118	1151	3	16.22
103	1406	8	47.03
103	1618	4	16.71
761	14	4	4.04
237	134	4	14.38
1210	102	9	46.47
909	112	3	12.84
237	199	3	17.12
114	1548	7	55.34
2636	14	6	33.51
226	128	4	13.06
120	103	107	181.5
197	115	7	17.9
268	134	5	22.06
1181	102	3	6.91
138	1122	11	118.47
101	1371	4	8.74
437	117	8	42.45
141	127	7	12.4
104	1111	5	19.74
109	160	7	6.29
998	1638	6	101.66
4186	196	3	42.76
152	384	5	32.85
509	111	4	14.56
1143	123	6	44.07
101	1185	5	11.65
4125	115	3	25.87
3121	102	5	34.59
102	1929	3	10.49
229	344	3	22.24
715	117	3	13.04
1031	112	3	13.58
232	103	11	19.82
171	8	38	204.86
171	183	4	17.49
101	2861	4	18.2
105	1080	3	8.16
117	304	3	7.48
860	892	4	54.14
144	295	4	20.57
1145	14	4	6.85
111	117	77	215.25
682	106	4	9.56
774	115	9	62.6
2266	14	3	7.7
136	203	6	23.77
446	103	4	5.95
257	464	3	25.57
101	2140	3	8.22
173	168	8	42.78
2573	102	3	12.63
2927	14	3	10.28
104	758	4	10.4
1182	117	3	16.19
105	1237	4	14.52
159	140	5	13.99
1782	102	5	22.48
415	103	4	5.3
108	322	4	8.2
206	105	7	4.9
169	111	38	176.2
691	12	3	4.73
127	215	9	40.45
2386	12	3	12.32
101	1776	4	11.3
191	104	10	8.65
2654	12	3	13.51
103	850	4	11.05
1476	1222	3	44.36
114	4668	3	28.92
101	3303	3	10.82
119	175	4	5.13
104	1832	4	19.15
101	3167	3	10.82
153	366	3	16.18
3101	117	3	23.9
103	5357	3	22.41
158	167	5	19.45
107	231	63	457.33
101	601	21	93.36
105	1289	4	15.24
108	337	4	8.59
2001	14	3	6.8
300	182	13	118.94
101	3423	3	12.94
1812	171	3	29.11
267	109	4	7.39
12	302	6	7.12
144	1444	4	35.62
144	249	3	12.43
257	4912	3	46.19
276	105	5	5.01
173	121	5	7.94
116	392	3	9.02
528	106	3	4.27
130	105	39	37.1
728	103	4	9.89
121	492	5	23.68
1190	14	4	6.85
2495	112	3	20.54
8	521	8	47.13
3154	104	4	25.09
101	802	9	25.7
1437	200	3	30.12
176	142	158	1984.68
156	111	6	5.25
2621	102	3	12.63
119	244	5	14.71
104	1819	3	12.19
101	1450	6	20.06
103	262	22	78.24
197	112	13	42.33
101	1570	3	5.91
105	3256	3	15.97
103	3132	4	24.93
109	114	42	41.11
3664	116	3	26.06
104	1193	3	8.97
246	146	13	93.13
616	1980	8	141.62
105	2057	3	12.26
330	133	4	17.77
105	778	3	6.23
1665	14	4	10.61
114	1413	4	24.26
413	14	7	5.68
1471	117	3	17.81
103	1165	4	13.62
105	2161	4	20.73
129	146	6	11.09
604	118	6	32.94
117	125	10	7.22
122	505	7	39.27
236	185	6	40.75
109	482	11	58.66
307	101	13	18.11
104	1395	3	10.03
104	1447	3	10.03
103	395	5	8.08
968	106	3	7.85
103	574	8	26.63
1052	102	4	10.98
164	103	15	14.46
12	602	4	7.49
2287	102	5	26.34
285	134	5	22.8
1224	102	10	55.33
123	275	3	7.63
271	2250	3	37.06
101	1211	6	17.5
101	1362	5	13.37
790	111	3	12.03
106	236	7	8.19
101	592	6	8.07
1963	12	3	11.35
1327	101	4	8.74
820	117	7	45.7
1860	14	5	17.72
162	645	8	74.78
284	408	4	36.32
222	310	5	39.64
136	692	4	25.66
152	1258	4	35.44
1465	14	3	4.88
1017	102	8	33.68
198	120	17	77.36
614	14	7	10.72
402	110	5	16.15
958	120	3	15.35
117	593	3	11.84
938	2540	5	87.72
105	687	9	36.79
110	159	6	4.4
101	5003	3	17.32
105	2477	3	14.43
3419	109	3	23.05
1558	109	4	23.37
101	339	13	20.6
105	3293	3	15.97
2097	12	3	12.32
519	105	6	15.55
1586	14	5	14.7
141	159	3	5.72
565	474	3	31.54
2000	102	3	10.49
103	752	6	19.82
156	203	3	11.41
499	123	3	11.75
101	5358	3	17.32
710	12	3	4.95
235	116	10	40.99
104	1108	6	26.34
101	4541	3	17.32
105	178	57	225.91
103	1879	3	12.07
101	851	11	38.57
203	244	3	17.77
144	399	5	31.53
2002	14	3	6.8
309	522	4	39.69
107	328	7	21.42
101	954	4	6.03
101	1105	9	34.29
980	14	4	5.86
2588	147	3	29.47
194	352	3	19.7
104	700	6	19.48
101	2318	3	8.22
2058	585	5	76.86
119	394	8	40.68
2041	104	5	27.12
105	1243	3	9.03
199	1293	4	42.03
101	1662	3	6.55
220	117	12	49.73
104	3340	4	30.05
127	225	6	23.82
12	216	32	107.49
127	175	8	26.76
596	102	4	6.24
117	130	13	16.45
149	306	6	37.77
3212	14	4	17.46
135	392	3	13.35
110	421	3	7.07
135	444	3	14.36
138	136	4	4.79
175	155	4	14.39
1626	9	3	20.22
767	714	5	66.59
175	256	7	50.11
106	1580	3	10.8
357	101	7	4.67
500	133	3	14.67
736	165	4	32.77
103	560	4	7.82
1943	14	5	17.72
185	126	4	9.11
166	121	18	67.92
119	968	3	15.44
1436	112	3	16.05
132	197	7	26.82
109	140	18	29.68
195	188	3	13.52
2457	12	3	13.51
101	1556	3	5.91
131	5411	3	34.34
102	874	3	5.49
120	131	9	7.98
101	277	31	90.67
649	12	3	4.52
1460	102	7	34.26
114	3667	4	38.57
1010	14	10	35.45
2054	117	4	29.77
264	110	5	11.44
786	103	3	6.06
105	688	3	5.51
105	620	6	17.6
1216	14	3	3.97
999	105	3	7.77
101	3149	4	18.2
104	381	5	7.88
714	14	7	12.85
3275	102	3	14.15
1639	14	4	10.61
3054	103	3	15.78
181	2076	7	91.43
139	221	4	15.54
116	227	4	8.98
183	101	28	30.99
292	133	3	10.93
217	139	3	9.95
962	200	4	38.83
109	644	5	21.28
723	111	3	11.44
807	104	3	6.43
105	1460	4	16.05
544	14	8	12.67
1526	14	4	9.64
103	751	9	38.11
332	102	7	9.78
681	14	7	12.27
1214	123	3	17.6
555	105	3	4.37
7	604	3	17.46
1508	108	3	14.82
1424	14	5	13.53
216	103	13	23.39
2648	14	3	8.82
803	14	4	4.35
1792	14	3	6.06
1765	109	4	24.45
2	9	17	31.51
132	707	4	24.88
281	8	3	7.16
1670	104	3	11.36
173	133	8	27.75
104	791	3	6.43
105	436	5	9.4
101	965	4	6.03
187	103	8	4.29
101	1041	9	32.46
105	2669	3	14.43
12	1528	3	9.83
1217	102	13	89.95
774	14	4	4.04
3967	102	3	16.32
121	103	47	23.06
263	112	5	12.81
101	2216	5	20.72
114	1679	4	26.28
134	113	12	10.11
134	160	6	15.22
203	459	3	22.47
451	1014	3	35.04
12	113	71	28.92
619	104	3	4.84
184	3216	3	35.2
101	1812	3	6.55
108	271	4	6.77
108	338	3	4.96
245	106	5	3.96
3284	102	3	14.15
317	145	3	14.1
600	3168	3	45.73
387	386	3	27.23
119	308	4	12.38
323	120	5	18.61
252	103	10	18.72
535	109	4	13.42
12	411	4	4.55
376	104	4	4.72
770	104	3	6.16
114	1987	3	18.42
2122	12	3	12.32
113	1753	7	57.8
124	101	66	23.55
122	720	8	53.99
101	2411	4	15.68
221	103	7	5.87
3308	112	4	33.43
633	105	3	5.09
101	2515	3	9.35
1762	102	4	15.62
106	519	3	4.12
101	188	22	17.27
167	170	3	9.94
104	2774	3	15.9
145	152	6	18.98
107	674	4	14.39
188	250	6	42.29
1636	12	7	41.13
110	142	9	7.33
105	637	3	5.09
174	131	5	13.32
337	104	7	13.4
110	1418	3	15.06
122	1536	3	19.17
574	7	4	25.1
103	255	8	12.09
170	140	4	11
103	154	21	23.4
119	2392	3	22.44
654	123	4	20.3
101	1559	3	5.91
197	14	27	31.03
726	106	3	6.04
103	203	13	19.98
128	188	3	5.67
366	288	6	58.05
2601	115	3	22.08
823	103	4	10.64
101	1253	5	12.46
1673	102	5	22.48
101	1201	5	12.46
2192	14	3	7.7
431	134	4	20.56
901	117	6	38.46
957	14	13	54.57
1877	14	3	6.8
1234	126	5	38.85
137	863	4	28.42
209	130	3	7.13
105	5503	3	22.61
201	104	13	20.06
650	125	13	110.32
522	9	3	12.19
104	1382	4	15.96
101	2666	3	9.35
161	532	7	59.41
171	104	22	37.69
704	198	3	25.12
136	782	3	18.25
1712	115	3	18.98
3879	102	4	27.67
413	112	3	7.84
573	102	6	13.41
926	14	11	40.13
188	419	4	29.89
151	292	3	14.73
5518	109	3	27.53
101	1510	4	10.32
197	126	13	62.39
101	1374	9	41.76
635	102	13	54.74
123	421	4	16.24
101	306	11	11.96
103	1403	5	22.49
2475	102	4	20.16
646	355	3	30.15
1306	14	7	23.43
214	149	6	30.71
149	2741	3	29.96
120	163	4	3.98
161	155	6	23.18
101	3055	3	10.82
104	491	5	10.54
101	2971	5	28.87
758	12	3	5.42
111	887	4	19.37
105	838	6	22.13
1178	196	10	126.33
383	113	3	7.36
104	313	26	117.21
110	391	4	10.86
604	12	3	4.14
1302	104	3	9.47
3923	14	3	12.38
103	1149	6	26.09
101	561	6	7.71
107	1060	5	25.57
754	102	12	53.35
1870	102	4	16.84
102	833	6	18.64
996	14	4	5.86
113	105	181	371.15
101	1178	8	27.76
101	1329	7	24.69
320	121	3	8.25
109	347	6	18.82
109	557	6	25.97
307	116	3	7.52
105	1681	3	11.43
118	129	45	154.79
453	104	9	27.9
1152	101	4	7.49
119	2771	3	24.02
101	1840	5	18.63
103	888	11	58.48
1585	117	3	18.47
586	14	5	4.56
101	5582	3	17.32
554	14	5	4.05
111	124	19	21.56
101	4373	3	17.32
2169	102	6	35.83
373	143	3	15.13
134	185	3	6.14
127	1423	3	20.87
113	1874	3	18.33
101	923	5	9.65
106	642	3	5.16
139	146	3	4.31
585	194	3	23.41
101	750	5	7.24
106	959	3	7.5
101	818	9	25.7
2016	102	3	10.49
420	14	12	21.12
105	207	13	21.23
101	2542	6	34.64
161	663	3	21.28
2658	14	3	8.82
292	106	6	8.55
1059	102	6	21.89
2691	14	3	8.82
132	864	5	35.71
109	678	3	9.87
114	639	3	10.7
286	12	6	6.68
101	1945	5	18.63
101	1885	4	12.46
159	438	5	35.82
114	2518	3	20.66
105	1429	3	10.09
875	12	3	6.26
1299	114	3	15.57
1355	101	3	4.86
105	1581	3	10.72
101	1992	3	7.31
784	14	7	14.13
101	2036	7	34.5
391	14	7	5
127	496	4	20.77
112	103	347	1148.9
163	234	5	28.29
101	663	9	21.13
103	1963	5	26.92
2193	106	3	13.32
225	593	3	25.89
3573	14	4	22.34
162	2761	5	66.23
1472	14	4	8.81
139	103	16	5.33
1364	112	4	23.27
116	160	9	18.69
172	180	9	53.76
111	525	4	14.81
122	730	3	13.99
107	3005	3	19.97
130	281	3	10.14
283	125	4	14.8
759	104	3	6.16
101	1090	12	54.62
253	102	8	8.54
1305	102	4	12.91
475	105	5	10.38
496	14	7	8.28
274	103	6	7.23
101	1782	3	6.55
216	221	4	25.31
103	993	3	7.6
133	1707	3	23.17
3115	102	4	22.73
107	1291	7	46.03
12	276	13	30.92
2	12	38	23.38
503	111	4	14.31
108	101	145	18.08
744	1307	3	40.28
16	2	23	108.69
113	148	8	8.68
1772	102	4	15.62
118	117	89	331.12
185	14	16	4.56
122	1138	6	43.61
569	1291	3	38.52
132	209	4	12.05
105	1002	4	12.71
130	1097	14	152.2
1135	14	7	20.58
1089	14	4	6.33
104	152	13	6.18
8	670	3	12.99
106	220	9	11.5
114	1562	5	34.43
120	210	3	4.55
101	155	30	14.73
103	1560	6	31.56
105	611	10	40.58
122	121	30	59.76
3898	102	3	16.32
174	163	3	10.05
110	175	6	6.99
135	143	4	5.63
152	121	5	5.25
105	1940	3	12.26
289	14	9	5.42
104	1172	10	58.58
1928	14	3	6.8
195	110	12	32.8
301	105	5	5.71
1781	112	4	26.13
393	114	3	7.56
164	382	5	35.43
101	1481	6	20.06
101	1525	5	15.58
454	12	5	8.55
2675	101	3	9.35
477	103	6	14.16
607	102	6	14.25
1248	117	3	16.68
114	237	15	66.66
128	130	6	5.67
101	1555	5	15.58
108	991	3	11.73
371	101	14	26.79
126	136	11	23.74
117	456	3	10.2
1685	102	3	9.68
3117	14	4	17.46
1993	14	4	11.76
114	1260	7	49.66
1233	14	3	3.97
106	105	104	4.6
101	590	7	11.33
995	14	4	5.86
508	101	6	6.45
114	4075	4	38.57
508	171	5	39.64
604	7	3	17.46
117	129	8	4.56
222	300	3	20.38
748	242	3	28.13
101	2682	3	9.35
129	109	18	17.3
101	2893	3	10.82
1307	104	5	21.6
119	969	5	31.47
1474	102	3	8.37
101	1352	4	8.74
1159	106	3	8.65
119	460	10	60.26
119	408	7	34.29
108	124	24	25.21
917	115	3	14.69
1541	14	4	9.64
103	1075	3	7.98
210	454	8	77.91
115	327	3	7.73
291	160	3	15.55
101	1859	5	18.63
220	125	3	7.07
127	114	11	6.19
105	4122	3	18.16
127	185	3	5.39
104	4482	3	22.54
637	142	5	36.75
8	233	3	5.78
101	4344	3	17.32
104	790	7	27.31
207	106	8	7.18
130	462	4	20.61
105	487	6	14.84
942	102	8	32.41
1082	106	5	19.19
101	2563	5	23.58
121	397	5	21.03
116	115	14	7.18
105	184	38	122.67
124	144	15	48.74
158	133	23	117.39
105	5149	3	22.61
442	129	3	13.23
102	438	7	13.76
101	1910	3	7.31
137	211	7	32.16
164	2359	3	30.6
212	102	9	6.42
1141	102	11	61.75
103	2390	4	20.47
224	221	3	17.46
109	645	3	9.63
2177	128	6	62.2
592	108	4	13.42
350	117	6	24.6
136	1238	4	31.18
108	426	4	10.65
411	117	3	9.47
4596	102	3	20.75
2721	14	3	8.82
266	134	4	15.78
2372	102	5	26.34
108	525	12	66.62
200	211	3	15.58
1607	104	3	10.65
493	104	5	10.54
119	309	5	17.62
143	127	4	4.19
1719	104	3	11.36
162	482	3	19.5
105	198	16	29.62
136	592	3	16.45
105	332	10	25.68
116	200	4	6.81
116	127	16	23.41
129	1017	7	57.45
2158	145	3	27.96
101	692	9	21.93
405	105	4	5.35
177	115	23	102.57
1835	14	3	6.8
791	14	5	7.33
107	417	6	20.01
107	501	4	11.85
134	159	4	7.23
107	553	4	12.6
101	993	8	24.93
106	824	4	10.98
101	949	13	56.97
3196	102	4	22.73
213	123	3	5.22
248	133	10	56.38
111	101	125	29.5
152	1788	3	27.15
105	587	3	4.71
390	104	4	4.99
138	4437	3	36.21
843	118	9	65.8
101	2215	3	8.22
153	165	4	12.94
12	159	19	17.77
1611	14	6	20.56
107	1263	4	19.71
101	1811	3	6.55
236	126	3	8.3
201	105	7	4.53
107	3474	3	22.18
118	154	17	52.04
101	1252	7	23.16
101	1132	3	4.03
16	259	3	14.18
265	181	4	24.96
123	2	16	27.7
193	109	5	5.61
243	116	3	5.91
288	104	10	22.22
110	469	5	17.92
104	284	9	17.99
480	124	7	42.84
329	108	3	4.78
2280	14	3	7.7
110	319	24	145.69
101	5154	3	17.32
101	3025	4	18.2
943	14	4	5.43
105	704	7	25.24
122	149	14	38.63
228	117	5	13.54
102	4402	3	20.75
761	114	3	11.99
106	520	4	7.44
109	3678	3	23.05
103	256	8	12.26
347	233	4	32.26
128	289	5	22.08
3182	2456	3	56.25
437	101	14	32.79
255	142	4	18.74
4252	102	3	20.75
388	123	12	74.46
179	108	29	111.72
106	268	7	10.35
101	358	25	77.94
101	560	12	31.9
243	111	6	15.94
204	289	3	19.21
104	163	15	13.36
2255	14	3	7.7
117	110	32	33.57
368	134	3	12.44
892	14	7	16.43
258	250	7	61.51
104	1380	3	10.03
119	875	4	22.07
105	1786	3	11.43
156	1059	3	24.14
101	1255	4	8.08
113	249	5	12.24
268	136	3	10.98
382	198	4	30.11
194	2058	3	31.86
104	1124	4	13.77
282	108	60	499.35
12	2214	3	12.32
126	105	40	35.09
101	5075	3	17.32
135	170	3	5.43
161	154	4	12.34
104	416	9	25.98
228	110	6	13.26
105	839	6	22.13
105	719	5	14.44
103	1404	3	9.91
495	101	9	16.04
601	982	13	218.01
2251	104	3	13.17
133	129	14	34.26
288	549	3	27.6
101	4509	3	17.32
578	111	6	28.58
749	187	4	35.16
2186	102	5	26.34
686	14	9	20.41
811	130	3	17.33
667	250	4	39.46
101	667	13	41.82
104	4199	3	22.54
12	437	30	175.16
1357	115	3	16.98
101	2020	3	7.31
696	105	4	9.45
130	1504	3	21.96
104	1834	3	12.19
101	3363	3	12.94
113	2347	5	39.73
104	1631	6	33.77
165	554	4	30.09
108	144	14	18.13
180	133	19	104.9
109	934	6	33.22
114	895	11	82.18
1267	106	3	9.61
101	1841	4	12.46
4030	102	4	27.67
1936	112	7	61.23
979	1588	5	79.99
3000	120	3	24.33
103	1858	3	12.07
582	108	4	13.42
435	14	13	26.26
933	106	5	17.78
103	1723	4	17.76
101	1074	8	26.27
1270	1440	11	225.96
121	222	4	8.75
263	114	3	5.1
138	4452	3	36.21
168	125	3	3.95
3715	105	3	18.16
101	2353	3	8.22
513	108	3	7.63
2593	14	3	8.82
4807	120	3	31.03
166	604	3	21.43
608	110	3	9.42
3555	14	3	12.38
1012	102	3	6.14
1040	138	15	181.53
1454	14	3	4.88
245	333	4	32.64
114	2330	3	19.43
4575	102	3	20.75
2742	14	4	14.96
281	106	8	14.45
101	1856	5	18.63
506	104	6	15.06
101	1737	4	11.3
239	12	6	4.47
196	125	3	5.81
404	167	5	36.35
321	9	9	46.02
101	2112	4	13.88
104	3580	4	30.05
2323	12	3	12.32
114	691	17	135.23
277	242	3	21.2
119	335	8	37.53
224	103	8	8.58
510	14	10	18.89
143	159	3	6.2
1069	708	3	38.48
131	235	5	19.63
183	124	3	4.97
104	972	5	18.21
101	2506	4	15.68
101	2610	3	9.35
492	105	6	14.84
1322	102	3	7.83
111	526	3	9.41
270	102	8	9.73
2256	102	3	11.45
257	2910	4	56.64
101	662	11	30.82
124	339	3	10.59
1372	256	3	32.7
194	233	4	24.39
139	165	3	6.38
114	1892	3	18.42
184	391	4	29.01
114	3793	3	24.44
105	746	3	5.97
122	178	4	5.99
105	822	8	33.94
101	2951	3	10.82
135	215	5	18.97
107	777	4	15.49
120	152	5	5.24
1076	140	3	21.71
101	203	47	119.22
106	550	4	7.9
1790	102	4	15.62
2642	102	3	12.63
101	255	26	58.97
123	513	6	32.5
215	135	3	8.49
465	102	6	10.98
1075	14	6	14.46
1003	117	4	22.96
3616	102	3	16.32
2063	14	4	11.76
766	115	4	20.25
12	2229	6	37.64
101	3712	3	12.94
148	1912	3	27.53
108	753	4	15.39
109	470	3	7.71
114	366	24	164.27
12	786	10	43.76
865	117	3	14.23
1913	14	3	6.8
305	14	13	15.84
1286	14	4	8.08
2344	1775	4	70.84
103	1201	4	14.27
687	102	11	43.83
101	458	6	5.4
101	406	28	107.82
122	473	3	11.18
1422	12	3	9.21
1562	125	4	31.09
101	2866	3	10.82
409	452	3	28.88
110	375	11	51.51
104	210	14	25.01
101	2695	5	23.58
1480	101	3	5.35
101	1672	6	23.53
109	4220	3	27.53
239	109	4	6.26
1019	104	3	7.71
114	985	7	45.73
101	3640	3	12.94
262	14	14	14.6
1314	14	4	8.08
140	130	4	4.02
3137	14	3	10.28
1347	14	4	8.08
3791	102	4	27.67
104	722	7	25.78
759	310	5	56.44
116	421	3	9.55
173	266	4	23.68
105	352	5	7.12
111	337	5	15.44
149	683	3	20.25
2851	680	3	46.49
1740	628	3	41.25
101	1024	8	24.93
101	980	14	69.01
101	904	9	28.04
253	111	4	8.08
134	141	13	40.85
101	769	16	69.91
405	198	3	21.2
102	557	4	6
116	170	4	4.28
183	117	27	135.79
777	102	3	4.68
116	303	3	7.34
1207	105	4	14.52
105	250	5	4.12
12	4026	3	17.22
103	2578	3	14.24
116	1437	3	17.75
101	3317	3	12.94
108	359	3	5.25
131	105	38	36.67
735	103	3	5.8
1023	14	9	29.23
3931	14	4	22.34
460	9	3	11.31
101	1994	7	34.5
103	682	16	89.42
194	1445	6	69.86
112	313	3	6.1
126	208	3	6.68
809	104	3	6.43
112	2387	3	19.31
103	3039	4	24.93
195	101	36	63.22
141	114	7	4.32
141	185	11	56.92
109	258	3	3.87
104	1277	3	9.47
146	147	53	396.83
133	124	6	5.35
167	128	3	4.27
106	539	4	7.9
1521	14	5	14.7
4675	112	3	28.81
945	102	5	14.76
117	575	4	17.85
5480	113	3	28.84
3159	125	3	26.66
104	466	19	93.82
101	4973	3	17.32
117	261	6	20.57
117	144	11	20.88
207	686	3	25.34
312	171	3	17.07
1251	526	3	37.55
101	515	6	6.74
1148	103	4	13.62
101	395	18	47.39
107	1805	3	15.34
1273	106	3	9.61
1126	102	3	6.91
3789	14	3	12.38
357	117	12	67.36
185	113	4	4
380	3296	5	82.1
165	1017	4	35.62
272	114	6	18.28
101	1267	12	69.29
101	4135	3	12.94
103	4800	3	22.41
201	120	3	4.23
132	103	26	12.24
422	117	6	27.52
110	1147	3	13.46
105	1743	3	11.43
2201	106	4	20.84
142	102	162	687.84
104	103	386	586.96
119	1823	3	20.2
383	14	16	33.73
110	588	3	9.21
117	172	5	7.28
374	561	3	29.71
222	333	5	40.56
1113	9	4	25.51
103	1541	7	40.23
101	171	21	8.91
247	103	8	11.74
533	14	7	9.01
101	3117	3	10.82
514	105	5	11.21
118	1150	3	16.22
3790	14	3	12.38
104	1112	5	19.74
504	14	12	26.42
114	3004	3	22.23
101	1576	10	57.74
128	101	93	87.64
418	118	3	9.63
12	885	5	15.55
114	270	34	233.54
695	101	6	9.71
104	1833	4	19.15
101	3218	3	10.82
12	480	4	5.71
101	2031	3	7.31
133	2052	3	24.03
103	783	8	32.49
151	868	3	22.04
442	102	4	4.27
461	103	4	6.31
1160	14	7	20.58
948	104	6	23.53
1410	113	5	33.01
162	557	5	39.63
110	711	4	16.17
1281	104	8	45.02
114	3648	4	38.57
589	275	6	64.62
395	398	4	39.17
104	607	11	46.92
121	118	13	7.48
101	2275	4	13.88
110	890	3	11.86
101	933	4	6.03
213	163	4	19.02
817	106	3	6.57
101	1009	6	14.62
4247	383	3	49.12
338	105	8	17.42
12	126	27	6.67
2293	130	3	24.59
680	796	20	377.82
327	14	13	17.77
678	102	3	4.01
114	2376	3	19.43
149	1917	4	39.96
140	229	4	16.73
108	256	5	9.77
103	2370	3	13.04
470	354	4	39.86
386	112	3	7.46
1030	130	13	132.7
3914	115	4	40.48
630	102	14	61.75
3175	14	3	10.28
8	386	3	9.28
481	102	9	24.02
101	803	6	11.81
904	131	3	18.22
1179	104	3	8.51
155	741	3	21.28
104	881	8	35.85
507	160	4	28.27
116	141	13	25.23
121	415	3	9.87
114	2498	5	42.82
103	2548	4	22.34
103	2624	3	14.24
101	3169	3	10.82
104	1818	4	19.15
1448	12	3	9.21
163	149	7	28.37
1357	14	5	12.51
137	108	23	38.5
661	102	7	19.93
105	3769	4	30.15
230	105	6	5.24
432	123	5	23.07
101	1900	4	12.46
1570	102	3	8.98
101	2004	4	12.46
12	303	9	16.8
188	1686	4	43.69
114	1031	3	13.69
115	105	85	100.66
220	130	5	17.64
103	1085	3	7.98
108	129	32	54.03
109	874	3	11.62
868	104	3	6.72
111	240	4	7.47
959	118	4	22.46
173	220	3	13.87
110	1089	3	13.01
104	684	6	18.94
101	4186	3	17.32
349	2649	6	97.09
2364	14	3	7.7
102	140	45	61.19
144	105	32	48.4
101	938	9	29.37
475	134	7	45.93
101	2783	3	10.82
929	1056	3	40.45
2045	112	4	27.39
1682	14	3	6.06
617	117	4	18.44
117	124	25	52.72
204	101	35	67.03
573	111	4	15.35
103	472	17	79.44
101	1239	11	52.58
103	396	4	5.01
103	575	3	4.38
772	118	4	20.61
103	516	7	19.89
110	4147	3	23.31
12	603	5	11.44
137	865	8	70.08
12	755	11	49.55
459	104	6	13.75
1990	120	5	41.18
806	108	4	16.19
711	105	3	5.73
185	128	4	9.45
1753	14	5	16.07
104	1192	4	14.43
101	3801	3	12.94
261	124	4	13.88
128	125	12	21.9
103	1592	3	10.53
2912	113	4	33.46
103	3826	3	17.96
104	476	5	10.28
105	779	4	10.49
122	207	3	4.64
922	106	3	7.5
226	112	4	7.03
145	103	38	66.6
264	101	25	57.53
174	180	4	18.07
122	236	5	15.03
104	523	7	20.61
1331	12	3	8.66
135	127	9	15.87
103	3879	4	29.88
12	2185	4	19.49
1218	992	4	58.72
289	114	3	5.77
519	104	3	4
101	3772	4	23.09
141	113	13	19.19
393	14	8	7.24
766	14	6	10.28
618	108	6	25.64
209	124	5	15.26
101	1210	6	17.5
1358	102	3	7.83
101	1361	5	13.37
111	1993	3	18.15
118	101	138	99.43
185	114	28	128.43
362	136	3	13.06
111	766	3	11.73
122	564	3	12.3
149	171	6	24.13
129	165	22	112.71
104	345	11	30.93
105	2325	3	13.24
340	5126	3	48.24
101	2165	4	13.88
148	393	3	16.2
104	701	4	9.7
171	763	3	23.37
101	2369	3	8.22
105	370	24	115.58
105	550	9	32.17
1166	109	3	13.21
103	1692	4	17.76
7	2025	6	63.42
134	215	3	7.99
274	118	5	16.11
101	1721	3	6.55
103	1008	5	18.01
101	1872	3	7.31
104	3341	3	18.09
577	12	3	3.96
12	259	7	8.04
196	111	11	31.73
267	153	3	14.05
2271	14	3	7.7
108	230	7	15.7
230	148	3	12.22
114	675	19	158.94
114	811	10	68.9
332	111	3	6.34
137	153	10	36.52
1800	101	3	6.55
101	782	7	15.29
124	155	5	8.28
414	101	7	6.58
107	210	5	5.96
974	196	16	229.72
107	329	4	8.08
677	103	5	13.71
328	168	3	17.26
116	175	6	11.33
341	14	13	18.62
122	747	3	13.99
1681	102	8	49.13
910	129	3	17.86
362	101	29	103.53
863	109	3	11.28
118	136	14	24.11
113	110	53	72.8
412	212	5	42.43
624	103	3	4.93
403	112	6	23.49
114	595	3	10.26
613	102	20	107.96
101	352	12	18.11
101	503	27	125.34
529	102	5	8.86
1344	14	6	17.64
1150	116	6	42.09
1758	114	3	17.56
1553	125	3	21.21
110	450	5	17.64
117	167	6	9.89
117	104	69	63.31
776	12	4	9.37
1188	109	3	13.21
1403	125	3	20.55
3316	196	3	38.26
135	164	4	8.78
228	104	15	35.49
264	136	7	37.24
144	990	5	42.7
985	14	9	29.23
133	193	3	6.53
114	1620	4	25.21
145	140	6	15.5
128	105	32	20.68
526	106	4	7.66
4601	14	3	16.76
1192	14	3	3.97
141	131	6	10.15
195	148	4	15.29
1013	109	4	18.96
261	104	7	9.58
1115	245	3	31.25
1638	109	9	82.62
103	854	8	34.44
140	487	4	24.4
114	2628	3	20.66
546	105	3	4.37
104	1828	3	12.19
674	14	6	8.8
602	117	3	12.06
323	102	7	9.36
103	2570	4	22.34
105	262	7	9.87
242	120	4	10.39
876	115	4	21.59
116	212	17	79.75
705	14	6	9.26
183	134	16	83.69
3537	118	3	26.15
927	133	3	18.83
257	3069	5	77.12
103	2057	3	12.07
1298	101	3	4.86
238	114	16	74.12
1020	125	3	18.03
101	1064	4	6.96
101	1012	6	14.62
105	395	4	5.21
276	124	4	14.54
162	103	14	10.76
173	305	3	17.02
104	678	3	5.45
101	2144	7	40.42
101	2348	3	8.22
135	864	3	18.67
336	128	27	233.45
17	103	15	23.52
679	2294	3	43.66
937	106	3	7.5
2447	108	3	18.63
1085	102	3	6.51
140	234	7	37.45
234	123	4	10.56
1131	102	5	16.91
104	2084	5	29.28
127	263	3	9.26
127	146	61	388.71
101	1696	3	6.55
101	1772	3	6.55
327	12	5	5.34
262	12	6	5.64
119	523	8	46.84
1314	12	3	8.66
586	153	4	28.6
478	130	5	28.39
5	102	4	27.67
7	616	24	271.95
1019	102	3	6.14
123	717	4	21.01
883	726	16	288.36
2347	102	5	26.34
1222	102	9	46.47
102	103	533	847.35
496	108	4	12.12
643	104	3	5.03
121	127	16	25.52
248	101	9	4.22
534	104	5	11.4
116	165	4	3.96
101	2500	5	23.58
1207	101	4	8.08
105	171	41	119.45
647	14	5	5.43
231	102	60	307.39
105	2905	3	15.97
882	102	4	9.5
123	1784	4	29.75
9	106	65	72.36
969	115	3	15.08
12	388	6	10.12
119	345	4	13.34
101	3388	3	12.94
131	101	149	279.26
102	1624	3	8.98
107	2115	4	26.05
549	101	7	10.46
230	646	3	26.81
138	1270	12	145.13
128	148	6	11.81
170	109	9	14
170	164	4	15.29
179	191	4	18.96
105	1947	3	12.26
195	105	19	39.22
109	152	12	18.05
313	654	9	111.4
105	812	13	72.44
105	752	3	5.97
101	3009	5	28.87
135	152	8	23.85
497	123	5	24.81
349	2493	5	75.4
125	486	3	13.32
101	148	30	11.12
441	502	3	30.22
101	316	19	40.83
105	2351	3	13.24
462	101	8	11.26
204	136	3	7.96
101	571	8	14.44
101	468	12	26.21
579	103	4	8.08
2136	14	3	7.7
258	154	3	13.84
4882	14	3	16.76
129	175	6	17.33
105	1775	3	11.43
545	103	3	4.21
1252	14	3	3.97
684	529	6	76.83
166	157	4	13.67
104	1485	5	23.94
114	427	26	199.57
105	3625	3	18.16
431	101	6	4.94
103	473	23	127.52
113	155	11	19.33
101	1236	5	12.46
305	109	5	12.59
591	113	5	22.17
902	14	6	12.11
445	124	3	12.54
5072	102	3	20.75
135	132	9	17.88
3170	14	3	10.28
110	312	3	5.25
226	109	4	5.67
101	343	26	81.06
909	131	3	18.22
1118	181	5	51.32
423	114	4	12.95
393	12	4	4.13
1986	131	3	23.79
128	136	5	4.9
179	143	12	64.76
223	531	4	35.29
869	14	4	4.68
119	722	4	20.32
108	688	3	9.27
111	1936	3	18.15
101	4024	3	12.94
4102	130	3	29.63
123	131	7	4.69
865	104	3	6.72
536	101	6	7.05
250	104	7	9.13
106	1585	5	24.2
101	1290	6	18.69
114	1266	3	15.04
125	109	16	10.77
279	104	5	4.93
106	111	57	18.55
105	938	5	17.65
149	250	6	34.86
129	170	4	7.86
103	4063	3	17.96
104	140	21	14.03
729	102	3	4.44
101	4848	3	17.32
253	120	5	15.66
101	898	14	62.23
961	102	3	5.8
187	308	6	45.36
567	105	3	4.53
173	139	8	32.93
541	129	4	21.92
290	133	8	44.69
114	2349	6	52.14
1049	101	5	10.92
113	708	3	11.35
147	124	26	115.13
291	103	6	8.11
12	147	19	11.3
101	1972	3	7.31
266	124	3	8.94
103	756	16	94.09
668	110	3	9.87
104	3517	3	18.09
1064	102	5	16.13
137	324	5	26.45
235	8	5	14.2
104	1037	6	25.32
103	5291	3	22.41
125	2344	3	23.85
1419	14	3	4.88
345	558	3	29.09
105	271	12	29.36
114	2048	4	27.54
101	626	9	20.37
101	1957	3	7.31
1984	12	3	11.35
1355	134	3	21.16
153	361	4	23.76
119	103	74	75.31
398	14	8	7.51
546	121	3	11.84
474	108	3	7.13
2215	102	5	26.34
1714	14	6	22.43
103	2296	3	13.04
2484	14	3	8.82
4217	196	3	42.76
267	113	5	13.11
114	1026	3	13.69
115	101	216	290.52
1229	101	7	23.16
309	125	4	15.68
238	113	3	4.34
3209	113	3	22.14
101	987	14	69.01
144	304	3	13.9
101	883	16	80.07
511	111	4	14.56
4462	102	3	20.75
843	126	4	25.44
101	2265	3	8.22
541	117	3	11.43
119	1112	4	24.34
568	154	14	141.23
298	108	6	15.8
107	1004	4	17.83
101	2735	6	34.64
837	113	4	19.14
1682	12	3	10.53
218	131	4	12.61
149	148	6	19.49
101	4061	3	12.94
593	101	13	38.11
109	486	6	23.95
104	1571	4	16.88
104	1391	4	15.96
185	131	4	9.91
118	213	17	80.91
1106	111	3	14.28
772	115	5	27.76
108	2635	3	18.63
12	758	3	5.42
2575	102	4	20.16
103	317	23	95.72
8	1722	3	19.45
240	117	6	19.09
103	149	22	23.55
1125	108	3	12.58
726	102	3	4.44
112	634	5	22.91
102	1800	3	9.68
101	3684	3	12.94
109	118	18	5.48
160	104	16	14.58
337	111	3	6.44
108	892	3	11
134	5590	3	34.6
101	5088	3	17.32
104	547	3	4.31
110	210	5	7.41
2263	108	3	17.41
733	147	5	39.48
2179	14	4	13.16
350	134	4	18.23
987	108	3	11.73
1059	121	3	16.16
2473	102	4	20.16
104	1641	4	17.92
101	3357	3	12.94
1308	14	4	8.08
1329	196	6	69.03
101	1890	4	12.46
101	2010	4	12.46
107	243	16	63.71
105	3148	3	15.97
994	104	5	18.21
107	169	7	6.58
150	194	63	630.4
517	133	5	30.09
103	1989	3	12.07
124	104	32	15.86
130	110	12	6.35
1988	14	3	6.8
104	875	7	29.06
2207	14	4	13.16
161	704	4	31.58
101	2587	4	15.68
101	4639	3	17.32
111	105	51	10.92
101	2332	3	8.22
308	2382	4	53.95
121	170	7	14.7
643	134	3	16.15
107	498	8	35.14
103	1785	3	11.24
12	164	16	14.13
158	1303	3	25.78
310	256	4	32.44
181	1039	6	63.32
137	422	5	29.67
114	2303	3	19.43
105	1149	3	8.57
360	102	11	25.91
1029	14	4	5.86
165	548	5	40.04
119	416	10	57.3
752	102	6	16.75
2556	108	3	18.63
12	669	16	83.4
175	235	5	30.74
1238	102	9	46.47
166	139	5	15.28
118	208	4	7.47
1335	125	3	19.95
129	258	4	14.67
101	2670	4	15.68
562	111	8	42.61
455	104	4	6.26
111	673	4	16.91
122	472	9	54.37
396	116	3	9.15
604	2	3	15.04
103	1273	5	21.39
1621	14	4	9.64
114	1347	5	32.03
101	184	20	12.77
1057	102	7	28.21
104	2770	4	25.09
105	2487	3	14.43
1076	103	3	7.98
852	14	9	25.25
101	2976	4	18.2
247	114	4	8.3
161	198	6	31.21
588	104	10	39.5
1904	714	3	42.9
162	878	3	23.53
109	297	7	21.88
172	1928	3	30.08
240	124	3	8.07
1090	102	4	10.98
2518	14	4	14.96
103	207	12	17.36
1412	14	4	8.81
12	1076	9	45.14
219	221	4	25.38
2305	102	3	11.45
105	2015	3	12.26
519	110	3	8.45
809	117	3	13.91
1341	106	3	9.61
5438	14	3	16.76
301	124	5	21.29
740	105	4	10.12
2580	14	3	8.82
1470	14	3	4.88
215	144	5	22.71
1172	125	14	156.01
268	101	9	5.25
101	1476	7	26.45
101	1400	8	33.64
145	160	3	6.47
101	332	19	43.69
1764	705	3	42.03
202	9	68	556.79
106	559	4	8.14
122	172	4	5.16
445	117	6	28.47
748	108	3	9.78
632	14	5	5.12
1989	102	3	10.49
129	159	4	6.56
104	335	8	17.26
202	431	3	22.09
106	101	284	31.43
123	7	13	26.98
103	564	18	96.58
101	1295	5	13.37
260	3815	3	41.78
233	355	5	42.9
118	235	4	9.49
3831	14	3	12.38
119	972	4	23.12
101	1803	3	6.55
12	152	13	4.24
12	209	8	5.65
346	115	3	8.04
1091	14	9	30.84
109	1033	4	19.54
108	295	3	4.2
101	2379	4	13.88
121	215	3	4.95
699	12	11	48.26
227	118	3	5.33
111	265	4	8.55
331	192	3	19.14
471	103	5	10.1
101	961	8	23.71
2635	120	4	33.77
853	102	4	9.07
144	322	8	54.38
101	1045	8	26.27
8	230	3	5.66
168	105	26	51.78
1056	14	4	6.33
2048	14	4	11.76
3599	102	3	16.32
107	469	5	16.15
103	1888	4	18.99
103	1940	3	12.07
101	636	7	12.31
101	2568	5	23.58
148	210	3	10.73
103	3309	3	15.78
1393	101	4	9.48
153	1230	5	47.09
105	229	18	49.81
976	111	5	28.06
807	101	5	8.09
387	373	3	26.97
131	289	8	44.05
3229	14	3	10.28
103	747	11	52.23
9	121	14	12.26
101	1983	7	34.5
381	408	3	27.53
249	328	3	22.71
373	12	7	13.18
121	274	4	11.69
116	415	3	9.41
101	2254	3	8.22
108	1444	4	21.58
106	631	3	5.16
101	1018	4	6.48
101	974	12	51.75
102	163	25	30.58
760	106	3	6.3
103	945	5	17.34
525	103	3	4.05
196	121	4	7.09
12	132	23	5.3
239	14	18	21.96
447	367	3	28.05
109	1030	16	146.96
103	2159	4	20.47
3500	1868	3	56.22
387	101	8	8.31
108	167	18	45.18
263	1218	3	32.32
510	12	6	13.87
245	380	7	68.02
101	1988	8	46.19
900	108	3	11
210	328	4	29.51
103	688	3	5.34
332	121	3	8.45
1555	581	3	40.02
114	694	8	46.87
1033	381	3	34.11
8	410	6	27.66
5427	102	3	20.75
124	193	17	86.77
104	2355	3	13.17
3584	102	3	16.32
109	3311	3	23.05
107	340	15	71.12
107	273	8	23.26
102	567	7	17.78
2354	14	4	13.16
116	109	26	18.03
104	917	5	17.54
2379	196	5	62.97
104	969	5	18.21
101	2553	3	9.35
136	504	3	15.44
122	630	3	12.96
145	114	9	10.22
123	1158	4	25.42
102	1001	3	6.14
3208	125	4	39.51
104	2812	3	15.9
105	667	4	9.14
402	121	3	9.73
104	460	15	64.82
101	3022	3	10.82
104	408	8	20.82
135	147	6	13.32
101	3066	3	10.82
683	14	6	8.8
609	152	3	19.83
152	124	4	5.04
1097	106	4	13.37
109	212	4	4.51
1290	102	3	7.83
1112	106	3	8.65
2160	102	5	26.34
104	1271	3	9.47
2063	12	3	11.35
113	396	3	7.61
240	144	3	12
4715	114	3	28.92
105	3618	3	18.16
285	101	9	6.11
101	1342	8	31.37
103	540	8	26.04
291	743	3	29.77
1286	12	4	14.05
137	2319	3	26.38
2510	143	3	28.97
166	172	5	21.58
2679	14	3	8.82
101	3972	3	12.94
109	465	6	23.24
117	251	6	20.1
105	1074	3	8.16
122	478	4	17.21
223	1539	3	32.08
1478	117	3	17.81
1422	14	3	4.88
110	432	16	95.99
198	102	58	231.08
101	2692	3	9.35
101	401	17	42.56
106	224	6	4.41
129	127	12	23.04
617	104	4	8.49
104	309	12	32.8
318	605	3	28.97
329	114	7	26.36
892	12	4	10.58
368	129	10	64.5
614	2890	3	45.73
860	526	3	35.02
1215	102	4	12.2
333	123	3	8.9
104	1375	3	10.03
233	452	4	35.1
108	773	3	10.06
747	109	3	10.39
580	118	11	75.11
101	3820	3	12.94
104	1121	5	19.74
103	3076	3	15.78
118	384	27	214.26
126	101	126	170.8
483	111	4	14.08
5560	102	3	20.75
170	147	4	12.34
654	14	10	24.1
197	123	12	47.49
561	328	4	40.84
1039	106	3	8.24
8	970	3	15.54
1317	102	4	12.91
2291	147	3	28.23
120	308	6	23.89
254	103	10	18.96
888	102	5	14.15
2469	131	3	26.04
663	158	3	20.97
121	937	4	22.99
330	144	3	14.42
101	3051	3	10.82
4078	113	3	24.35
107	176	152	1262.23
1050	109	3	12.76
386	9	3	10.01
1667	12	3	10.53
101	822	4	4.91
667	171	3	22.26
104	2136	4	20.63
1383	309	4	49.1
155	676	3	20.73
800	102	7	23.36
105	154	18	16.83
116	209	5	11.21
857	121	4	22.01
342	108	3	5.05
108	399	4	9.94
295	130	5	22.52
104	1628	7	43.16
119	284	6	22.15
137	293	4	18.53
102	1276	4	12.91
114	635	3	10.7
181	829	3	25.15
1127	109	3	13.21
382	845	5	60.2
105	3969	3	18.16
1142	591	8	121.82
137	479	3	15.61
12	118	98	121.59
713	102	3	4.22
119	485	9	53.23
290	105	5	5.46
103	2176	3	13.04
257	1334	5	60.83
101	5586	3	17.32
184	685	5	45.42
701	1667	8	138.44
162	163	3	8.68
682	102	14	64.91
1671	102	5	22.48
439	348	3	27.39
173	110	6	6.28
2341	126	3	24.13
1875	14	3	6.8
944	109	3	11.97
345	202	3	20.33
720	242	3	27.85
103	1728	5	25.18
511	224	3	24.54
1233	654	3	38.91
114	1736	4	26.28
102	280	9	13.1
238	14	20	28.03
134	163	4	7.66
103	1734	9	67.25
101	877	15	70.74
4842	14	3	16.76
105	532	18	94.17
1145	118	3	16.22
162	118	6	9.05
111	104	170	315.85
111	167	14	35.99
136	343	4	19.24
401	12	5	7.09
101	4331	3	17.32
129	660	3	15.78
2225	238	3	35.93
1469	101	4	9.48
104	2068	4	19.15
154	1543	4	38.21
119	491	6	30.11
767	106	3	6.3
267	14	9	4.27
127	197	5	14.7
101	1755	4	11.3
1938	14	5	17.72
291	152	4	21.99
115	110	18	5.43
112	140	13	18.98
535	159	3	19.7
191	117	11	35.91
356	299	48	788.6
17	57	5	38.66
101	3178	3	10.82
474	12	4	5.71
242	104	11	21.61
439	125	4	19.2
183	213	3	14.63
633	101	12	35.01
116	131	9	7.01
354	628	14	193.77
137	1369	3	22.47
194	154	17	118.03
158	117	6	8.28
517	134	3	14.87
124	105	46	45.2
429	914	6	77.56
349	611	4	41.92
122	262	11	54.01
430	108	6	21.03
2430	14	3	8.82
866	115	3	13.99
514	117	3	11.05
1046	123	10	86.19
106	516	3	4.12
167	165	7	33.95
120	114	33	49.24
105	2640	3	14.43
115	1007	9	69.29
103	327	32	165.64
197	12	9	6.2
103	151	229	1535.74
730	118	18	163.29
114	325	9	38.2
146	185	3	8.82
215	101	16	12.96
1255	102	4	12.2
2616	126	3	25.36
1529	14	5	14.7
539	14	6	6.52
152	262	7	44.42
132	115	9	6.96
1320	147	3	24.32
734	117	8	52.99
593	110	7	33.78
103	4864	3	22.41
294	159	3	15.47
211	103	8	7.25
333	12	5	5.47
103	505	13	53.87
106	1540	3	10.8
459	111	3	8.4
101	540	13	35.96
106	261	8	13.06
101	436	15	37.4
110	397	7	27.03
171	102	23	30.19
122	574	9	58.29
105	965	3	7.42
2988	115	3	23.65
468	14	7	7.3
2626	14	5	22.65
3557	14	3	12.38
105	2336	3	13.24
125	103	41	32.93
120	2744	5	46.34
105	1052	4	13.26
136	686	4	25.66
103	3993	3	17.96
1684	141	8	91.71
109	447	6	22.9
132	127	6	5.84
694	118	6	34.52
431	117	5	21.56
16	103	13	6.88
103	490	4	6.7
358	1614	3	36.39
128	451	3	13.36
101	1296	4	8.74
576	154	3	19.74
146	128	4	4.79
851	126	3	17.2
101	1551	4	10.32
126	272	9	48.34
574	2	3	14.6
1417	118	5	35.99
3122	113	3	22.14
1216	12	3	8.17
104	530	3	4.15
12	1680	3	10.53
139	629	3	18.14
630	763	3	35.48
101	282	61	317.7
103	1430	4	15.8
733	108	3	9.78
106	499	3	3.97
101	2567	6	34.64
116	232	5	13.66
467	102	14	50.16
104	967	5	18.21
2065	14	3	6.8
2567	102	3	12.63
292	130	7	36.33
688	106	3	5.58
106	1068	3	8.24
101	705	8	18.19
101	637	9	20.37
1114	111	3	14.28
158	129	4	6.47
107	142	20	34.98
798	113	4	18.7
105	4941	3	22.61
105	2980	3	15.97
668	101	5	6.14
103	746	8	31.61
156	148	4	11.03
191	129	11	47.61
555	101	5	4.7
581	106	3	4.78
119	152	5	4.88
104	1860	5	27.12
2361	117	4	31.29
152	752	3	21.12
723	106	3	6.04
952	14	5	8.85
180	110	5	5.03
180	239	3	15.99
629	115	4	18.44
685	102	8	25.82
140	149	5	12.41
105	1304	5	21.71
101	1652	3	6.55
103	1079	12	74.81
101	1863	5	18.63
147	116	7	8.6
114	1005	11	86.33
137	514	4	23.93
207	306	3	19.66
101	4348	3	17.32
119	1172	4	24.34
121	216	3	5.05
101	2312	3	8.22
2154	14	3	7.7
130	510	4	21.58
1584	120	3	18.9
130	577	4	22.7
784	12	3	5.42
114	739	4	18
163	229	3	13.77
101	3204	3	10.82
638	102	4	6.75
1484	112	4	24.11
131	110	12	6.84
1718	102	5	22.48
104	968	4	12.62
105	306	6	8.73
101	718	7	13.98
203	181	8	52.86
452	373	4	40.07
1516	125	4	31.09
309	509	5	51.76
101	1019	8	24.93
1722	12	3	10.53
106	734	4	10.23
1005	109	3	12.35
101	975	12	51.75
3072	118	3	23.93
134	131	5	4.45
188	903	4	37
101	2297	5	20.72
116	492	4	16.47
104	661	5	13.49
410	115	3	9.24
1026	14	6	13.61
1440	138	11	133.01
105	561	4	8.05
794	120	3	14.32
162	152	6	23.13
119	381	10	54.75
2321	1700	3	50.28
262	108	6	13.96
2	14	76	37.42
108	301	4	7.61
105	1254	4	14.52
17	152	5	21.92
5409	102	3	20.75
108	105	201	334
220	104	7	6.07
101	1852	4	12.46
478	139	3	16.3
127	109	12	4.86
1924	102	3	10.49
940	102	7	26.03
1510	14	3	5.42
101	1222	6	17.5
646	154	3	20.45
666	14	5	5.43
107	952	3	11.14
297	355	4	35.23
193	201	3	14.44
334	103	16	56.45
1780	130	3	22.71
106	223	9	11.64
129	287	4	15.79
101	2810	4	18.2
104	258	7	9.43
171	190	6	31.39
104	206	12	17.75
319	12	6	7.76
553	104	4	7.72
107	781	4	15.49
1093	102	9	42.46
101	207	43	103.01
1405	14	4	8.81
133	120	7	4.31
103	1563	3	10.53
344	128	3	11.35
114	288	38	281.36
679	108	3	9.27
103	234	23	75.09
101	1530	3	5.91
105	2021	3	12.26
416	111	4	12.61
1084	113	12	100.47
101	3784	3	12.94
104	1272	4	15.15
347	111	3	6.54
240	101	13	11.04
181	320	3	18.39
103	5062	3	22.41
388	14	11	15.69
109	103	158	218.13
160	120	6	9.2
789	14	5	7.33
4978	14	3	16.76
105	767	6	20.8
2049	125	3	22.83
106	525	8	26.19
123	1262	3	17.6
1828	111	4	27.18
400	109	5	15.53
130	2472	4	37.88
120	160	5	6.24
101	413	12	22.48
106	139	22	16.59
129	201	4	10.91
136	652	4	25.31
104	1376	3	10.03
101	3992	3	12.94
236	103	6	5.27
1703	105	3	11.43
105	1738	3	11.43
118	134	53	210.69
362	110	6	20
2107	12	4	19.49
113	101	240	264.27
2758	104	3	14.36
320	125	3	10.39
785	104	3	6.16
114	378	4	11.9
105	1227	4	14.52
520	114	5	20.91
2	259	5	20.21
1063	14	5	10.1
101	1686	3	6.55
327	108	3	4.78
102	152	24	21.2
158	410	3	17.75
144	188	4	13.84
136	316	12	82.87
12	3869	3	17.22
1548	12	3	9.83
914	118	7	47.59
136	148	4	6.74
173	111	9	17.23
541	101	8	13.92
348	791	3	31.46
420	12	4	4.7
105	155	26	39.27
439	245	3	24.83
119	1382	3	17.93
110	776	4	16.94
158	110	8	8.9
101	611	7	11.81
106	1105	3	8.65
102	1275	5	18.74
601	1278	6	89.04
3257	14	4	17.46
286	14	20	37.79
131	155	4	6.33
104	1627	4	17.92
104	2787	4	25.09
102	1082	3	6.51
151	356	45	549.26
247	14	10	4.86
170	3715	4	54.05
189	177	144	2165.06
101	5082	3	17.32
1583	103	3	10.53
129	392	3	12.22
110	331	7	24.13
866	14	5	7.8
105	828	3	6.49
174	143	3	7.83
1129	126	6	48.28
824	123	3	14.81
109	163	8	9.3
3125	14	4	17.46
126	110	17	14.77
128	249	3	9.11
137	619	3	17.2
101	1188	6	16.44
250	194	6	43.14
102	2044	4	16.84
101	4139	4	23.09
12	2524	5	30.75
1559	106	3	10.8
114	2678	3	20.66
603	128	6	39.48
2746	102	3	12.63
1280	1662	4	65.12
117	105	60	44.5
117	301	3	7.39
243	104	6	5.96
193	2	4	9.7
103	1155	9	49.24
151	109	8	7.12
122	888	3	15.25
130	545	4	22.12
110	1098	4	19.87
101	2143	3	8.22
119	1193	5	33.99
168	134	6	17.05
595	105	3	4.71
3025	102	3	14.15
8	218	4	8.45
101	861	4	5.26
296	103	9	18.44
144	223	3	10.87
101	1013	4	6.48
103	1718	3	11.24
12	296	37	185.2
691	14	7	12.27
267	115	3	6.44
3151	120	3	24.33
101	1695	4	11.3
678	105	4	9.45
1369	141	4	33.71
372	118	4	13.85
103	2374	5	29.08
1096	12	3	7.31
101	3477	3	12.94
141	894	4	29.94
104	2083	4	20.63
111	1307	4	23.06
546	104	3	4.31
103	2629	4	22.34
137	228	10	57.75
12	372	8	16.71
411	105	4	5.5
12	552	30	216.81
115	374	4	13.67
1912	106	3	12.34
12	1311	8	42.72
12	1244	3	8.17
405	117	4	14.67
1374	196	9	118.27
172	200	3	12.62
106	872	3	6.86
452	440	3	29.5
1393	117	3	17.81
116	103	42	12.2
121	377	3	9.23
111	535	7	34.15
103	4438	3	22.41
470	154	3	18.35
257	1588	5	63.27
1197	103	4	14.27
108	414	4	10.29
108	490	5	17.07
592	126	3	14.77
103	730	16	94.09
112	160	17	46.19
147	101	33	13.76
101	1744	3	6.55
3124	102	3	14.15
1602	14	4	9.64
180	124	4	8.34
629	14	6	7.95
104	830	6	22
373	108	3	5.57
283	120	3	7.34
103	3599	3	17.96
121	276	4	11.8
1707	14	5	16.07
111	134	16	19.34
303	115	3	7.17
313	397	3	25.81
105	423	5	8.96
101	1080	4	6.96
101	1028	6	14.62
889	113	11	81.86
121	3150	3	24.33
107	589	6	24.74
1661	139	3	25.2
188	531	4	32.25
157	14	29	12.42
106	188	9	6.73
103	1138	3	8.4
114	428	18	119.06
209	105	9	9.77
137	891	4	28.9
101	1340	8	31.37
101	1280	10	47.16
3254	141	4	43.95
185	109	8	13.96
223	155	3	12.05
166	111	7	9.55
132	215	3	7.91
166	158	4	13.77
104	1486	6	31.81
109	403	19	116
119	1108	3	16.31
427	12	4	4.85
796	12	19	129.38
101	3719	3	12.94
109	210	4	4.3
109	329	3	5.31
119	700	8	52.43
163	683	4	31.39
967	14	5	9.44
326	105	18	67.16
1125	132	5	39.33
268	117	13	66.26
197	132	3	6.77
1679	102	3	9.68
5460	14	3	16.76
3024	14	3	10.28
214	306	3	20.19
101	149	128	379.7
486	125	3	13.32
319	109	3	5.13
104	394	11	34.73
161	300	3	15.81
683	113	3	11.1
1144	104	3	8.51
257	816	7	82.29
285	117	10	46.95
101	1154	4	7.49
101	1206	12	62.35
131	939	3	18.59
1608	113	5	34.29
136	741	7	55.17
105	939	4	12.2
13	4484	3	43.24
340	148	3	15.21
109	1353	3	14.22
1316	14	3	4.4
103	1265	3	8.85
138	13	3	8.71
1327	105	3	9.53
106	110	56	10.47
636	106	3	5.16
120	140	7	7.53
188	154	8	41.73
365	103	5	7.19
385	355	4	37.75
103	1443	4	15.8
138	379	20	178.32
101	267	44	164.83
352	102	6	7.44
113	1217	9	70.57
122	111	14	4.87
162	1033	3	24.73
130	649	4	23.67
104	443	16	69.57
116	684	3	12.72
101	3007	5	28.87
491	454	3	30.2
126	129	7	7.4
119	723	4	20.32
141	238	3	11.24
141	109	18	29.84
2349	14	4	13.16
354	1913	5	70.43
710	14	8	16.86
119	315	9	42.75
1523	14	4	9.64
947	102	4	9.95
101	1921	3	7.31
1008	114	4	20.77
101	778	6	11.23
811	104	3	6.43
150	8	110	778.14
370	890	3	32.64
104	1036	3	8.09
1275	106	3	9.61
283	106	6	7.94
105	478	4	6.72
101	899	9	28.04
213	127	3	7.04
134	146	4	5.44
102	297	7	8.4
107	459	3	6.64
103	928	10	52.03
112	438	5	18.71
127	222	4	11.9
102	1447	3	8.37
596	104	3	4.65
1765	14	4	10.61
119	568	6	32.17
114	2350	4	29.06
105	1134	3	8.57
159	103	16	13.83
108	286	3	4.05
105	1238	7	35.1
1431	14	4	8.81
1959	106	4	19.36
137	563	3	16.76
1063	115	3	15.5
114	1027	5	28.52
103	909	3	6.92
101	1754	4	11.3
109	4246	3	27.53
149	1922	3	27.7
881	12	4	10.58
159	146	22	133.27
109	998	10	70.76
109	878	8	48.91
103	2295	4	20.47
355	202	5	39.42
136	332	4	18.94
1236	113	3	14.96
104	800	4	10.79
101	2326	3	8.22
154	200	24	189.89
101	2146	3	8.22
101	2222	5	20.72
168	251	3	15.32
524	108	3	7.8
144	246	39	382.89
101	942	8	23.71
107	308	3	4.26
158	124	11	35.26
105	3086	3	15.97
101	687	5	6.48
101	731	14	52.92
108	1144	5	26.76
569	748	5	63.49
1179	101	3	4.03
130	101	122	175.05
377	104	7	14.92
140	489	8	60.91
104	1703	9	67.63
104	1822	4	19.15
535	14	9	15.7
885	102	14	78.06
191	124	4	8.8
304	120	13	72.43
12	350	28	131.87
640	14	5	5.12
286	115	9	39.84
5117	14	3	16.76
103	720	10	43.86
103	3129	4	24.93
1370	102	4	12.91
101	3857	3	12.94
845	102	12	58.47
12	2194	3	12.32
103	265	44	236.15
123	57	4	14.83
1507	101	5	15.58
103	1536	5	23.73
101	178	27	25.67
106	457	4	6.43
121	1072	3	16.16
340	352	14	168.47
110	253	14	58.38
2943	14	3	10.28
1403	102	5	19.81
101	3094	3	10.82
122	255	4	11.29
162	880	4	33.93
2446	2438	3	54.66
1553	102	3	8.98
801	128	3	17.16
1247	14	3	3.97
106	155	16	12.75
441	345	3	27.39
102	852	4	9.07
101	1243	10	44.04
113	289	11	48.3
660	146	5	37.82
229	142	3	11.43
162	3345	3	35.21
320	111	12	57.21
946	14	5	8.85
2438	102	3	12.63
132	175	5	13.56
2010	108	3	16.41
132	292	4	16.72
12	2601	3	13.51
155	1253	3	24.74
379	1386	11	181.7
170	136	5	13.85
101	1502	6	21.64
114	323	21	129.23
576	309	3	28.53
337	14	17	33.01
4540	14	3	16.76
103	2944	3	15.78
179	157	9	48.89
753	145	3	20.05
179	110	29	120.19
110	149	29	88.97
104	483	6	14.72
1572	115	4	27.1
344	111	3	6.54
106	514	4	7.44
101	181	68	190.43
104	2769	3	15.9
181	1543	3	29.49
120	289	3	7.59
157	129	20	91.75
103	1173	7	33.23
101	434	19	57.98
102	841	6	18.64
161	449	10	89.12
2035	379	3	38.4
171	14	22	8.28
5058	102	3	20.75
1499	770	3	41.86
2164	110	3	18.31
122	513	6	32.04
132	117	9	7.45
422	103	4	5.46
433	102	29	156.98
211	105	9	10.13
118	152	10	20.51
101	1246	10	44.04
103	582	13	59.2
459	113	3	8.57
105	1214	4	14.52
180	325	3	18.36
101	3491	3	12.94
206	114	4	5.53
12	106	181	58.92
127	333	5	23.22
101	1757	7	31.11
238	102	8	7.51
2900	145	3	30.78
105	530	4	7.57
970	9	3	16.31
105	378	5	7.79
162	233	11	80.44
485	111	7	32.74
121	101	76	11.88
110	1080	3	13.01
130	160	5	10.39
105	275	17	54.08
110	773	4	16.94
119	1377	4	26.63
770	14	4	4.04
1221	102	3	7.35
4991	14	3	16.76
1455	14	3	4.88
2051	115	3	19.84
425	154	4	25.55
101	794	5	8.09
109	3342	3	23.05
144	496	4	25.75
101	742	12	40.12
2359	102	7	48.43
137	172	5	14.87
9	17	11	40.9
376	14	8	6.73
103	761	4	10.25
107	3811	3	22.18
377	109	4	10.23
103	2615	3	14.24
101	3280	4	18.2
252	101	24	49.77
460	111	4	13.62
105	3797	3	18.16
829	111	3	12.34
277	8	4	11.55
191	127	4	9.3
2085	115	3	20.85
1157	1056	3	41.74
200	172	4	19.09
929	333	5	59.82
467	14	7	7.3
154	546	6	47.58
116	120	15	10.96
183	103	10	7.91
1502	4429	3	59.08
124	146	5	6.82
125	860	8	63.29
158	127	7	17.5
353	509	3	28.59
107	217	16	55.36
1077	12	4	12.09
1138	139	3	22.13
187	101	41	74.42
114	1765	5	35.91
2	1390	3	20.87
101	2310	6	29.01
12	3889	3	17.22
276	16	3	14.69
718	14	5	6.12
101	3446	3	12.94
408	121	3	9.87
443	110	4	12.15
216	101	16	13.4
12	252	47	240.36
196	12	9	6.2
911	904	4	54.63
109	385	9	38.32
110	1323	4	21.94
132	129	17	47.22
104	1608	7	40.52
375	102	17	58.04
641	112	4	16.45
16	105	18	17.98
107	1842	3	16.19
12	659	9	33.2
7	14	39	9
2360	14	3	7.7
1856	102	5	24.2
113	140	21	47.96
101	1354	8	31.37
2121	14	3	7.7
125	105	60	85.45
181	1196	5	52.24
107	905	4	16.8
157	230	3	13.25
103	1176	4	13.62
5355	120	3	31.03
2744	102	5	29.25
659	134	3	16.39
122	498	4	17.69
117	279	10	46.31
122	347	7	32.49
241	104	12	24.94
653	12	3	4.52
104	202	18	38.38
149	566	5	37.24
670	9	3	13.75
208	155	5	23.83
786	101	5	7.65
1216	104	5	20.62
135	136	7	12.64
110	249	3	3.89
297	284	3	23.11
482	355	3	28.21
105	2513	3	14.43
583	115	4	17.82
1864	112	3	18.31
145	110	12	15.46
441	367	3	27.89
101	331	20	48.21
237	14	14	11.12
114	110	36	29.68
114	239	29	173.63
106	1116	3	8.65
192	364	10	91.72
103	312	5	5.85
152	169	3	8.34
205	116	3	4.01
1624	9	4	28.76
261	131	3	9.77
126	141	13	37.1
141	104	31	38.1
109	136	14	13.09
260	117	4	10.64
846	106	3	6.86
114	1133	7	48.22
181	1116	4	38.88
1891	14	3	6.8
827	112	5	25.78
103	1247	4	14.27
218	104	6	3.9
105	869	3	6.78
117	153	5	4.77
149	181	3	9.17
185	104	14	18.73
1457	321	7	97.89
123	149	6	8.21
175	197	4	19.49
103	433	31	192.62
7	292	4	18.87
101	1343	6	18.69
1510	102	3	8.98
106	1136	3	8.65
490	123	13	91.83
2042	14	3	6.8
103	182	35	103.33
101	3834	3	12.94
101	3886	3	12.94
207	1710	3	31.95
174	111	7	11.39
542	101	5	4.7
174	158	3	9.63
101	2945	3	10.82
110	178	5	4.81
104	509	3	4
101	3065	4	18.2
816	102	11	49.16
145	188	3	8.77
365	120	3	8.98
2515	102	3	12.63
981	132	3	19.14
104	2763	3	15.9
167	193	5	24.49
103	3355	4	29.88
104	970	7	31.09
563	117	5	24.65
4072	102	3	16.32
111	388	12	63.03
109	3312	3	23.05
12	1355	8	42.72
1400	118	3	17.84
9	12	92	128.84
101	2039	3	7.31
391	104	5	8.06
969	125	3	18.03
137	139	13	45.94
12	536	25	150.51
112	101	296	429.21
114	693	5	23.96
101	3274	3	10.82
103	2517	3	14.24
638	14	6	7.95
1336	102	12	83.03
363	110	3	6.12
3119	102	4	22.73
119	451	3	10.31
2340	102	3	11.45
1369	117	3	17.22
108	103	107	69.61
2206	12	3	12.32
196	9	5	11.61
731	109	3	10.39
107	1211	3	12.85
101	1093	6	15.48
144	127	20	78.98
101	913	16	80.07
101	973	14	69.01
274	101	13	15.01
121	271	3	7.11
105	412	8	20.99
424	14	7	5.92
1406	14	4	8.81
1462	117	4	26.48
122	2235	3	21.79
225	123	18	99.83
324	134	4	17.64
105	459	5	9.87
554	104	4	7.72
154	144	3	5.89
318	12	5	5.07
104	818	4	10.79
153	125	4	5.18
206	113	4	5.44
180	127	3	5.16
3742	14	3	12.38
101	1768	6	23.53
107	1450	4	21.29
590	14	6	7.2
1925	102	4	16.84
12	487	4	5.9
114	784	3	11.99
696	14	5	5.76
2144	102	3	11.45
1625	14	4	10.61
5514	102	3	20.75
3907	109	3	23.05
149	1730	8	95.92
186	12	66	278.5
434	341	6	63.38
355	394	3	26.6
101	2599	4	15.68
217	12	9	9.08
101	2463	6	34.64
1890	102	3	10.49
124	123	11	11.39
101	745	4	4.3
425	278	3	25.37
1027	14	10	35.45
1083	117	3	15.74
104	494	10	35.75
149	533	4	27.29
111	984	3	13.42
105	713	4	9.78
122	340	3	8.8
133	131	5	4.44
103	1610	9	60.8
125	385	3	11.66
1032	196	14	193.42
107	802	3	10.15
5380	125	3	33.38
101	1431	5	14.4
992	14	8	23.52
109	105	133	153.72
628	112	4	16.45
1230	14	4	7.43
108	774	3	10.06
1628	115	3	18.98
142	108	12	12.05
103	450	15	63.21
103	382	11	33.28
16	136	3	4.39
106	274	7	10.69
101	566	7	10.88
2995	104	3	15.9
104	110	76	34.12
776	106	3	6.3
105	1020	3	7.77
112	458	5	19.24
169	108	103	668.33
101	1623	5	15.58
115	175	4	4.76
438	134	3	13.67
101	1773	6	23.53
657	125	12	99.16
336	129	3	11.26
105	1162	3	8.57
924	111	3	13.04
428	12	7	15.26
104	2081	4	20.63
101	2345	3	8.22
110	892	3	11.86
119	1191	3	16.8
720	102	3	4.22
424	112	3	7.97
944	105	4	12.2
144	175	3	8.04
435	106	4	6.08
104	2455	3	14.36
1917	14	3	6.8
817	112	5	25.78
1822	115	3	19.84
826	102	11	49.16
105	2955	3	15.97
2625	115	4	32.87
101	674	8	17.47
101	606	25	130.36
105	318	7	12.63
172	129	4	8.01
599	101	9	19.66
101	2602	3	9.35
116	316	5	17.5
671	354	3	30.41
439	309	3	26.62
835	113	10	70.03
108	507	3	7.45
105	1590	5	24.05
143	213	3	10.28
104	1827	5	27.12
137	290	3	12.1
793	102	4	8.68
411	103	5	8.48
1386	138	11	133.01
104	1268	5	21.6
160	123	4	4.18
628	14	5	5.12
897	102	6	19.36
1013	106	3	7.85
1601	14	5	14.7
119	2401	3	22.44
103	270	5	4.57
106	1349	3	9.61
215	114	4	6.21
5359	118	3	30.64
3729	118	3	26.15
400	104	15	57.64
120	101	323	758.69
1223	101	3	4.42
1708	14	3	6.06
104	348	6	10.06
1572	14	3	5.42
119	1821	4	29.93
101	2655	4	15.68
101	2790	5	28.87
1000	102	6	20.98
117	103	34	4.47
105	1087	10	56.52
106	127	24	7.21
106	200	10	11.26
232	101	30	67.72
2194	101	4	13.88
278	12	6	6.27
392	109	3	6.34
113	160	7	8.47
2715	14	4	14.96
108	717	4	15.02
102	5232	3	20.75
127	808	5	33.8
107	1807	3	15.34
1413	14	3	4.88
170	414	3	19
101	1278	5	13.37
101	1235	5	12.46
1785	14	3	6.06
251	114	5	12.48
130	1870	3	23.57
101	4156	4	23.09
119	1035	3	15.86
104	1488	3	10.65
132	261	3	9.92
440	111	4	13.2
104	320	19	72.82
103	4111	3	17.96
419	164	4	27.43
101	2704	5	23.58
101	2756	5	23.58
977	139	3	21.25
2050	102	6	32.64
125	120	12	12.8
102	672	3	4.01
103	1140	4	13.62
106	228	7	7.7
385	284	3	24.97
101	465	16	45.22
583	14	8	13.71
133	123	10	12.18
721	14	6	9.26
101	212	18	16.45
103	1448	4	15.8
103	3854	3	17.96
205	101	37	76.23
1130	101	3	4.03
233	9	4	10.65
101	3901	3	12.94
779	175	3	24.01
146	145	7	22.13
101	1489	4	10.32
170	310	19	184.25
1679	14	4	10.61
1209	123	8	66.9
1062	112	5	29.09
103	2480	5	32
3593	102	3	16.32
152	618	3	19.83
105	1437	5	22.81
488	12	7	17.46
101	1924	3	7.31
612	101	8	15.55
150	109	7	4.6
101	775	8	19.77
107	277	19	90.2
2994	109	4	31.73
132	1791	3	23.08
116	105	33	4.18
116	301	6	22.57
101	2617	5	23.58
764	102	13	62.55
172	117	9	22.13
122	618	4	19.35
724	315	3	30.17
513	102	5	8.58
867	14	8	20.21
173	143	4	11.97
227	105	7	7.33
106	695	4	9.56
4347	12	3	21.66
102	249	9	11.07
380	101	16	36.39
101	1790	3	6.55
182	155	4	15.15
216	116	3	4.65
101	1670	7	31.11
127	104	26	9.16
274	1373	3	33.82
119	386	5	20.3
2243	14	4	13.16
281	14	17	25.85
101	852	4	5.26
114	1946	4	27.54
367	321	3	25.49
114	5288	3	28.92
4246	383	3	49.12
172	110	10	18.38
224	117	4	8.46
521	115	3	11
131	175	3	5.32
321	111	6	20.02
404	114	3	7.81
127	369	3	11.58
104	3335	3	18.09
101	1799	4	11.3
127	295	3	10.1
727	101	6	10.69
453	200	5	42.48
1159	14	4	6.85
114	2200	3	19.43
140	253	4	17.88
104	647	12	56.18
207	244	4	26.24
104	699	6	19.48
105	376	7	15.07
8	2	14	18.59
673	12	3	4.73
101	897	4	5.63
106	612	4	8.67
12	1492	6	30.09
105	1057	5	19.06
155	454	3	18.03
101	2749	4	15.68
110	489	12	67.51
4275	2	3	33.7
3793	14	3	12.38
123	134	9	9.59
12	772	3	5.42
1198	106	3	9.11
209	123	3	4.96
155	4017	3	34.26
1474	108	3	14.17
1582	14	4	9.64
103	501	8	24.43
645	353	3	30.15
122	1257	3	17.38
142	7	4	6.7
251	113	49	374.26
101	3955	3	12.94
101	4159	3	12.94
509	534	3	31.69
105	1899	3	12.26
101	3698	3	12.94
219	134	7	30.36
114	305	41	321.89
1296	145	3	24.04
125	355	3	10.93
105	2528	3	14.43
107	663	4	14.06
107	767	3	9.86
114	1523	3	16.82
106	563	3	4.6
103	1577	7	40.23
237	112	5	11.31
122	242	5	15.49
497	104	10	35.75
106	407	8	20.82
8	1037	3	15.96
104	374	6	11.12
1475	117	3	17.81
110	207	4	4.4
103	3780	4	29.88
2040	102	4	16.84
1370	14	3	4.4
416	191	4	29.95
337	112	3	6.58
141	326	3	13.54
1158	102	8	36.61
261	123	3	7.25
113	438	3	8.27
103	263	6	6.71
1791	109	8	67.18
311	101	18	36.06
113	482	3	9.05
146	224	3	11.11
707	104	3	5.67
181	200	6	35.57
103	398	13	45.23
103	569	6	16.37
164	101	64	134.66
2631	187	3	33.66
132	124	7	7.63
103	2874	5	37.36
154	708	4	30.46
104	223	6	4.05
110	581	11	64.77
198	128	15	78.61
171	112	5	4.94
218	134	3	8.1
117	123	16	15.11
106	258	7	9.72
3541	113	3	24.35
111	164	7	9.44
390	113	4	12.13
111	109	22	4.27
114	5492	3	28.92
569	1075	4	52.1
131	1364	6	52.12
105	391	10	29.34
121	240	6	19.89
207	318	4	29.01
194	393	4	29.69
134	168	5	12.55
134	105	41	46.78
1175	105	3	8.57
1593	128	7	67.07
101	940	10	35.51
2617	102	4	20.16
12	105	124	5.7
239	130	4	13.98
114	1085	4	21.35
256	108	5	9.77
105	1213	7	35.1
119	353	8	38.17
104	2080	3	13.17
103	2241	3	13.04
234	104	8	10.57
101	3428	3	12.94
377	12	6	9.67
109	621	9	49.43
212	153	3	11.42
143	136	5	9.15
103	2446	3	14.24
105	3907	4	30.15
112	278	4	9.15
249	250	3	20.74
1868	106	4	19.36
8	1152	3	16.41
101	2006	4	12.46
585	257	4	38.7
1149	126	3	19.19
611	102	19	99.18
242	109	12	43.63
1477	101	3	5.35
110	658	3	9.87
2883	680	3	46.49
528	115	7	38.05
1932	14	4	11.76
217	108	7	13.76
3248	14	3	10.28
292	14	30	85.78
359	208	4	30.22
105	3058	3	15.97
442	12	5	8.32
102	571	4	6
177	104	132	842.3
381	373	3	26.83
103	640	11	47.5
101	1876	3	7.31
109	2385	3	18.05
5347	106	3	22.7
105	1589	3	10.72
114	2626	4	30.96
674	102	4	7.32
104	1826	4	19.15
1253	14	4	7.43
854	106	4	11.4
252	117	3	6.22
323	14	12	14.4
101	3221	4	18.2
108	152	10	10.59
17	105	11	12.34
1085	14	6	14.46
2836	212	3	37.04
153	117	14	37.12
104	2082	3	13.17
137	365	5	27.82
107	1132	4	19.03
267	187	3	17.32
101	1698	3	6.55
147	215	3	10.91
216	129	6	22.89
595	12	6	15.44
399	146	5	31.75
133	957	3	18.83
225	118	10	40.15
104	2396	4	22.51
101	1066	4	6.96
2470	123	6	63.11
318	108	3	4.6
101	2278	4	13.88
1768	102	3	9.68
121	117	54	154.26
2704	102	3	12.63
106	276	6	7.8
101	417	14	31.29
101	501	12	28.44
101	553	6	7.37
107	949	4	17.3
104	101	820	1182.48
104	171	13	11.51
383	104	5	7.88
117	165	7	13.16
105	906	3	7.09
201	114	4	5.27
522	111	4	14.81
201	185	11	80.63
105	1742	3	11.43
912	102	6	19.36
448	121	3	10.6
101	1322	5	13.37
265	102	32	126.28
779	444	3	33.09
105	3638	3	18.16
128	103	30	15.88
101	1441	4	9.48
103	344	25	116.2
146	172	3	7.67
2879	108	5	44.8
127	1029	3	18.35
132	500	3	14.59
233	345	3	22.38
407	109	3	6.59
126	160	12	42.55
152	127	6	12.22
627	141	22	248.04
247	101	23	45.11
109	1581	3	15.46
161	314	3	16.11
105	651	9	35.92
1433	14	4	8.81
151	414	3	17.07
107	692	5	20.32
1446	105	3	10.09
786	117	7	44.88
319	106	6	9.38
110	234	5	9.75
101	3011	3	10.82
237	114	3	4.29
103	1567	3	10.53
103	1499	4	16.71
106	542	7	21.43
138	407	3	14.64
106	363	9	23.2
477	289	3	26.73
230	644	5	50.34
101	1414	4	9.48
197	133	10	45.66
159	942	5	45.03
1802	14	3	6.06
141	120	15	34.98
195	103	14	20.68
110	1459	4	22.77
562	1363	3	38.52
211	134	5	17.57
675	14	11	29.98
179	442	5	39.7
118	221	9	32.21
1552	14	4	9.64
119	1034	4	23.7
559	381	3	29.84
101	3977	3	12.94
123	208	3	4.91
1869	118	3	20.11
113	258	3	4.89
101	1337	5	13.37
260	125	3	8.89
157	101	25	9.17
101	569	10	22.56
330	361	5	47.74
101	2806	3	10.82
129	223	4	12.31
104	321	8	16.45
129	124	22	63.34
949	102	11	54.42
719	590	4	48.55
166	3154	3	33.48
8	244	3	6.15
745	138	3	18.78
673	123	12	93.16
102	105	259	139.54
134	193	4	10.76
1092	154	4	34.29
107	590	5	18.7
984	14	6	13.61
104	829	5	16.33
154	111	11	18.69
101	2293	4	13.88
121	129	21	44.8
283	118	7	27.59
104	649	9	35.71
104	2097	5	29.28
119	521	6	31.3
478	128	3	13.7
750	102	4	7.96
115	140	8	8.86
216	117	10	37.58
634	106	6	18.23
1239	364	7	96.37
12	135	353	2089.68
3576	102	4	27.67
105	3933	3	18.16
4484	14	3	16.76
784	106	3	6.3
103	625	12	54.46
112	110	31	18.87
105	3728	3	18.16
1545	115	3	18.23
12	446	21	100.39
890	131	3	18.22
119	136	19	43.21
143	104	16	7.43
165	155	4	13.11
3003	104	3	15.9
221	129	3	7.59
116	104	64	51.13
104	1084	7	32.25
105	169	12	9.25
103	1902	3	12.07
124	197	7	24.09
101	826	19	101.9
105	2967	3	15.97
3110	14	3	10.28
317	109	3	5.04
108	118	26	15.07
101	1716	7	31.11
101	1664	5	16.96
291	105	6	8.41
105	3934	3	18.16
346	124	4	16.52
196	108	5	5.26
2145	14	5	19.8
101	896	6	13.1
101	1032	10	39.22
280	467	3	26.17
353	321	5	47.34
107	406	12	56.49
283	109	3	4.41
101	4336	3	17.32
162	136	4	8.54
104	1106	5	19.74
677	101	9	21.93
122	664	4	20
162	385	5	34.94
199	129	10	44.31
101	777	7	15.29
101	853	14	59.51
2959	14	3	10.28
124	209	7	25.86
101	641	6	8.85
107	203	17	55.68
2298	14	4	13.16
139	117	12	21.63
557	335	3	28.97
1186	322	6	77.03
581	12	4	7.23
200	111	7	14.9
152	664	7	60.55
120	1405	7	58.07
101	1615	3	5.91
101	1463	5	14.4
194	3165	3	35.71
483	191	3	21.81
3410	14	3	12.38
3013	106	3	16.06
132	390	3	12.73
264	103	9	16.25
514	140	3	16.88
402	108	3	6.03
542	117	3	11.43
4461	102	3	20.75
135	134	8	14.51
103	3732	3	17.96
275	102	21	64.26
2245	102	7	48.43
107	662	3	8.83
107	714	4	14.74
145	101	87	160.41
297	9	3	8.29
106	411	4	5.59
114	1319	4	23.42
104	3139	4	25.09
114	3931	4	38.57
129	246	3	8.99
118	103	71	66.49
473	108	3	7.13
1007	102	10	48.4
397	14	15	30.99
109	451	5	17.24
532	419	5	55.94
1815	14	3	6.06
175	146	4	13.01
16	107	7	4.36
194	1694	3	30.99
181	363	3	19.21
114	424	6	24.29
940	114	3	13.31
103	554	3	4.21
103	418	18	79.42
101	3939	3	12.94
103	2875	5	37.36
580	167	3	21.26
935	12	4	11.05
184	1429	3	29.05
3740	14	3	12.38
333	106	6	9.93
2057	102	3	10.49
204	103	11	13.93
1420	14	6	18.99
105	2167	5	29.4
328	1086	4	46.7
129	144	17	63.16
119	1831	3	20.2
101	4950	3	17.32
104	373	6	11.12
101	3093	5	28.87
3612	141	4	48.95
1388	136	3	22.53
344	102	8	13.51
106	512	6	15.71
1678	14	4	10.61
167	310	3	16.69
114	1591	4	25.21
1888	102	6	32.64
5488	102	3	20.75
101	1568	5	15.58
1643	14	3	6.06
119	757	3	13.72
337	113	3	6.6
109	233	14	53.62
103	2958	3	15.78
126	114	32	69.62
809	141	3	19.87
126	185	4	9.11
149	1158	3	23.76
137	158	3	5.02
137	111	32	88.9
128	804	4	25.37
106	1735	4	18.13
131	140	5	6.95
342	121	5	19.36
3727	115	4	40.48
101	5347	3	17.32
398	102	6	8.89
474	106	4	6.81
1078	117	4	23.55
109	792	5	23.7
2368	14	3	7.7
102	2827	3	14.15
1861	103	4	18.99
116	193	4	6.17
103	5230	3	22.41
148	250	7	42.5
101	4652	3	17.32
127	1358	3	20.27
994	109	3	12.35
124	109	19	16.58
103	2000	3	12.07
203	148	4	16.13
107	358	3	5.07
1844	12	3	11.35
102	136	67	112.17
134	104	30	20.56
106	712	3	5.8
119	1114	3	16.31
148	419	4	24.72
140	312	3	13.3
2885	102	3	14.15
245	14	27	55.95
206	225	4	25.2
868	14	7	15.61
2	13	6	20.61
907	109	12	87.39
394	12	4	4.27
109	4247	3	27.53
1758	101	3	6.55
107	2199	3	17.19
122	573	6	33.32
105	890	4	11.73
106	143	14	4.93
106	260	6	7
288	14	13	14.46
1272	14	3	4.4
105	2170	3	13.24
107	1009	3	11.52
164	110	12	24.1
1896	14	3	6.8
113	175	5	5.75
1546	102	4	14.59
543	103	3	4.21
12	823	3	5.69
114	510	4	14.91
101	4124	3	12.94
694	133	3	16.63
559	502	3	31.91
734	185	4	35.1
119	670	7	42.95
179	158	4	15.39
665	12	4	8.05
179	111	13	36.52
105	2064	3	12.26
103	253	19	59.29
215	170	3	13.51
437	103	8	21.69
103	1600	3	10.53
103	1532	3	10.53
104	2768	3	15.9
135	295	3	11.46
104	484	5	10.54
588	12	3	3.96
122	318	9	44.79
918	309	3	31.75
107	171	12	21.68
481	109	3	7.71
199	124	3	5.87
1988	102	3	10.49
1690	14	3	6.06
116	134	8	5.46
119	1378	3	17.93
110	652	3	9.87
165	223	6	35.16
114	4678	3	28.92
1607	14	3	5.42
143	134	4	5.07
3830	14	3	12.38
166	900	3	24.02
3510	2456	3	58.48
1473	104	4	15.96
112	339	3	6.58
103	716	11	50.94
104	3541	3	18.09
12	236	7	6.46
114	1023	3	13.69
12	311	36	182.56
114	1091	11	88.79
115	160	9	18.22
101	1817	8	46.19
147	127	6	10.87
162	1383	5	51.09
119	355	3	8.48
4664	115	3	30.36
234	106	8	10.89
190	150	27	207.24
111	103	82	56.11
114	3635	4	38.57
102	281	6	5.13
101	1050	4	6.96
103	1731	3	11.24
121	144	7	8.97
303	101	8	4.86
446	129	3	13.23
253	123	3	7.03
853	14	4	4.68
296	134	10	61
106	602	4	8.67
980	106	3	7.85
134	251	3	9.78
163	1331	3	26.24
101	1729	5	16.96
103	1000	3	7.6
101	1805	3	6.55
101	1864	3	7.31
3064	553	4	64.2
12	251	12	23.88
112	374	3	7.22
178	1893	3	30.88
2517	14	3	8.82
103	2208	3	13.04
3172	114	3	22.23
130	1272	6	51.69
271	263	3	21.73
1239	102	4	12.2
191	128	4	9.6
499	117	6	30.27
101	638	13	40.51
102	539	5	9.15
122	2529	3	23.03
101	2482	4	15.68
183	165	3	11.09
221	144	3	10.81
599	129	4	22.81
226	104	9	12.77
106	422	4	5.75
319	121	3	8.15
122	244	4	10.81
161	182	4	16.19
389	102	34	186.04
135	193	7	27.44
2963	14	3	10.28
104	379	4	4.72
2543	120	5	46.34
371	103	5	7.35
3713	102	3	16.32
126	140	8	15.8
3296	14	4	17.46
141	105	16	6.03
3571	102	3	16.32
477	101	13	31.41
105	3232	3	15.97
198	4055	3	38.4
101	1550	3	5.91
103	313	6	8.76
123	136	7	6.26
110	4062	3	23.31
122	1318	3	17.91
397	112	5	17.51
1307	14	3	4.4
103	2642	3	14.24
2474	102	5	29.25
4074	14	3	12.38
105	951	5	17.65
508	103	5	10.64
293	117	7	28.4
117	280	3	6.89
101	2739	3	9.35
527	102	14	55.27
1017	108	4	18.12
107	1024	3	11.52
1834	12	3	11.35
101	382	17	40.89
117	1224	3	16.68
205	110	7	13.9
427	106	5	9.3
925	14	9	27.77
233	284	11	108.02
119	788	3	14.02
1395	12	3	9.21
4452	4295	3	71.3
311	129	3	10.64
101	329	19	42.94
103	1458	4	15.8
105	665	3	5.29
105	749	7	25.94
958	14	5	8.85
104	577	9	33.36
101	3124	3	10.82
1260	14	4	7.43
104	510	13	55.36
154	857	12	130.36
508	221	3	24.16
704	112	3	11.33
329	130	7	38.07
1338	126	4	29.66
293	110	3	4.92
108	1877	3	16.41
222	175	7	45.48
129	188	4	9.57
1655	101	3	6.55
102	746	4	7.96
106	293	5	5.69
101	403	11	18.28
106	226	8	10.17
107	1872	3	16.19
4295	12	3	21.66
641	114	3	10.7
114	544	7	35.29
792	309	3	30.69
103	434	8	21.69
113	259	4	8.57
113	215	4	6.12
305	104	7	11.87
101	1225	4	8.08
250	118	3	6.25
1675	106	3	11.51
343	108	3	5.05
1759	102	7	39.02
101	3970	3	12.94
4441	102	3	20.75
525	105	5	11.51
12	199	38	125.2
119	452	4	16.02
484	111	4	14.08
108	165	14	28.39
12	5165	3	21.66
825	118	11	85.01
105	1181	4	13.86
4079	113	3	24.35
101	2256	4	13.88
276	127	3	9.66
105	360	5	7.28
8	241	68	625.4
4870	102	3	20.75
3216	120	3	24.33
101	912	5	9.09
1945	102	5	24.2
12	1475	3	9.21
134	199	3	7.01
287	223	4	29.24
1500	4542	3	59.08
194	186	63	722.82
299	123	3	8.23
101	2511	5	23.58
1001	113	4	20.65
104	971	7	31.09
108	1186	3	12.58
119	281	3	7.07
295	114	8	30.35
224	101	12	6.14
101	2038	6	25.87
1581	130	3	21.96
773	14	4	4.04
2680	14	4	14.96
140	432	8	58.45
108	397	3	5.91
2562	14	3	8.82
101	3226	4	18.2
101	3158	3	10.82
104	1630	3	11.36
304	12	5	4.7
101	2090	3	8.22
101	2023	3	7.31
353	484	3	28.21
630	118	4	18.8
353	440	3	27.51
106	901	3	7.17
847	109	3	11.28
101	608	7	11.81
103	2119	4	20.47
103	2060	8	59.78
101	2388	5	20.72
148	184	4	14.48
136	212	3	8.44
3243	102	3	14.15
331	102	5	4.4
815	278	3	29.91
101	2131	5	20.72
121	124	17	26.79
101	2343	3	8.22
103	5577	3	22.41
102	208	19	34.52
181	1794	5	57.19
745	116	3	13.25
364	181	4	27.99
103	1806	5	25.18
582	111	3	10
471	136	4	22.47
203	384	3	21.13
144	287	3	13.52
12	285	23	84
127	208	3	6.71
12	183	53	192.9
147	258	3	12.93
257	4030	3	41.69
657	117	3	12.53
108	147	11	11.05
1289	102	4	12.91
206	112	4	5.41
520	117	8	45.96
119	367	3	8.82
257	1336	10	144.16
101	1176	3	4.03
164	230	3	14.19
123	105	81	115.04
1009	14	4	5.86
403	102	20	80.48
114	455	12	69.56
307	118	3	7.6
155	1317	5	48.35
863	104	5	16.33
340	181	3	18.73
101	2641	3	9.35
103	3960	4	29.88
117	109	19	6.67
117	164	6	9.7
298	121	3	7.78
103	1219	5	20.42
106	140	19	10.96
232	110	12	42.88
1568	106	3	10.8
101	312	20	45.13
103	1473	3	9.91
133	197	17	96.31
495	103	4	6.91
693	115	11	78.46
1734	102	8	49.13
214	319	7	60.4
254	105	5	4.21
145	130	4	4.83
120	110	21	12.25
888	14	5	8.3
103	3765	4	29.88
135	104	19	5.38
228	109	4	5.81
105	712	3	5.73
240	170	3	14.89
311	117	7	29.1
2218	14	3	7.7
101	1432	4	9.48
219	105	6	4.07
515	383	6	67.79
