2870	1
7740	2
4819	3
7396	4
7333	5
4837	6
4169	7
6386	8
2632	9
563	10
948	11
3798	12
535	13
6197	14
273	15
913	16
957	17
671	18
7548	19
3229	20
911	21
6136	22
7878	23
27	24
7798	25
7216	26
100	27
5569	28
1819	29
4323	30
1483	31
14	32
4806	33
8441	34
6254	35
5634	36
5720	37
5858	38
1497	39
7713	40
1523	41
5075	42
5121	43
3643	44
4043	45
5496	46
165	47
3391	48
6959	49
6187	50
4163	51
656	52
7807	53
3614	54
7595	55
2247	56
1112	57
1376	58
3488	59
5063	60
988	61
7955	62
4236	63
5427	64
5847	65
417	66
2635	67
8484	68
4507	69
370	70
4035	71
5111	72
2277	73
7580	74
70	75
99	76
4166	77
1544	78
1229	79
174	80
5857	81
1556	82
1814	83
6009	84
4480	85
158	86
3862	87
2158	88
2349	89
3020	90
190	91
2528	92
2446	93
420	94
3966	95
3495	96
4643	97
6299	98
2358	99
7772	100
1752	101
2516	102
3122	103
4197	104
6342	105
781	106
4392	107
6102	108
8074	109
4948	110
118	111
7797	112
7679	113
2924	114
7386	115
7704	116
5283	117
2382	118
742	119
2841	120
8323	121
2860	122
150	123
687	124
1286	125
419	126
2145	127
3046	128
5019	129
638	130
509	131
7077	132
176	133
2208	134
5731	135
8060	136
202	137
631	138
1916	139
5200	140
3318	141
1984	142
8046	143
362	144
3087	145
744	146
443	147
1853	148
107	149
5529	150
80	151
86	152
730	153
8083	154
5027	155
4915	156
6776	157
4641	158
5318	159
634	160
5080	161
143	162
2486	163
563	164
531	165
8165	166
1651	167
2887	168
6219	169
4255	170
1251	171
924	172
5413	173
4982	174
8261	175
6247	176
158	177
11	178
7724	179
3557	180
2072	181
8026	182
821	183
8287	184
1482	185
7504	186
201	187
4666	188
475	189
1901	190
647	191
115	192
4889	193
1958	194
8305	195
5573	196
7329	197
7007	198
81	199
235	200
5264	201
18	202
337	203
5231	204
6	205
6911	206
848	207
7534	208
270	209
8332	210
6573	211
5310	212
7834	213
917	214
2103	215
611	216
8049	217
4565	218
7221	219
209	220
7358	221
238	222
1	223
8110	224
589	225
5386	226
5853	227
4933	228
1079	229
5587	230
2456	231
2979	232
4950	233
3279	234
587	235
7521	236
284	237
809	238
2786	239
8241	240
6941	241
5536	242
2899	243
8109	244
33	245
497	246
6533	247
7786	248
5323	249
4050	250
1070	251
27	252
3916	253
2648	254
7486	255
5387	256
7779	257
2625	258
6704	259
7159	260
4435	261
5686	262
5266	263
428	264
4448	265
8166	266
141	267
117	268
727	269
75	270
8139	271
1494	272
3954	273
891	274
6252	275
3525	276
3484	277
537	278
170	279
3645	280
6763	281
1830	282
1003	283
670	284
656	285
7082	286
4134	287
943	288
4098	289
513	290
655	291
8137	292
1458	293
1313	294
8184	295
3866	296
690	297
4022	298
1391	299
5109	300
7349	301
479	302
5588	303
591	304
7449	305
6710	306
673	307
6212	308
926	309
5137	310
7644	311
2626	312
4898	313
1006	314
5892	315
2173	316
6931	317
434	318
413	319
5474	320
826	321
3745	322
6860	323
5502	324
57	325
5880	326
1668	327
3651	328
2394	329
1841	330
8047	331
537	332
5864	333
6946	334
992	335
917	336
5551	337
7537	338
6280	339
3615	340
71	341
1023	342
5919	343
7407	344
3810	345
7165	346
610	347
3923	348
1491	349
5243	350
2756	351
5718	352
2695	353
7949	354
3891	355
180	356
632	357
7999	358
2013	359
5511	360
40	361
974	362
1990	363
204	364
5697	365
676	366
3607	367
2177	368
391	369
901	370
4636	371
8075	372
149	373
7989	374
761	375
3217	376
6910	377
7105	378
6906	379
6908	380
2507	381
1639	382
4728	383
7272	384
405	385
37	386
4133	387
6897	388
8157	389
5363	390
6624	391
870	392
4359	393
926	394
7638	395
85	396
8019	397
8209	398
849	399
371	400
4633	401
5353	402
7560	403
391	404
5056	405
425	406
6319	407
7840	408
7467	409
6272	410
3662	411
8242	412
6720	413
5204	414
471	415
4025	416
4349	417
1039	418
8225	419
1682	420
3090	421
2601	422
2379	423
1063	424
5491	425
6789	426
8041	427
240	428
2054	429
198	430
198	431
7360	432
7920	433
2796	434
394	435
998	436
5	437
4140	438
1751	439
1940	440
4649	441
3364	442
462	443
6712	444
7207	445
206	446
5385	447
2244	448
626	449
4351	450
7230	451
1756	452
741	453
5691	454
839	455
388	456
7800	457
4314	458
7056	459
1067	460
32	461
4811	462
5823	463
840	464
199	465
847	466
5505	467
2757	468
425	469
7437	470
5622	471
7357	472
7732	473
4	474
58	475
7605	476
2110	477
1791	478
3807	479
7631	480
487	481
8039	482
721	483
3215	484
657	485
1007	486
1638	487
716	488
26	489
1059	490
2468	491
7582	492
6013	493
1162	494
7392	495
7854	496
3874	497
7589	498
3458	499
2621	500
5602	501
2729	502
5174	503
5929	504
639	505
2324	506
2602	507
948	508
5950	509
6603	510
878	511
3268	512
279	513
989	514
2386	515
4316	516
5635	517
4463	518
2634	519
6569	520
668	521
8150	522
6198	523
2465	524
6195	525
35	526
2664	527
680	528
620	529
1444	530
1383	531
1631	532
4102	533
621	534
3283	535
12	536
2775	537
1168	538
737	539
4622	540
8389	541
5739	542
6741	543
8463	544
5270	545
1200	546
4380	547
1246	548
3726	549
980	550
3910	551
6200	552
8080	553
6202	554
1096	555
2665	556
2028	557
7459	558
2330	559
5074	560
8059	561
2038	562
7093	563
156	564
3340	565
1055	566
3163	567
3933	568
3086	569
3671	570
7932	571
7281	572
5671	573
599	574
4432	575
5503	576
439	577
7700	578
8425	579
2005	580
241	581
546	582
6462	583
3057	584
3342	585
501	586
2146	587
6444	588
396	589
6966	590
7277	591
4755	592
5037	593
3026	594
6376	595
842	596
7365	597
6019	598
2956	599
8196	600
5249	601
3644	602
1242	603
2159	604
3394	605
361	606
3794	607
7849	608
3457	609
408	610
2	611
6575	612
469	613
7432	614
5173	615
985	616
1220	617
731	618
61	619
1010	620
5926	621
6945	622
4376	623
3019	624
5824	625
1390	626
8152	627
2863	628
1122	629
4176	630
698	631
8200	632
7423	633
8091	634
360	635
336	636
5993	637
3696	638
2638	639
5022	640
7021	641
5770	642
52	643
3854	644
1148	645
4757	646
8253	647
2027	648
510	649
7376	650
220	651
4168	652
202	653
2210	654
6131	655
4691	656
2760	657
8017	658
3097	659
7194	660
5263	661
5662	662
6724	663
1698	664
4356	665
6505	666
2917	667
2920	668
2913	669
2909	670
4010	671
856	672
7148	673
2270	674
222	675
338	676
7515	677
4427	678
1961	679
3331	680
1933	681
1956	682
2675	683
6363	684
6853	685
1038	686
1003	687
583	688
919	689
1245	690
4219	691
984	692
143	693
3858	694
906	695
5018	696
11	697
7016	698
6185	699
4744	700
7460	701
7576	702
52	703
2242	704
754	705
960	706
5876	707
7822	708
987	709
1432	710
7238	711
277	712
6969	713
1550	714
2455	715
1034	716
6121	717
2108	718
4602	719
566	720
8250	721
1906	722
7825	723
5972	724
8476	725
835	726
2376	727
842	728
256	729
1536	730
818	731
238	732
5541	733
1712	734
1019	735
525	736
922	737
4607	738
820	739
404	740
7364	741
6142	742
7048	743
6417	744
460	745
26	746
1061	747
6351	748
219	749
4928	750
422	751
72	752
5057	753
2	754
6251	755
4906	756
8246	757
8101	758
6809	759
1696	760
4189	761
4896	762
3025	763
1167	764
1686	765
1062	766
5234	767
63	768
106	769
545	770
4027	771
1126	772
1230	773
8379	774
2644	775
7960	776
3767	777
3489	778
6982	779
3077	780
6218	781
3171	782
371	783
5856	784
4178	785
1040	786
4650	787
2470	788
751	789
790	790
4863	791
101	792
1130	793
8447	794
8335	795
2970	796
2475	797
7106	798
275	799
628	800
8337	801
215	802
6745	803
1027	804
6916	805
6926	806
7249	807
4110	808
823	809
928	810
5875	811
6547	812
7877	813
5191	814
1171	815
1831	816
354	817
3013	818
4223	819
6117	820
7626	821
297	822
6943	823
3479	824
1017	825
7311	826
1750	827
1975	828
7992	829
3435	830
2216	831
8092	832
8474	833
8138	834
3550	835
7731	836
5403	837
4300	838
580	839
4694	840
41	841
691	842
6347	843
5203	844
4720	845
45	846
2341	847
108	848
44	849
4628	850
5534	851
734	852
4046	853
7706	854
7707	855
1334	856
1734	857
5540	858
5422	859
1152	860
5225	861
2809	862
295	863
1616	864
3898	865
3968	866
3764	867
241	868
1437	869
3503	870
3882	871
7855	872
3681	873
7200	874
6940	875
5951	876
5269	877
7228	878
7551	879
6054	880
4258	881
458	882
2275	883
3539	884
5852	885
53	886
4973	887
536	888
5645	889
37	890
292	891
89	892
2731	893
7447	894
858	895
6565	896
3185	897
5070	898
1531	899
719	900
161	901
8329	902
475	903
7978	904
2383	905
2167	906
534	907
3861	908
8087	909
4875	910
5032	911
2320	912
841	913
1101	914
5120	915
205	916
5291	917
514	918
1001	919
7009	920
942	921
3564	922
1108	923
1567	924
281	925
524	926
6274	927
7648	928
7900	929
3032	930
6303	931
3441	932
7208	933
3292	934
6952	935
3917	936
805	937
5598	938
4241	939
4904	940
5139	941
7197	942
7727	943
4767	944
2160	945
202	946
69	947
3027	948
2348	949
5	950
6427	951
2123	952
7552	953
688	954
4073	955
6004	956
7646	957
5081	958
4949	959
112	960
2930	961
6652	962
421	963
3144	964
2872	965
1192	966
3104	967
4894	968
3755	969
2522	970
1298	971
472	972
780	973
5904	974
3899	975
614	976
7720	977
7910	978
2902	979
418	980
3205	981
6777	982
5990	983
1453	984
15	985
198	986
5480	987
555	988
963	989
231	990
4462	991
4957	992
3508	993
1009	994
975	995
7086	996
4455	997
8314	998
2719	999
5110	1000
4965	1001
4165	1002
5889	1003
455	1004
1031	1005
6977	1006
8020	1007
734	1008
66	1009
2931	1010
1692	1011
3255	1012
5741	1013
465	1014
3846	1015
924	1016
8187	1017
5998	1018
5317	1019
1966	1020
2768	1021
6390	1022
1051	1023
7054	1024
7754	1025
7030	1026
1949	1027
3787	1028
2316	1029
6939	1030
2595	1031
3150	1032
1041	1033
4350	1034
91	1035
981	1036
622	1037
4470	1038
19	1039
75	1040
1193	1041
4701	1042
4708	1043
7438	1044
7102	1045
6963	1046
3649	1047
4573	1048
328	1049
2389	1050
837	1051
837	1052
533	1053
2590	1054
1702	1055
4286	1056
2327	1057
268	1058
4988	1059
7739	1060
6304	1061
296	1062
239	1063
6999	1064
4051	1065
1078	1066
860	1067
892	1068
5016	1069
5408	1070
4997	1071
7121	1072
8340	1073
402	1074
6174	1075
571	1076
3553	1077
3530	1078
175	1079
6748	1080
4468	1081
4826	1082
349	1083
256	1084
3008	1085
7509	1086
8461	1087
6311	1088
573	1089
333	1090
5194	1091
4621	1092
6282	1093
913	1094
952	1095
118	1096
8100	1097
5131	1098
1758	1099
2448	1100
2176	1101
4361	1102
124	1103
4891	1104
411	1105
131	1106
1096	1107
380	1108
244	1109
246	1110
169	1111
6291	1112
7517	1113
7674	1114
1043	1115
8371	1116
950	1117
4916	1118
7143	1119
890	1120
18	1121
568	1122
1227	1123
36	1124
1796	1125
3245	1126
2047	1127
574	1128
8233	1129
445	1130
1076	1131
5239	1132
2134	1133
3407	1134
3072	1135
1197	1136
20	1137
8328	1138
5020	1139
7372	1140
1579	1141
477	1142
60	1143
6537	1144
991	1145
6016	1146
4437	1147
170	1148
788	1149
717	1150
2328	1151
235	1152
8468	1153
619	1154
4616	1155
1936	1156
5940	1157
14	1158
4108	1159
7899	1160
1065	1161
4261	1162
3246	1163
961	1164
1450	1165
7750	1166
1367	1167
2688	1168
8354	1169
4312	1170
6170	1171
587	1172
1902	1173
5953	1174
1036	1175
6380	1176
6227	1177
1299	1178
1910	1179
2008	1180
1009	1181
944	1182
7869	1183
6622	1184
8432	1185
5381	1186
631	1187
3375	1188
5010	1189
1671	1190
2606	1191
4580	1192
6	1193
3724	1194
5013	1195
6175	1196
2797	1197
5582	1198
4594	1199
404	1200
1995	1201
199	1202
714	1203
7629	1204
176	1205
4554	1206
1420	1207
3126	1208
5700	1209
3276	1210
7748	1211
3197	1212
79	1213
1325	1214
1337	1215
5833	1216
7990	1217
3769	1218
3852	1219
5606	1220
5093	1221
6210	1222
649	1223
1078	1224
5494	1225
7209	1226
7424	1227
299	1228
8260	1229
8240	1230
3250	1231
6154	1232
4662	1233
235	1234
658	1235
684	1236
5265	1237
5064	1238
2200	1239
6625	1240
5065	1241
7002	1242
13	1243
4707	1244
2082	1245
704	1246
5628	1247
4390	1248
253	1249
7018	1250
4173	1251
2959	1252
8	1253
1370	1254
7512	1255
2769	1256
7810	1257
7097	1258
5275	1259
6211	1260
6369	1261
2753	1262
541	1263
2187	1264
8029	1265
3468	1266
7666	1267
1030	1268
8381	1269
1093	1270
2747	1271
33	1272
7	1273
4994	1274
1143	1275
5082	1276
4	1277
5208	1278
1398	1279
965	1280
5916	1281
6333	1282
226	1283
7850	1284
5898	1285
7937	1286
616	1287
7175	1288
2904	1289
2317	1290
7618	1291
3155	1292
36	1293
2326	1294
7119	1295
7362	1296
1893	1297
5108	1298
5272	1299
1576	1300
7055	1301
4007	1302
8444	1303
7778	1304
1056	1305
5861	1306
257	1307
4188	1308
7303	1309
2211	1310
815	1311
757	1312
216	1313
1790	1314
875	1315
757	1316
731	1317
703	1318
213	1319
4362	1320
4217	1321
5116	1322
617	1323
4252	1324
1324	1325
6224	1326
6807	1327
552	1328
8012	1329
1678	1330
863	1331
2705	1332
280	1333
2555	1334
99	1335
3098	1336
6725	1337
4941	1338
584	1339
1353	1340
2779	1341
5123	1342
6	1343
6400	1344
5794	1345
1741	1346
1528	1347
19	1348
598	1349
730	1350
7428	1351
2420	1352
4124	1353
8045	1354
64	1355
5561	1356
2385	1357
3752	1358
1880	1359
3187	1360
3521	1361
7270	1362
7627	1363
1672	1364
640	1365
2772	1366
4710	1367
2171	1368
4031	1369
7598	1370
4764	1371
554	1372
6615	1373
7496	1374
4449	1375
585	1376
6507	1377
7738	1378
2183	1379
6921	1380
6873	1381
3029	1382
5578	1383
3717	1384
6739	1385
5143	1386
6436	1387
708	1388
752	1389
3	1390
1010	1391
435	1392
4213	1393
3770	1394
8421	1395
4739	1396
5624	1397
7253	1398
223	1399
5148	1400
346	1401
5166	1402
4765	1403
854	1404
330	1405
2406	1406
283	1407
3315	1408
5159	1409
5153	1410
5	1411
301	1412
5905	1413
3160	1414
4210	1415
6581	1416
787	1417
3352	1418
414	1419
2331	1420
7435	1421
1612	1422
1803	1423
6655	1424
846	1425
693	1426
5726	1427
52	1428
4287	1429
457	1430
569	1431
3100	1432
938	1433
938	1434
40	1435
3914	1436
7088	1437
8211	1438
8251	1439
3713	1440
1977	1441
2393	1442
5518	1443
62	1444
167	1445
4961	1446
4288	1447
876	1448
2278	1449
834	1450
230	1451
708	1452
5440	1453
6225	1454
3358	1455
2646	1456
2213	1457
1253	1458
2075	1459
1144	1460
2865	1461
4054	1462
437	1463
7711	1464
6323	1465
1215	1466
124	1467
570	1468
4366	1469
1524	1470
4442	1471
6484	1472
6686	1473
2203	1474
6106	1475
27	1476
7969	1477
7100	1478
3070	1479
5908	1480
4790	1481
4791	1482
6954	1483
2440	1484
5196	1485
7764	1486
507	1487
1529	1488
2651	1489
5090	1490
2332	1491
6302	1492
3860	1493
5509	1494
2565	1495
1210	1496
7728	1497
7870	1498
593	1499
4464	1500
931	1501
7984	1502
1637	1503
5500	1504
5885	1505
59	1506
7130	1507
4078	1508
4160	1509
3754	1510
2364	1511
2847	1512
5033	1513
4835	1514
894	1515
1422	1516
7463	1517
5100	1518
6126	1519
3940	1520
5656	1521
2428	1522
4085	1523
2871	1524
157	1525
419	1526
4297	1527
431	1528
122	1529
474	1530
623	1531
3033	1532
1563	1533
6522	1534
5832	1535
431	1536
124	1537
1001	1538
3001	1539
5058	1540
231	1541
4382	1542
8131	1543
701	1544
3075	1545
1050	1546
7826	1547
5	1548
260	1549
2925	1550
448	1551
7490	1552
8264	1553
6296	1554
6998	1555
5992	1556
7663	1557
3971	1558
2849	1559
4068	1560
6560	1561
2007	1562
3970	1563
1794	1564
4800	1565
6614	1566
7354	1567
8033	1568
5	1569
253	1570
8070	1571
5202	1572
1300	1573
5282	1574
7157	1575
7820	1576
3180	1577
3113	1578
1293	1579
8205	1580
3506	1581
5190	1582
5737	1583
3188	1584
940	1585
6494	1586
7475	1587
290	1588
6104	1589
5646	1590
398	1591
3423	1592
7462	1593
2782	1594
2722	1595
732	1596
6113	1597
2368	1598
7028	1599
3296	1600
2593	1601
5351	1602
48	1603
2973	1604
242	1605
7158	1606
6241	1607
62	1608
3747	1609
5227	1610
1173	1611
3535	1612
122	1613
4559	1614
1574	1615
5285	1616
1704	1617
2987	1618
3396	1619
8127	1620
2172	1621
2669	1622
4999	1623
7643	1624
5094	1625
2505	1626
92	1627
92	1628
7266	1629
67	1630
3403	1631
2610	1632
594	1633
3619	1634
7951	1635
109	1636
4401	1637
849	1638
526	1639
7419	1640
2263	1641
7665	1642
7645	1643
2361	1644
6026	1645
5451	1646
1656	1647
2736	1648
4754	1649
6049	1650
3	1651
865	1652
536	1653
461	1654
1925	1655
5382	1656
3818	1657
3176	1658
67	1659
712	1660
5025	1661
3313	1662
566	1663
169	1664
1872	1665
8316	1666
1452	1667
3687	1668
5341	1669
1775	1670
8392	1671
2100	1672
6183	1673
581	1674
5920	1675
5276	1676
3415	1677
5959	1678
5711	1679
4642	1680
6275	1681
188	1682
7769	1683
4211	1684
5289	1685
5206	1686
3280	1687
3145	1688
752	1689
8364	1690
1757	1691
324	1692
312	1693
3265	1694
4456	1695
6408	1696
7722	1697
285	1698
6216	1699
7962	1700
128	1701
7979	1702
2321	1703
2132	1704
1521	1705
35	1706
5147	1707
5958	1708
5489	1709
1548	1710
861	1711
8106	1712
185	1713
1659	1714
2850	1715
7809	1716
1218	1717
742	1718
293	1719
94	1720
2589	1721
7612	1722
7465	1723
813	1724
79	1725
6564	1726
2859	1727
1403	1728
6387	1729
219	1730
8283	1731
6171	1732
224	1733
414	1734
11	1735
1876	1736
7274	1737
604	1738
6047	1739
8315	1740
6258	1741
1034	1742
4855	1743
5685	1744
1436	1745
744	1746
7257	1747
7848	1748
2574	1749
8336	1750
1663	1751
523	1752
5221	1753
5712	1754
1561	1755
706	1756
4397	1757
5738	1758
473	1759
7378	1760
2822	1761
2311	1762
2248	1763
81	1764
3738	1765
738	1766
6602	1767
236	1768
4190	1769
175	1770
47	1771
6955	1772
7915	1773
424	1774
3192	1775
4903	1776
1592	1777
3285	1778
7686	1779
5855	1780
3006	1781
1953	1782
1759	1783
1372	1784
6457	1785
1254	1786
827	1787
4009	1788
97	1789
6822	1790
1828	1791
2852	1792
247	1793
1490	1794
2117	1795
5793	1796
5439	1797
7324	1798
6422	1799
5479	1800
4109	1801
85	1802
7025	1803
327	1804
6914	1805
1517	1806
47	1807
1375	1808
2235	1809
5795	1810
737	1811
20	1812
432	1813
7290	1814
1205	1815
520	1816
8069	1817
484	1818
6112	1819
5928	1820
654	1821
7343	1822
599	1823
470	1824
8377	1825
6765	1826
2313	1827
8188	1828
935	1829
7973	1830
7931	1831
485	1832
1098	1833
211	1834
126	1835
1249	1836
2907	1837
4893	1838
8088	1839
6678	1840
5763	1841
6791	1842
352	1843
8310	1844
56	1845
2115	1846
4661	1847
2395	1848
5747	1849
7011	1850
178	1851
2880	1852
3337	1853
3326	1854
6509	1855
8186	1856
725	1857
4671	1858
1	1859
5132	1860
5133	1861
2950	1862
6862	1863
7072	1864
3107	1865
2469	1866
10	1867
53	1868
6779	1869
1434	1870
2633	1871
33	1872
2282	1873
3864	1874
4028	1875
6226	1876
4045	1877
7385	1878
6925	1879
7081	1880
2083	1881
4084	1882
8118	1883
184	1884
3748	1885
1787	1886
6947	1887
3162	1888
7789	1889
6375	1890
1072	1891
800	1892
564	1893
5181	1894
996	1895
136	1896
4218	1897
4303	1898
8257	1899
7317	1900
6501	1901
7448	1902
5142	1903
125	1904
7860	1905
4942	1906
2156	1907
4340	1908
323	1909
7835	1910
3302	1911
1176	1912
881	1913
988	1914
1408	1915
8320	1916
4146	1917
6129	1918
5267	1919
6756	1920
630	1921
8465	1922
5749	1923
3832	1924
3480	1925
7473	1926
8440	1927
1693	1928
1261	1929
1263	1930
4378	1931
1048	1932
6223	1933
888	1934
7351	1935
4771	1936
5340	1937
4696	1938
29	1939
6057	1940
6957	1941
137	1942
7404	1943
6208	1944
6120	1945
150	1946
6788	1947
7942	1948
3505	1949
459	1950
6692	1951
1907	1952
3133	1953
4424	1954
6022	1955
4082	1956
883	1957
868	1958
5878	1959
1224	1960
4116	1961
1438	1962
383	1963
4530	1964
6268	1965
7282	1966
64	1967
5079	1968
5610	1969
4385	1970
8016	1971
5660	1972
6081	1973
8164	1974
508	1975
6688	1976
6177	1977
6820	1978
239	1979
8172	1980
1945	1981
1054	1982
5365	1983
667	1984
3290	1985
5367	1986
6617	1987
2181	1988
4557	1989
6610	1990
703	1991
4953	1992
3667	1993
6205	1994
4	1995
7434	1996
968	1997
6627	1998
7267	1999
3545	2000
7421	2001
5376	2002
6690	2003
6949	2004
6357	2005
134	2006
3267	2007
5555	2008
4371	2009
7405	2010
4215	2011
3424	2012
6214	2013
6994	2014
5384	2015
6426	2016
7172	2017
5418	2018
2106	2019
1369	2020
4473	2021
3308	2022
6732	2023
7783	2024
4497	2025
3855	2026
6035	2027
613	2028
4015	2029
2978	2030
7736	2031
2077	2032
5170	2033
7967	2034
4212	2035
5388	2036
325	2037
8378	2038
925	2039
245	2040
6676	2041
6479	2042
3706	2043
2043	2044
2580	2045
3169	2046
1542	2047
2612	2048
6119	2049
3514	2050
2166	2051
6784	2052
102	2053
501	2054
1511	2055
3808	2056
3446	2057
5729	2058
4665	2059
249	2060
3466	2061
531	2062
8185	2063
8124	2064
3708	2065
2629	2066
5424	2067
6886	2068
3873	2069
1039	2070
5014	2071
6454	2072
5324	2073
1992	2074
1812	2075
548	2076
3088	2077
7963	2078
1	2079
3284	2080
1680	2081
4675	2082
395	2083
4959	2084
5949	2085
6877	2086
3817	2087
1632	2088
7112	2089
408	2090
6010	2091
1625	2092
967	2093
7279	2094
3499	2095
3018	2096
1363	2097
6098	2098
2928	2099
2545	2100
48	2101
127	2102
608	2103
18	2104
3316	2105
4301	2106
3131	2107
4540	2108
2	2109
415	2110
203	2111
443	2112
3957	2113
957	2114
1581	2115
643	2116
183	2117
6110	2118
7422	2119
6919	2120
3830	2121
4248	2122
7344	2123
2654	2124
6284	2125
8204	2126
7295	2127
7012	2128
7400	2129
2885	2130
126	2131
5715	2132
582	2133
3779	2134
3361	2135
68	2136
7838	2137
8413	2138
1071	2139
951	2140
71	2141
7135	2142
5903	2143
6744	2144
1095	2145
7005	2146
5077	2147
989	2148
2079	2149
32	2150
4198	2151
5378	2152
7593	2153
4196	2154
575	2155
3523	2156
527	2157
4609	2158
6599	2159
410	2160
6449	2161
6830	2162
4003	2163
2842	2164
6553	2165
1856	2166
4750	2167
811	2168
6413	2169
2051	2170
8349	2171
7063	2172
1505	2173
3044	2174
3165	2175
5198	2176
1762	2177
7136	2178
6956	2179
3089	2180
3149	2181
3951	2182
7083	2183
7117	2184
898	2185
453	2186
1061	2187
274	2188
348	2189
3260	2190
5766	2191
216	2192
255	2193
2439	2194
1585	2195
5985	2196
147	2197
5507	2198
5546	2199
4742	2200
4292	2201
187	2202
300	2203
5791	2204
4499	2205
4568	2206
3977	2207
2660	2208
3777	2209
1941	2210
4090	2211
181	2212
161	2213
892	2214
3395	2215
1993	2216
8170	2217
6742	2218
3800	2219
252	2220
5968	2221
4441	2222
7155	2223
2714	2224
3805	2225
2720	2226
7346	2227
168	2228
859	2229
8404	2230
1335	2231
869	2232
1104	2233
16	2234
8136	2235
332	2236
7127	2237
2094	2238
383	2239
4578	2240
447	2241
3723	2242
55	2243
285	2244
4566	2245
8280	2246
1527	2247
6749	2248
4775	2249
4759	2250
3069	2251
7804	2252
636	2253
3050	2254
1518	2255
8103	2256
3912	2257
6929	2258
2151	2259
2558	2260
3924	2261
5724	2262
4807	2263
2936	2264
2825	2265
1277	2266
6684	2267
7252	2268
5577	2269
6787	2270
4749	2271
2680	2272
6456	2273
4840	2274
1170	2275
3298	2276
2185	2277
2588	2278
7859	2279
2283	2280
8237	2281
148	2282
4788	2283
6697	2284
6930	2285
2955	2286
4879	2287
3831	2288
2084	2289
1846	2290
5988	2291
1738	2292
4884	2293
7456	2294
4060	2295
3515	2296
1607	2297
64	2298
5872	2299
1022	2300
7276	2301
3733	2302
3141	2303
7045	2304
8266	2305
6839	2306
1146	2307
8352	2308
3431	2309
7103	2310
2739	2311
331	2312
5900	2313
552	2314
3420	2315
6778	2316
7191	2317
3035	2318
8267	2319
4590	2320
31	2321
4048	2322
6083	2323
93	2324
5539	2325
5375	2326
3146	2327
5396	2328
6670	2329
2481	2330
5703	2331
4525	2332
5076	2333
3563	2334
4946	2335
6335	2336
305	2337
733	2338
6805	2339
7824	2340
5233	2341
55	2342
7730	2343
506	2344
3528	2345
1770	2346
1554	2347
5883	2348
7714	2349
3712	2350
1627	2351
3120	2352
3367	2353
3659	2354
3646	2355
2067	2356
4484	2357
3654	2358
6740	2359
953	2360
8395	2361
2136	2362
1464	2363
4839	2364
5938	2365
2623	2366
113	2367
3634	2368
7906	2369
473	2370
5962	2371
3509	2372
2856	2373
7149	2374
4678	2375
1845	2376
4733	2377
6055	2378
7085	2379
3170	2380
8133	2381
3434	2382
3478	2383
2893	2384
98	2385
32	2386
30	2387
6015	2388
7719	2389
6077	2390
4923	2391
7125	2392
363	2393
4880	2394
3233	2395
8210	2396
2362	2397
228	2398
922	2399
550	2400
6265	2401
7	2402
4883	2403
7657	2404
5320	2405
305	2406
6437	2407
4062	2408
1694	2409
7008	2410
3438	2411
6470	2412
1085	2413
6882	2414
6861	2415
6904	2416
6922	2417
6775	2418
6917	2419
6896	2420
6894	2421
6927	2422
6888	2423
6884	2424
4702	2425
6891	2426
3939	2427
6889	2428
1865	2429
4501	2430
6868	2431
2962	2432
4018	2433
6918	2434
6900	2435
5519	2436
1514	2437
3602	2438
1407	2439
8294	2440
908	2441
284	2442
2150	2443
50	2444
8009	2445
7058	2446
44	2447
3577	2448
6813	2449
3093	2450
6757	2451
4388	2452
498	2453
412	2454
3401	2455
2019	2456
5119	2457
195	2458
3287	2459
2951	2460
3304	2461
1688	2462
1346	2463
337	2464
8072	2465
1380	2466
1955	2467
1809	2468
7762	2469
5165	2470
3911	2471
5513	2472
6893	2473
8295	2474
3412	2475
1319	2476
7373	2477
1539	2478
7217	2479
741	2480
7110	2481
3980	2482
5274	2483
1069	2484
2882	2485
1262	2486
965	2487
5608	2488
3542	2489
7538	2490
3626	2491
8135	2492
8434	2493
2372	2494
5466	2495
1075	2496
869	2497
97	2498
6044	2499
1425	2500
140	2501
6059	2502
838	2503
1805	2504
3134	2505
1005	2506
903	2507
1005	2508
7092	2509
7484	2510
5778	2511
4821	2512
7641	2513
4075	2514
1099	2515
2071	2516
5810	2517
7094	2518
2046	2519
7575	2520
642	2521
44	2522
1930	2523
857	2524
3009	2525
8160	2526
7124	2527
2911	2528
3897	2529
6865	2530
5325	2531
2237	2532
1769	2533
2269	2534
908	2535
4740	2536
4205	2537
678	2538
7536	2539
7757	2540
3216	2541
2557	2542
30	2543
5984	2544
8303	2545
6651	2546
8298	2547
4158	2548
5765	2549
2748	2550
2716	2551
2771	2552
628	2553
3567	2554
2015	2555
3857	2556
2407	2557
7908	2558
959	2559
4583	2560
1780	2561
8015	2562
872	2563
332	2564
7099	2565
7513	2566
102	2567
5515	2568
7113	2569
791	2570
4648	2571
540	2572
6005	2573
3964	2574
6461	2575
687	2576
5336	2577
4730	2578
8301	2579
1701	2580
1022	2581
71	2582
5061	2583
151	2584
2744	2585
147	2586
591	2587
3668	2588
7671	2589
7096	2590
740	2591
5562	2592
7263	2593
2130	2594
7388	2595
2299	2596
499	2597
3231	2598
7377	2599
764	2600
230	2601
733	2602
7635	2603
7913	2604
5241	2605
15	2606
5462	2607
6050	2608
4047	2609
5322	2610
5987	2611
2831	2612
6738	2613
2659	2614
1994	2615
4416	2616
2630	2617
7681	2618
2637	2619
1489	2620
7104	2621
1634	2622
1708	2623
5803	2624
857	2625
1387	2626
3429	2627
7861	2628
2344	2629
3472	2630
3931	2631
3983	2632
3095	2633
4346	2634
3206	2635
5350	2636
3569	2637
2700	2638
7410	2639
392	2640
3277	2641
5789	2642
409	2643
4083	2644
709	2645
4103	2646
6643	2647
3193	2648
3023	2649
5214	2650
2236	2651
3620	2652
2843	2653
3920	2654
1667	2655
4353	2656
4100	2657
3045	2658
7031	2659
5499	2660
6661	2661
7087	2662
2101	2663
2413	2664
3936	2665
4870	2666
5576	2667
3362	2668
2451	2669
2421	2670
5140	2671
7116	2672
5936	2673
5368	2674
4969	2675
3399	2676
5849	2677
1650	2678
3670	2679
3756	2680
7147	2681
6596	2682
3801	2683
5604	2684
3398	2685
7318	2686
7299	2687
7391	2688
4909	2689
2658	2690
1717	2691
8279	2692
8227	2693
1593	2694
2794	2695
3129	2696
6870	2697
3926	2698
6869	2699
4496	2700
6172	2701
2791	2702
4121	2703
2435	2704
5423	2705
4367	2706
7108	2707
2725	2708
6831	2709
5193	2710
4200	2711
7107	2712
2300	2713
5545	2714
6520	2715
33	2716
55	2717
6785	2718
3806	2719
3275	2720
5000	2721
5345	2722
2608	2723
7667	2724
2212	2725
3143	2726
3759	2727
4094	2728
5083	2729
5454	2730
7411	2731
68	2732
3473	2733
4333	2734
3878	2735
7129	2736
6592	2737
1636	2738
3491	2739
5937	2740
1661	2741
7278	2742
7084	2743
7559	2744
3443	2745
3893	2746
4569	2747
168	2748
6521	2749
7118	2750
4608	2751
1779	2752
3758	2753
6410	2754
7134	2755
7476	2756
4848	2757
4695	2758
410	2759
48	2760
2679	2761
5321	2762
3378	2763
2933	2764
1575	2765
3465	2766
3822	2767
3998	2768
2091	2769
6689	2770
3140	2771
4586	2772
5104	2773
300	2774
5455	2775
8451	2776
4732	2777
3470	2778
3357	2779
451	2780
1469	2781
2374	2782
7225	2783
3353	2784
2169	2785
7988	2786
6221	2787
5512	2788
2915	2789
5319	2790
4938	2791
1510	2792
1265	2793
210	2794
3252	2795
2674	2796
6656	2797
4232	2798
22	2799
496	2800
3422	2801
239	2802
50	2803
67	2804
6848	2805
4149	2806
3885	2807
705	2808
2789	2809
4777	2810
4878	2811
7319	2812
393	2813
4076	2814
3322	2815
2290	2816
2742	2817
8384	2818
4637	2819
15	2820
2927	2821
246	2822
7	2823
3902	2824
2643	2825
1243	2826
6734	2827
1283	2828
9	2829
3392	2830
73	2831
6986	2832
194	2833
2910	2834
7649	2835
6856	2836
5873	2837
6979	2838
2564	2839
6118	2840
5725	2841
1074	2842
7444	2843
5050	2844
10	2845
6698	2846
1322	2847
3241	2848
5482	2849
4279	2850
4510	2851
3637	2852
333	2853
3433	2854
694	2855
1052	2856
4922	2857
6512	2858
5955	2859
604	2860
6707	2861
7524	2862
633	2863
1214	2864
6148	2865
5004	2866
147	2867
7768	2868
1056	2869
2025	2870
6556	2871
2424	2872
3159	2873
1537	2874
16	2875
2291	2876
1870	2877
4745	2878
1239	2879
7742	2880
6415	2881
694	2882
3350	2883
791	2884
1503	2885
735	2886
2085	2887
6771	2888
5568	2889
692	2890
6988	2891
2262	2892
6647	2893
3	2894
3440	2895
692	2896
4563	2897
4917	2898
3815	2899
8429	2900
5478	2901
6493	2902
2607	2903
1516	2904
5394	2905
6409	2906
2111	2907
4061	2908
1647	2909
1333	2910
6903	2911
3710	2912
3485	2913
3930	2914
392	2915
3517	2916
8163	2917
5801	2918
1594	2919
3052	2920
6290	2921
5508	2922
451	2923
7634	2924
548	2925
5163	2926
3372	2927
266	2928
4686	2929
5443	2930
3118	2931
646	2932
4355	2933
7436	2934
1448	2935
68	2936
5026	2937
8042	2938
3765	2939
3538	2940
5184	2941
4623	2942
264	2943
7302	2944
6228	2945
519	2946
6105	2947
3849	2948
5347	2949
7637	2950
2758	2951
7141	2952
682	2953
720	2954
3168	2955
5414	2956
179	2957
3199	2958
111	2959
4944	2960
5419	2961
5379	2962
8048	2963
768	2964
7650	2965
2824	2966
8307	2967
7211	2968
6109	2969
677	2970
5222	2971
54	2972
4505	2973
17	2974
1440	2975
130	2976
1149	2977
308	2978
346	2979
2599	2980
1052	2981
2129	2982
902	2983
7579	2984
6173	2985
6912	2986
6967	2987
6878	2988
158	2989
310	2990
8271	2991
4309	2992
6029	2993
1385	2994
12	2995
21	2996
4561	2997
130	2998
6278	2999
3	3000
5915	3001
8308	3002
66	3003
6591	3004
5854	3005
2673	3006
3679	3007
46	3008
3947	3009
280	3010
1090	3011
1839	3012
5088	3013
1541	3014
4560	3015
8173	3016
810	3017
7569	3018
7500	3019
2245	3020
1105	3021
5956	3022
1266	3023
6135	3024
5973	3025
2866	3026
5298	3027
6297	3028
3028	3029
4812	3030
6659	3031
6675	3032
8022	3033
6783	3034
663	3035
6246	3036
5991	3037
4498	3038
1795	3039
38	3040
6671	3041
7858	3042
3524	3043
3261	3044
1924	3045
265	3046
6324	3047
6702	3048
1341	3049
803	3050
607	3051
4131	3052
597	3053
171	3054
7832	3055
835	3056
4204	3057
6803	3058
1023	3059
5860	3060
639	3061
3973	3062
5550	3063
1077	3064
7369	3065
3974	3066
5172	3067
1481	3068
7592	3069
4766	3070
399	3071
1	3072
1	3073
8348	3074
5430	3075
3938	3076
60	3077
560	3078
7614	3079
7173	3080
902	3081
118	3082
903	3083
4093	3084
6636	3085
1306	3086
2624	3087
5931	3088
4242	3089
1426	3090
6058	3091
114	3092
3278	3093
795	3094
234	3095
4206	3096
3685	3097
452	3098
2355	3099
1894	3100
295	3101
1555	3102
5287	3103
5062	3104
424	3105
4770	3106
541	3107
883	3108
5572	3109
4056	3110
4379	3111
8189	3112
7884	3113
269	3114
1054	3115
812	3116
8122	3117
1107	3118
916	3119
1633	3120
2209	3121
2195	3122
5596	3123
3991	3124
8477	3125
6859	3126
825	3127
7581	3128
116	3129
2592	3130
159	3131
1323	3132
6716	3133
21	3134
8089	3135
70	3136
78	3137
2231	3138
2	3139
4249	3140
5999	3141
242	3142
8249	3143
972	3144
1228	3145
7594	3146
5944	3147
3655	3148
6447	3149
6051	3150
6797	3151
7210	3152
4065	3153
8078	3154
103	3155
976	3156
7519	3157
5841	3158
1646	3159
5452	3160
7922	3161
8081	3162
871	3163
1090	3164
729	3165
3784	3166
469	3167
3856	3168
7240	3169
2670	3170
6243	3171
5199	3172
5952	3173
766	3174
211	3175
7726	3176
495	3177
844	3178
4576	3179
1619	3180
1731	3181
4703	3182
4384	3183
7359	3184
4524	3185
796	3186
4128	3187
304	3188
705	3189
1117	3190
6359	3191
5932	3192
68	3193
1709	3194
3189	3195
5777	3196
853	3197
5935	3198
5676	3199
2296	3200
4079	3201
8363	3202
291	3203
3843	3204
5666	3205
3516	3206
5510	3207
2463	3208
2501	3209
3633	3210
6389	3211
3303	3212
701	3213
5268	3214
506	3215
6953	3216
784	3217
7590	3218
2710	3219
3792	3220
2851	3221
5674	3222
283	3223
3592	3224
4958	3225
3811	3226
6960	3227
4307	3228
8053	3229
7101	3230
2365	3231
872	3232
1807	3233
6630	3234
4479	3235
7690	3236
271	3237
562	3238
1478	3239
2497	3240
5543	3241
2308	3242
4932	3243
2329	3244
6144	3245
4185	3246
1689	3247
866	3248
5627	3249
1075	3250
4180	3251
3773	3252
689	3253
4558	3254
7128	3255
6204	3256
7090	3257
3896	3258
5689	3259
6471	3260
6764	3261
5195	3262
6810	3263
2450	3264
921	3265
6384	3266
5819	3267
3932	3268
6872	3269
4577	3270
2645	3271
3995	3272
5209	3273
167	3274
3606	3275
4834	3276
8351	3277
4610	3278
6881	3279
8021	3280
5373	3281
372	3282
3802	3283
6349	3284
442	3285
7433	3286
2229	3287
2096	3288
7251	3289
138	3290
6905	3291
51	3292
7994	3293
8214	3294
5271	3295
3085	3296
7872	3297
5218	3298
4141	3299
2708	3300
920	3301
8272	3302
1394	3303
2215	3304
8054	3305
7370	3306
2354	3307
6143	3308
2373	3309
7511	3310
3382	3311
229	3312
5210	3313
7120	3314
3587	3315
511	3316
3984	3317
8342	3318
3579	3319
7600	3320
5331	3321
7247	3322
6611	3323
1423	3324
1091	3325
3700	3326
6042	3327
7040	3328
1082	3329
2490	3330
1882	3331
634	3332
581	3333
442	3334
4955	3335
7760	3336
8208	3337
8262	3338
4985	3339
4488	3340
5216	3341
8229	3342
2345	3343
8212	3344
4987	3345
1060	3346
5668	3347
2164	3348
5260	3349
3661	3350
5788	3351
6158	3352
5156	3353
1598	3354
7485	3355
2991	3356
1815	3357
193	3358
8312	3359
2194	3360
1740	3361
3918	3362
7845	3363
3907	3364
2196	3365
3915	3366
3927	3367
3906	3368
666	3369
2780	3370
4532	3371
1785	3372
4680	3373
218	3374
8043	3375
5640	3376
5461	3377
4760	3378
4943	3379
407	3380
5812	3381
141	3382
943	3383
7656	3384
6924	3385
98	3386
4077	3387
7109	3388
5261	3389
2867	3390
49	3391
2174	3392
8290	3393
3574	3394
3054	3395
3294	3396
3402	3397
4275	3398
4276	3399
4541	3400
8414	3401
1013	3402
184	3403
5542	3404
4534	3405
6880	3406
7483	3407
6890	3408
466	3409
2342	3410
6847	3411
6772	3412
3711	3413
946	3414
2482	3415
172	3416
702	3417
7246	3418
751	3419
6646	3420
5034	3421
5633	3422
2148	3423
4549	3424
2728	3425
100	3426
5042	3427
387	3428
832	3429
8226	3430
1271	3431
7218	3432
1287	3433
1588	3434
4428	3435
2826	3436
7709	3437
1885	3438
8201	3439
928	3440
38	3441
6385	3442
1047	3443
6883	3444
6913	3445
7585	3446
53	3447
3919	3448
4697	3449
5575	3450
5313	3451
916	3452
1664	3453
4260	3454
6451	3455
6346	3456
7306	3457
4644	3458
177	3459
3762	3460
5150	3461
277	3462
1713	3463
1410	3464
6983	3465
6804	3466
4748	3467
7862	3468
108	3469
3943	3470
5205	3471
7237	3472
2941	3473
4778	3474
7985	3475
6850	3476
760	3477
652	3478
891	3479
4734	3480
2000	3481
8399	3482
3709	3483
340	3484
3993	3485
7934	3486
6293	3487
3014	3488
7958	3489
7808	3490
487	3491
3572	3492
5179	3493
3299	3494
490	3495
7204	3496
3486	3497
3790	3498
210	3499
3092	3500
8313	3501
770	3502
3235	3503
5983	3504
263	3505
2267	3506
4682	3507
6600	3508
3697	3509
1248	3510
5981	3511
666	3512
697	3513
953	3514
4069	3515
4741	3516
6558	3517
786	3518
2037	3519
845	3520
51	3521
4864	3522
5472	3523
776	3524
5473	3525
8485	3526
819	3527
1092	3528
7897	3529
5827	3530
7888	3531
870	3532
80	3533
615	3534
1606	3535
7316	3536
4844	3537
2261	3538
349	3539
539	3540
197	3541
5566	3542
7763	3543
6990	3544
80	3545
8082	3546
5220	3547
6526	3548
4118	3549
2795	3550
7549	3551
8073	3552
3390	3553
6798	3554
7268	3555
6855	3556
4963	3557
163	3558
1268	3559
3366	3560
5755	3561
2491	3562
2587	3563
8084	3564
6769	3565
4147	3566
7227	3567
462	3568
696	3569
7993	3570
4989	3571
3828	3572
3498	3573
1258	3574
6021	3575
755	3576
4369	3577
3529	3578
7499	3579
8121	3580
6123	3581
160	3582
111	3583
7608	3584
2946	3585
8293	3586
127	3587
2139	3588
6976	3589
7522	3590
4758	3591
3629	3592
144	3593
4827	3594
1983	3595
1605	3596
1718	3597
54	3598
2616	3599
467	3600
5838	3601
28	3602
3850	3603
162	3604
3578	3605
3228	3606
4259	3607
5948	3608
195	3609
4106	3610
1715	3611
2873	3612
6964	3613
3881	3614
4520	3615
142	3616
1087	3617
5124	3618
8374	3619
7669	3620
7170	3621
142	3622
6249	3623
6835	3624
804	3625
3354	3626
5756	3627
3750	3628
9	3629
6773	3630
264	3631
1533	3632
2371	3633
1519	3634
2689	3635
1673	3636
4655	3637
3782	3638
2805	3639
8050	3640
616	3641
4099	3642
2030	3643
570	3644
1151	3645
6374	3646
103	3647
84	3648
5398	3649
4403	3650
2696	3651
8473	3652
7833	3653
7470	3654
4979	3655
115	3656
174	3657
81	3658
4776	3659
7441	3660
2152	3661
1355	3662
1808	3663
3003	3664
6399	3665
400	3666
6271	3667
672	3668
765	3669
966	3670
7387	3671
8105	3672
5431	3673
2711	3674
2059	3675
803	3676
396	3677
4816	3678
3225	3679
6821	3680
1801	3681
6250	3682
1030	3683
6583	3684
7380	3685
7374	3686
5036	3687
985	3688
936	3689
1000	3690
2335	3691
1290	3692
625	3693
169	3694
6480	3695
5095	3696
4095	3697
205	3698
6425	3699
8094	3700
937	3701
1247	3702
7970	3703
5279	3704
5974	3705
31	3706
3547	3707
6774	3708
120	3709
2701	3710
7561	3711
1099	3712
1020	3713
6634	3714
5638	3715
3	3716
8343	3717
132	3718
6306	3719
8030	3720
6189	3721
7001	3722
8102	3723
8438	3724
3776	3725
6737	3726
636	3727
2353	3728
1459	3729
770	3730
6401	3731
562	3732
3067	3733
217	3734
2170	3735
5868	3736
6024	3737
3432	3738
5688	3739
3666	3740
1241	3741
201	3742
1509	3743
4332	3744
164	3745
932	3746
48	3747
8193	3748
342	3749
1340	3750
5748	3751
7397	3752
4746	3753
69	3754
110	3755
2220	3756
6270	3757
7188	3758
862	3759
189	3760
6992	3761
135	3762
6458	3763
1836	3764
39	3765
2063	3766
4067	3767
8202	3768
1683	3769
7321	3770
8085	3771
797	3772
1746	3773
6196	3774
4808	3775
1428	3776
2426	3777
7871	3778
2832	3779
7652	3780
455	3781
5288	3782
6829	3783
429	3784
1499	3785
6053	3786
2143	3787
6242	3788
2935	3789
7654	3790
3928	3791
3426	3792
6491	3793
8291	3794
1449	3795
1480	3796
3593	3797
999	3798
8400	3799
416	3800
7954	3801
206	3802
5693	3803
3000	3804
6440	3805
2954	3806
3157	3807
7115	3808
2511	3809
6255	3810
6033	3811
200	3812
6580	3813
6490	3814
2994	3815
2989	3816
3741	3817
4783	3818
5721	3819
1083	3820
6007	3821
6141	3822
1002	3823
1379	3824
6358	3825
2901	3826
2652	3827
4564	3828
8380	3829
2431	3830
1962	3831
6806	3832
712	3833
1985	3834
930	3835
2996	3836
46	3837
1083	3838
3904	3839
1282	3840
6644	3841
549	3842
6237	3843
3112	3844
268	3845
7052	3846
3419	3847
8427	3848
5894	3849
2983	3850
6038	3851
4240	3852
3011	3853
3307	3854
58	3855
1905	3856
600	3857
1303	3858
1705	3859
4794	3860
1155	3861
2762	3862
2754	3863
7865	3864
401	3865
1165	3866
4125	3867
2078	3868
445	3869
84	3870
21	3871
2657	3872
5619	3873
366	3874
3737	3875
3406	3876
8120	3877
6662	3878
6629	3879
3421	3880
8317	3881
6514	3882
749	3883
5784	3884
3281	3885
3937	3886
1317	3887
2997	3888
1225	3889
8239	3890
4640	3891
2061	3892
2971	3893
6343	3894
1412	3895
351	3896
930	3897
4327	3898
7926	3899
3600	3900
104	3901
1655	3902
2815	3903
5303	3904
2835	3905
4822	3906
4170	3907
2672	3908
3963	3909
4313	3910
7596	3911
4104	3912
8052	3913
3034	3914
2288	3915
3381	3916
4296	3917
5458	3918
8345	3919
5750	3920
5647	3921
8435	3922
180	3923
2122	3924
831	3925
7312	3926
4585	3927
2310	3928
670	3929
4842	3930
4139	3931
6586	3932
7902	3933
7632	3934
2752	3935
3992	3936
4032	3937
3996	3938
2655	3939
543	3940
2099	3941
3262	3942
3760	3943
496	3944
7482	3945
515	3946
3363	3947
7565	3948
4246	3949
1754	3950
4305	3951
2671	3952
2857	3953
6439	3954
6222	3955
8431	3956
2715	3957
67	3958
7562	3959
6362	3960
3477	3961
8472	3962
1716	3963
4202	3964
83	3965
2023	3966
1016	3967
7375	3968
884	3969
8437	3970
4543	3971
1622	3972
5035	3973
6398	3974
6151	3975
2617	3976
2919	3977
4725	3978
2914	3979
2221	3980
1679	3981
2918	3982
929	3983
5360	3984
1431	3985
7068	3986
2521	3987
4335	3988
6958	3989
1525	3990
6549	3991
4849	3992
182	3993
793	3994
5865	3995
3297	3996
7892	3997
2258	3998
2896	3999
4782	4000
7066	4001
8154	4002
6155	4003
2020	4004
5152	4005
7662	4006
4556	4007
3730	4008
1368	4009
2677	4010
3240	4011
188	4012
7231	4013
6579	4014
7923	4015
4704	4016
3746	4017
2877	4018
3388	4019
2926	4020
3471	4021
7361	4022
103	4023
2255	4024
6030	4025
1413	4026
1213	4027
400	4028
6817	4029
6525	4030
1232	4031
5226	4032
8256	4033
8265	4034
8213	4035
8221	4036
8238	4037
4719	4038
8219	4039
4506	4040
1665	4041
326	4042
1159	4043
7474	4044
4229	4045
7236	4046
2662	4047
1889	4048
629	4049
3164	4050
1384	4051
714	4052
2833	4053
4481	4054
6572	4055
886	4056
8475	4057
4415	4058
4677	4059
4021	4060
1670	4061
401	4062
1487	4063
2265	4064
3336	4065
1419	4066
748	4067
1811	4068
2224	4069
790	4070
7547	4071
5223	4072
69	4073
4308	4074
3978	4075
3789	4076
2649	4077
6620	4078
977	4079
7883	4080
2464	4081
258	4082
2060	4083
1899	4084
2494	4085
5839	4086
1778	4087
4918	4088
7771	4089
6150	4090
1724	4091
6645	4092
5040	4093
1222	4094
1878	4095
1648	4096
1546	4097
7758	4098
2070	4099
7443	4100
3410	4101
3213	4102
8028	4103
3377	4104
8061	4105
5405	4106
4781	4107
1522	4108
4270	4109
4886	4110
1342	4111
5420	4112
2905	4113
1451	4114
7389	4115
1135	4116
1223	4117
7802	4118
641	4119
3007	4120
5681	4121
8390	4122
254	4123
6397	4124
3955	4125
1781	4126
5337	4127
7566	4128
7725	4129
1613	4130
3254	4131
6257	4132
4418	4133
1411	4134
1630	4135
4321	4136
4282	4137
5389	4138
4123	4139
3625	4140
7479	4141
1157	4142
7887	4143
4457	4144
5257	4145
5655	4146
2076	4147
6597	4148
2384	4149
4194	4150
5055	4151
1294	4152
7991	4153
1418	4154
3062	4155
1669	4156
987	4157
4408	4158
941	4159
7776	4160
1278	4161
1493	4162
2333	4163
426	4164
8469	4165
8357	4166
1120	4167
2388	4168
2097	4169
6511	4170
4588	4171
3989	4172
6133	4173
3397	4174
7184	4175
7381	4176
3327	4177
767	4178
72	4179
880	4180
7867	4181
5623	4182
366	4183
6761	4184
4810	4185
359	4186
6056	4187
2699	4188
1252	4189
1393	4190
5068	4191
6069	4192
1684	4193
7940	4194
7041	4195
802	4196
4347	4197
7904	4198
1114	4199
6816	4200
3648	4201
3132	4202
4331	4203
3091	4204
6262	4205
4044	4206
5417	4207
5963	4208
4413	4209
929	4210
2378	4211
7693	4212
3571	4213
7610	4214
8079	4215
7254	4216
3884	4217
797	4218
5486	4219
1150	4220
1110	4221
2149	4222
1272	4223
6529	4224
1897	4225
665	4226
306	4227
3519	4228
2433	4229
3682	4230
8259	4231
9	4232
1433	4233
5651	4234
4220	4235
5038	4236
5084	4237
7866	4238
4187	4239
25	4240
480	4241
710	4242
1681	4243
7716	4244
207	4245
4107	4246
3117	4247
6269	4248
6301	4249
984	4250
7929	4251
7222	4252
4283	4253
8194	4254
4727	4255
227	4256
5400	4257
4487	4258
6808	4259
4663	4260
6874	4261
6519	4262
2280	4263
43	4264
5358	4265
7688	4266
2858	4267
663	4268
6965	4269
1952	4270
3323	4271
162	4272
376	4273
614	4274
2571	4275
4700	4276
411	4277
4374	4278
262	4279
7501	4280
8273	4281
909	4282
4113	4283
1917	4284
8108	4285
528	4286
58	4287
2098	4288
779	4289
1160	4290
5844	4291
3632	4292
3663	4293
8446	4294
3786	4295
2307	4296
6186	4297
8032	4298
3288	4299
1860	4300
7166	4301
2944	4302
351	4303
5772	4304
6416	4305
1707	4306
1911	4307
5314	4308
1203	4309
5456	4310
3788	4311
1890	4312
1623	4313
1035	4314
3053	4315
3172	4316
3903	4317
1366	4318
6640	4319
1926	4320
4551	4321
7574	4322
2495	4323
5446	4324
8177	4325
3379	4326
1091	4327
5626	4328
417	4329
6245	4330
4726	4331
1191	4332
150	4333
2889	4334
278	4335
844	4336
3320	4337
3699	4338
1362	4339
3548	4340
8478	4341
1421	4342
5017	4343
8417	4344
3979	4345
4101	4346
2031	4347
3969	4348
4751	4349
6753	4350
8104	4351
2513	4352
6557	4353
1365	4354
2836	4355
38	4356
622	4357
3982	4358
510	4359
288	4360
1267	4361
163	4362
39	4363
6018	4364
2153	4365
46	4366
5637	4367
145	4368
4731	4369
5532	4370
15	4371
3886	4372
2064	4373
5370	4374
104	4375
2864	4376
1937	4377
3848	4378
149	4379
173	4380
7682	4381
2163	4382
4536	4383
3565	4384
6589	4385
8439	4386
3690	4387
6838	4388
7721	4389
41	4390
1603	4391
7712	4392
83	4393
2363	4394
152	4395
5007	4396
4818	4397
4328	4398
5709	4399
4684	4400
5138	4401
809	4402
2741	4403
2092	4404
4459	4405
2484	4406
4231	4407
7541	4408
606	4409
6594	4410
3647	4411
4338	4412
6300	4413
326	4414
210	4415
1050	4416
7571	4417
6075	4418
1291	4419
578	4420
3272	4421
2050	4422
6506	4423
1244	4424
7780	4425
1806	4426
7493	4427
5134	4428
762	4429
6168	4430
2259	4431
1881	4432
3533	4433
905	4434
3934	4435
3114	4436
2214	4437
5290	4438
3502	4439
3518	4440
3492	4441
3780	4442
2804	4443
7114	4444
2133	4445
2619	4446
6811	4447
8151	4448
2126	4449
2543	4450
5078	4451
8383	4452
5311	4453
5006	4454
4798	4455
4495	4456
6381	4457
5086	4458
3427	4459
5769	4460
121	4461
2724	4462
2243	4463
6657	4464
215	4465
5544	4466
2993	4467
4228	4468
7305	4469
6518	4470
983	4471
3544	4472
6459	4473
5356	4474
6466	4475
6137	4476
6003	4477
298	4478
2848	4479
646	4480
1059	4481
2829	4482
3610	4483
1396	4484
6014	4485
2916	4486
2620	4487
2032	4488
4841	4489
1979	4490
2135	4491
2392	4492
6736	4493
3888	4494
3186	4495
2398	4496
6465	4497
8358	4498
3652	4499
2325	4500
2390	4501
4329	4502
3704	4503
1305	4504
4264	4505
4092	4506
3483	4507
3664	4508
2003	4509
4597	4510
3701	4511
339	4512
1402	4513
35	4514
5161	4515
2055	4516
6932	4517
5591	4518
1240	4519
2639	4520
1978	4521
1302	4522
2010	4523
754	4524
3012	4525
2496	4526
2820	4527
633	4528
2223	4529
6023	4530
8024	4531
505	4532
379	4533
7477	4534
1219	4535
5611	4536
4668	4537
4421	4538
7053	4539
5406	4540
6428	4541
6984	4542
7047	4543
2253	4544
2399	4545
4723	4546
2410	4547
4503	4548
1031	4549
6082	4550
6503	4551
7004	4552
4611	4553
1381	4554
2109	4555
423	4556
7264	4557
60	4558
8176	4559
5312	4560
1842	4561
2821	4562
7996	4563
6735	4564
4996	4565
7060	4566
1063	4567
5506	4568
5136	4569
6768	4570
896	4571
6540	4572
3653	4573
638	4574
2834	4575
17	4576
4024	4577
7912	4578
8448	4579
1552	4580
4639	4581
4974	4582
766	4583
2640	4584
6132	4585
918	4586
7876	4587
3840	4588
3370	4589
890	4590
876	4591
5464	4592
7956	4593
762	4594
882	4595
5528	4596
1768	4597
3332	4598
5531	4599
4135	4600
64	4601
6576	4602
8334	4603
2493	4604
5465	4605
3603	4606
539	4607
5767	4608
453	4609
3803	4610
5744	4611
5658	4612
80	4613
3719	4614
4910	4615
7972	4616
7350	4617
6812	4618
2732	4619
123	4620
553	4621
6438	4622
887	4623
331	4624
2627	4625
5294	4626
6658	4627
7699	4628
6264	4629
2182	4630
6632	4631
2204	4632
5730	4633
1767	4634
494	4635
468	4636
685	4637
2787	4638
1264	4639
3774	4640
7352	4641
2568	4642
6037	4643
7891	4644
866	4645
168	4646
7122	4647
7890	4648
6101	4649
1055	4650
6231	4651
8405	4652
630	4653
6871	4654
3373	4655
7325	4656
5939	4657
8376	4658
4137	4659
5565	4660
4871	4661
7285	4662
6087	4663
7997	4664
7059	4665
2523	4666
7703	4667
5522	4668
4254	4669
4221	4670
7458	4671
6660	4672
923	4673
3658	4674
3081	4675
131	4676
627	4677
5574	4678
2636	4679
7489	4680
20	4681
6715	4682
6538	4683
4813	4684
699	4685
4596	4686
7717	4687
3676	4688
8051	4689
71	4690
7420	4691
653	4692
4293	4693
5168	4694
5128	4695
5614	4696
7224	4697
7660	4698
4465	4699
5003	4700
18	4701
6179	4702
4420	4703
5557	4704
8146	4705
4865	4706
7241	4707
7516	4708
3623	4709
2041	4710
282	4711
5346	4712
5941	4713
22	4714
183	4715
735	4716
5498	4717
4930	4718
1657	4719
6544	4720
609	4721
495	4722
5296	4723
8155	4724
3588	4725
4167	4726
3291	4727
3597	4728
4595	4729
8270	4730
100	4731
623	4732
1011	4733
2733	4734
6103	4735
2489	4736
8289	4737
648	4738
8401	4739
286	4740
6729	4741
3115	4742
5845	4743
7601	4744
699	4745
36	4746
190	4747
1584	4748
780	4749
2524	4750
7133	4751
5648	4752
1645	4753
7839	4754
478	4755
2249	4756
3513	4757
725	4758
3534	4759
6289	4760
1013	4761
856	4762
2477	4763
1196	4764
19	4765
713	4766
6996	4767
8215	4768
828	4769
7685	4770
773	4771
967	4772
1895	4773
3449	4774
3016	4775
3463	4776
4234	4777
2026	4778
8457	4779
489	4780
76	4781
2002	4782
675	4783
6442	4784
1532	4785
5252	4786
2449	4787
7806	4788
2663	4789
5692	4790
6229	4791
8000	4792
1900	4793
7123	4794
601	4795
601	4796
2985	4797
1103	4798
119	4799
7794	4800
3271	4801
3997	4802
4683	4803
7425	4804
5071	4805
1652	4806
1226	4807
155	4808
5399	4809
303	4810
1980	4811
2622	4812
7749	4813
7658	4814
2584	4815
275	4816
834	4817
3582	4818
1538	4819
2189	4820
212	4821
5996	4822
4105	4823
1014	4824
697	4825
4004	4826
4852	4827
7296	4828
8199	4829
6326	4830
6723	4831
6550	4832
1821	4833
2268	4834
7930	4835
2932	4836
3612	4837
4122	4838
3820	4839
2952	4840
93	4841
5362	4842
1330	4843
7621	4844
5881	4845
5192	4846
8	4847
8408	4848
8168	4849
7655	4850
13	4851
8268	4852
4172	4853
7766	4854
3821	4855
7111	4856
7510	4857
1685	4858
1943	4859
4011	4860
5664	4861
6665	4862
3061	4863
2759	4864
1562	4865
854	4866
5696	4867
3460	4868
2104	4869
3639	4870
1374	4871
7409	4872
3195	4873
49	4874
8309	4875
3211	4876
6691	4877
6528	4878
3892	4879
3256	4880
4345	4881
5169	4882
1999	4883
5167	4884
4861	4885
8179	4886
7799	4887
6680	4888
6404	4889
5740	4890
7678	4891
121	4892
644	4893
185	4894
1089	4895
23	4896
2309	4897
5471	4898
145	4899
7863	4900
7893	4901
8077	4902
4679	4903
2427	4904
3656	4905
415	4906
5383	4907
5969	4908
7874	4909
840	4910
7755	4911
5579	4912
6933	4913
658	4914
2798	4915
5524	4916
1608	4917
4368	4918
7503	4919
7506	4920
7415	4921
1065	4922
7611	4923
3616	4924
1053	4925
96	4926
7067	4927
2884	4928
4687	4929
1352	4930
6273	4931
3238	4932
156	4933
8420	4934
3675	4935
7478	4936
108	4937
88	4938
2846	4939
7313	4940
1158	4941
6330	4942
6285	4943
7167	4944
436	4945
530	4946
4899	4947
5698	4948
4952	4949
7909	4950
3310	4951
1080	4952
386	4953
3952	4954
177	4955
1404	4956
1430	4957
7297	4958
6203	4959
8153	4960
6220	4961
618	4962
8410	4963
8454	4964
221	4965
8076	4966
4181	4967
4872	4968
2445	4969
8218	4970
1071	4971
247	4972
6248	4973
2318	4974
6477	4975
5212	4976
5176	4977
3010	4978
1212	4979
5710	4980
6703	4981
2661	4982
6730	4983
153	4984
898	4985
2408	4986
8191	4987
4828	4988
361	4989
8161	4990
3692	4991
5228	4992
36	4993
4096	4994
416	4995
63	4996
7335	4997
5407	4998
1012	4999
5925	5000
4405	5001
4512	5002
997	5003
640	5004
5553	5005
7606	5006
5722	5007
2650	5008
807	5009
807	5010
8115	5011
978	5012
1044	5013
7607	5014
3376	5015
6679	5016
2603	5017
5273	5018
4039	5019
7326	5020
777	5021
3064	5022
5102	5023
1558	5024
4268	5025
8142	5026
7894	5027
356	5028
8356	5029
625	5030
788	5031
8430	5032
4059	5033
157	5034
3257	5035
2562	5036
3078	5037
4712	5038
2583	5039
5735	5040
11	5041
745	5042
745	5043
1793	5044
6492	5045
278	5046
8486	5047
16	5048
530	5049
4474	5050
1312	5051
2693	5052
5862	5053
5930	5054
1424	5055
4348	5056
7245	5057
4299	5058
107	5059
2049	5060
2940	5061
4814	5062
3108	5063
3442	5064
4926	5065
1886	5066
463	5067
6111	5068
7457	5069
3640	5070
7334	5071
4632	5072
4115	5073
145	5074
7715	5075
6863	5076
8223	5077
1755	5078
3328	5079
6935	5080
6467	5081
2301	5082
778	5083
3456	5084
6429	5085
3847	5086
7624	5087
900	5088
1095	5089
822	5090
8207	5091
4274	5092
799	5093
1154	5094
2125	5095
1179	5096
7287	5097
8483	5098
14	5099
7898	5100
2107	5101
6618	5102
4714	5103
4273	5104
397	5105
313	5106
4908	5107
994	5108
4618	5109
6663	5110
2201	5111
5011	5112
8436	5113
5867	5114
8182	5115
5975	5116
160	5117
5436	5118
204	5119
794	5120
5986	5121
1036	5122
266	5123
503	5124
885	5125
990	5126
86	5127
6041	5128
233	5129
4945	5130
6327	5131
1156	5132
1216	5133
7981	5134
6944	5135
969	5136
2749	5137
3130	5138
4494	5139
2042	5140
4447	5141
3853	5142
1018	5143
178	5144
45	5145
56	5146
5251	5147
8275	5148
32	5149
2423	5150
7442	5151
6695	5152
355	5153
355	5154
8003	5155
2498	5156
218	5157
8004	5158
5538	5159
2472	5160
5909	5161
8361	5162
4291	5163
6178	5164
2021	5165
4389	5166
1445	5167
6895	5168
1611	5169
5113	5170
499	5171
2960	5172
2544	5173
1462	5174
4112	5175
3929	5176
1543	5177
945	5178
7181	5179
8222	5180
7353	5181
7918	5182
7889	5183
7572	5184
7371	5185
4070	5186
7261	5187
5563	5188
3527	5189
515	5190
592	5191
2057	5192
671	5193
3236	5194
3121	5195
8156	5196
212	5197
1797	5198
3109	5199
7446	5200
5979	5201
756	5202
352	5203
4399	5204
488	5205
8090	5206
8462	5207
24	5208
5332	5209
713	5210
5005	5211
7896	5212
4357	5213
4040	5214
3894	5215
7022	5216
2596	5217
6879	5218
3935	5219
5442	5220
873	5221
4555	5222
4544	5223
6607	5224
344	5225
5335	5226
5843	5227
8013	5228
7403	5229
4377	5230
3586	5231
369	5232
973	5233
7039	5234
1832	5235
2819	5236
3501	5237
4269	5238
3721	5239
5012	5240
237	5241
3258	5242
3814	5243
2397	5244
1957	5245
889	5246
6770	5247
7341	5248
2260	5249
7140	5250
5617	5251
3222	5252
5395	5253
28	5254
3244	5255
736	5256
7791	5257
4491	5258
2573	5259
1810	5260
3325	5261
2611	5262
3444	5263
399	5264
5523	5265
181	5266
6181	5267
148	5268
3494	5269
580	5270
5359	5271
1416	5272
6587	5273
7844	5274
932	5275
6595	5276
5761	5277
4354	5278
7310	5279
324	5280
47	5281
524	5282
3890	5283
5934	5284
2405	5285
504	5286
7304	5287
2404	5288
689	5289
5704	5290
512	5291
7301	5292
6901	5293
7921	5294
6845	5295
117	5296
5888	5297
7179	5298
7195	5299
2336	5300
4656	5301
5707	5302
2305	5303
5652	5304
2467	5305
358	5306
7275	5307
279	5308
7337	5309
3956	5310
1044	5311
368	5312
5030	5313
5188	5314
6552	5315
8422	5316
31	5317
23	5318
6733	5319
6025	5320
8386	5321
1080	5322
2502	5323
6352	5324
6708	5325
526	5326
7959	5327
3560	5328
2343	5329
8252	5330
3039	5331
5548	5332
6	5333
629	5334
881	5335
973	5336
5535	5337
569	5338
7347	5339
3835	5340
4114	5341
6535	5342
328	5343
2	5344
7555	5345
910	5346
384	5347
6276	5348
4504	5349
7027	5350
771	5351
196	5352
4164	5353
2198	5354
12	5355
4785	5356
775	5357
8433	5358
8158	5359
310	5360
6849	5361
2895	5362
5145	5363
2500	5364
4284	5365
6961	5366
769	5367
5694	5368
8096	5369
5154	5370
1231	5371
1092	5372
1859	5373
4445	5374
2878	5375
2105	5376
4624	5377
4625	5378
6598	5379
839	5380
2434	5381
7539	5382
5790	5383
242	5384
3219	5385
5933	5386
4171	5387
3289	5388
5918	5389
3986	5390
7604	5391
1488	5392
174	5393
6383	5394
1560	5395
5	5396
7069	5397
1345	5398
914	5399
2319	5400
6156	5401
746	5402
6669	5403
532	5404
364	5405
1817	5406
4617	5407
165	5408
6530	5409
4793	5410
171	5411
4395	5412
1931	5413
1140	5414
862	5415
7857	5416
1088	5417
7089	5418
590	5419
8479	5420
962	5421
7864	5422
1060	5423
4159	5424
110	5425
3474	5426
969	5427
8373	5428
6536	5429
5815	5430
3058	5431
4832	5432
2727	5433
573	5434
6393	5435
8487	5436
5910	5437
319	5438
3048	5439
5157	5440
2175	5441
3311	5442
8284	5443
3570	5444
3266	5445
2767	5446
6721	5447
808	5448
2816	5449
454	5450
4937	5451
4743	5452
78	5453
8355	5454
4452	5455
5813	5456
5254	5457
5517	5458
4364	5459
8245	5460
119	5461
1934	5462
774	5463
196	5464
6496	5465
344	5466
6073	5467
4281	5468
771	5469
3445	5470
2582	5471
664	5472
61	5473
4892	5474
4454	5475
204	5476
8338	5477
249	5478
7454	5479
1280	5480
7528	5481
1840	5482
114	5483
8418	5484
497	5485
3066	5486
769	5487
8458	5488
4962	5489
12	5490
7843	5491
2039	5492
4089	5493
3105	5494
3099	5495
4515	5496
1496	5497
7578	5498
6068	5499
1275	5500
7190	5501
3295	5502
7073	5503
3921	5504
77	5505
700	5506
5039	5507
456	5508
2218	5509
2965	5510
1506	5511
1470	5512
105	5513
105	5514
105	5515
5590	5516
2161	5517
2631	5518
8008	5519
8350	5520
553	5521
3959	5522
3385	5523
5304	5524
1935	5525
5687	5526
38	5527
6443	5528
1053	5529
95	5530
8319	5531
3063	5532
1032	5533
1076	5534
5307	5535
449	5536
711	5537
2976	5538
3190	5539
718	5540
4630	5541
800	5542
8398	5543
5831	5544
1161	5545
4511	5546
1743	5547
2168	5548
1457	5549
947	5550
2207	5551
3459	5552
172	5553
6828	5554
5733	5555
5719	5556
2217	5557
7746	5558
899	5559
1864	5560
4796	5561
3094	5562
2942	5563
5160	5564
571	5565
755	5566
2840	5567
669	5568
120	5569
879	5570
2179	5571
5970	5572
3409	5573
2205	5574
226	5575
6213	5576
747	5577
3153	5578
211	5579
6857	5580
3583	5581
6145	5582
5817	5583
2334	5584
3076	5585
2147	5586
129	5587
5775	5588
3598	5589
6206	5590
3631	5591
4799	5592
1049	5593
2414	5594
3430	5595
6065	5596
1866	5597
3839	5598
5943	5599
7759	5600
3084	5601
576	5602
4526	5603
4838	5604
778	5605
7034	5606
8464	5607
783	5608
4400	5609
659	5610
1043	5611
2898	5612
7049	5613
129	5614
143	5615
7235	5616
373	5617
1194	5618
1070	5619
6267	5620
5768	5621
503	5622
2853	5623
605	5624
2921	5625
4552	5626
5328	5627
220	5628
2883	5629
3475	5630
7006	5631
5783	5632
185	5633
4815	5634
602	5635
1188	5636
794	5637
2869	5638
7950	5639
222	5640
3859	5641
1296	5642
6543	5643
4927	5644
7817	5645
760	5646
830	5647
4472	5648
5848	5649
1601	5650
7132	5651
4033	5652
1389	5653
7000	5654
877	5655
4426	5656
70	5657
7426	5658
2888	5659
4535	5660
5052	5661
6476	5662
5774	5663
50	5664
5796	5665
9	5666
706	5667
213	5668
287	5669
3227	5670
4460	5671
1221	5672
4311	5673
2712	5674
5401	5675
4593	5676
6027	5677
657	5678
612	5679
992	5680
3946	5681
1328	5682
7412	5683
777	5684
397	5685
5492	5686
2690	5687
3417	5688
7035	5689
4	5690
3207	5691
8068	5692
944	5693
1183	5694
5477	5695
75	5696
2737	5697
6090	5698
993	5699
2578	5700
897	5701
7881	5702
792	5703
6153	5704
7307	5705
4804	5706
6093	5707
2088	5708
4548	5709
6482	5710
1008	5711
3493	5712
1927	5713
42	5714
2250	5715
6108	5716
921	5717
724	5718
4298	5719
6379	5720
582	5721
6934	5722
423	5723
5964	5724
1816	5725
7695	5726
1093	5727
5031	5728
6621	5729
3191	5730
151	5731
151	5732
801	5733
4517	5734
8382	5735
146	5736
6366	5737
2190	5738
4718	5739
704	5740
5728	5741
7416	5742
3482	5743
2765	5744
2323	5745
7178	5746
2430	5747
1512	5748
471	5749
5644	5750
7126	5751
2281	5752
3393	5753
3999	5754
1733	5755
3161	5756
2118	5757
7625	5758
756	5759
3083	5760
7668	5761
8258	5762
7180	5763
7526	5764
878	5765
319	5766
4553	5767
994	5768
1498	5769
7182	5770
439	5771
1084	5772
1084	5773
906	5774
864	5775
979	5776
88	5777
2429	5778
880	5779
341	5780
1058	5781
2792	5782
7427	5783
4407	5784
96	5785
6548	5786
2704	5787
6696	5788
4579	5789
3175	5790
2	5791
2	5792
2	5793
7670	5794
3757	5795
6161	5796
1507	5797
674	5798
14	5799
214	5800
196	5801
2024	5802
6962	5803
3740	5804
5821	5805
7050	5806
7895	5807
6483	5808
1360	5809
86	5810
73	5811
107	5812
4294	5813
904	5814
4831	5815
6040	5816
3202	5817
5329	5818
1463	5819
7819	5820
6706	5821
2417	5822
8326	5823
2615	5824
5521	5825
2340	5826
5105	5827
4475	5828
232	5829
5629	5830
7813	5831
1035	5832
2560	5833
7229	5834
316	5835
5369	5836
7495	5837
833	5838
6107	5839
1021	5840
2165	5841
996	5842
1088	5843
6705	5844
4784	5845
6515	5846
1133	5847
3872	5848
6405	5849
2178	5850
6593	5851
1399	5852
709	5853
5806	5854
588	5855
588	5856
197	5857
6448	5858
1033	5859
4571	5860
1011	5861
874	5862
228	5863
199	5864
3380	5865
6318	5866
3841	5867
112	5868
112	5869
5049	5870
5484	5871
5678	5872
4845	5873
939	5874
6554	5875
1744	5876
3703	5877
7061	5878
7628	5879
2828	5880
2972	5881
6441	5882
5485	5883
6045	5884
16	5885
16	5886
5349	5887
1913	5888
5811	5889
5814	5890
1332	5891
8174	5892
20	5893
2144	5894
2377	5895
1047	5896
32	5897
7770	5898
517	5899
10	5900
8144	5901
5642	5902
386	5903
56	5904
7322	5905
3004	5906
2541	5907
2402	5908
3624	5909
7785	5910
3636	5911
2453	5912
7363	5913
5825	5914
7314	5915
1786	5916
5315	5917
2119	5918
5564	5919
142	5920
381	5921
5713	5922
6799	5923
8285	5924
7696	5925
4587	5926
28	5927
7036	5928
37	5929
1339	5930
8119	5931
483	5932
2271	5933
6641	5934
4592	5935
1843	5936
3041	5937
822	5938
4789	5939
144	5940
2155	5941
597	5942
4080	5943
7413	5944
214	5945
7948	5946
7	5947
6545	5948
194	5949
4429	5950
1062	5951
2605	5952
5567	5953
4005	5954
8025	5955
6002	5956
3677	5957
801	5958
3201	5959
2790	5960
7383	5961
212	5962
5185	5963
73	5964
1195	5965
637	5966
4657	5967
4533	5968
4735	5969
6167	5970
850	5971
7761	5972
1273	5973
3772	5974
6307	5975
2180	5976
3110	5977
3182	5978
8132	5979
618	5980
488	5981
30	5982
2191	5983
2793	5984
1250	5985
2504	5986
5820	5987
995	5988
1	5989
5092	5990
435	5991
5178	5992
4738	5993
6060	5994
5448	5995
5879	5996
6985	5997
299	5998
454	5999
2232	6000
6239	6001
5301	6002
2764	6003
7868	6004
8235	6005
4518	6006
7676	6007
188	6008
248	6009
146	6010
7481	6011
6755	6012
1427	6013
65	6014
574	6015
6637	6016
148	6017
6201	6018
6747	6019
1392	6020
4409	6021
2614	6022
6867	6023
3138	6024
7258	6025
6972	6026
95	6027
7043	6028
7042	6029
6504	6030
4591	6031
6099	6032
96	6033
5620	6034
7729	6035
5636	6036
2401	6037
4414	6038
318	6039
6571	6040
1942	6041
2483	6042
5284	6043
681	6044
1067	6045
3383	6046
4343	6047
7020	6048
3880	6049
667	6050
6840	6051
444	6052
101	6053
1903	6054
695	6055
6681	6056
334	6057
8481	6058
522	6059
5527	6060
5468	6061
6989	6062
6445	6063
4546	6064
1547	6065
4238	6066
7689	6067
90	6068
233	6069
522	6070
233	6071
4956	6072
990	6073
6152	6074
190	6075
5583	6076
8145	6077
1928	6078
3720	6079
2874	6080
2566	6081
5392	6082
2572	6083
1745	6084
287	6085
613	6086
3135	6087
4500	6088
1347	6089
4404	6090
4227	6091
1073	6092
5357	6093
5714	6094
5797	6095
3321	6096
8407	6097
116	6098
4858	6099
4071	6100
3404	6101
116	6102
5229	6103
8281	6104
4824	6105
2577	6106
1270	6107
314	6108
3	6109
4737	6110
6727	6111
8375	6112
95	6113
1002	6114
4467	6115
3627	6116
7697	6117
4868	6118
7033	6119
6782	6120
7146	6121
3536	6122
7577	6123
2751	6124
6096	6125
7630	6126
3312	6127
7309	6128
3	6129
1749	6130
4867	6131
376	6132
865	6133
5701	6134
4968	6135
8277	6136
1920	6137
498	6138
2536	6139
1102	6140
2948	6141
2438	6142
4614	6143
2525	6144
2542	6145
6340	6146
6866	6147
6875	6148
6902	6149
1565	6150
6499	6151
3556	6152
3693	6153
7837	6154
3558	6155
7743	6156
7836	6157
1395	6158
7675	6159
678	6160
2750	6161
149	6162
4716	6163
89	6164
8247	6165
1364	6166
5051	6167
7664	6168
1073	6169
7747	6170
8426	6171
3791	6172
6987	6173
5552	6174
721	6175
7518	6176
6464	6177
182	6178
594	6179
101	6180
3074	6181
5393	6182
2778	6183
7185	6184
4186	6185
4148	6186
6433	6187
6909	6188
7014	6189
5259	6190
2548	6191
1386	6192
4711	6193
577	6194
7198	6195
6279	6196
2594	6197
565	6198
7935	6199
3405	6200
1382	6201
69	6202
4753	6203
2999	6204
1997	6205
4550	6206
1967	6207
5242	6208
5476	6209
6760	6210
3825	6211
6160	6212
5654	6213
5246	6214
2982	6215
5752	6216
5299	6217
2546	6218
3554	6219
2892	6220
2425	6221
2966	6222
2934	6223
3967	6224
4972	6225
5244	6226
5253	6227
3771	6228
4572	6229
6752	6230
4638	6231
7138	6232
2855	6233
2219	6234
3253	6235
3838	6236
6852	6237
2676	6238
1314	6239
895	6240
6851	6241
1508	6242
1304	6243
7944	6244
1996	6245
5112	6246
7150	6247
3834	6248
6928	6249
6915	6250
7418	6251
6312	6252
238	6253
6238	6254
2452	6255
6344	6256
1101	6257
5151	6258
5708	6259
2628	6260
7977	6261
6378	6262
4066	6263
175	6264
3127	6265
4539	6266
7842	6267
6832	6268
5702	6269
330	6270
3338	6271
1492	6272
1504	6273
8217	6274
89	6275
1354	6276
7753	6277
1721	6278
956	6279
4606	6280
5487	6281
1206	6282
946	6283
6259	6284
430	6285
887	6286
13	6287
3705	6288
3731	6289
6758	6290
5530	6291
47	6292
7062	6293
4603	6294
1351	6295
1825	6296
3369	6297
7879	6298
3425	6299
6334	6300
301	6301
393	6302
8388	6303
3387	6304
2641	6305
2279	6306
5421	6307
1153	6308
5475	6309
5822	6310
1629	6311
7417	6312
3065	6313
8419	6314
132	6315
8126	6316
7673	6317
2746	6318
5995	6319
8175	6320
3504	6321
267	6322
144	6323
4721	6324
8114	6325
223	6326
1000	6327
342	6328
7523	6329
245	6330
5594	6331
2706	6332
6677	6333
3324	6334
8125	6335
7705	6336
2986	6337
8	6338
125	6339
1094	6340
1094	6341
6043	6342
7811	6343
7508	6344
1833	6345
8063	6346
4150	6347
22	6348
2186	6349
2723	6350
3905	6351
7472	6352
1185	6353
8038	6354
5125	6355
5483	6356
5960	6357
4393	6358
1919	6359
1700	6360
8445	6361
598	6362
6601	6363
3230	6364
5488	6365
7298	6366
3511	6367
6474	6368
6281	6369
3030	6370
1021	6371
7026	6372
308	6373
6315	6374
7131	6375
5682	6376
3680	6377
6194	6378
4882	6379
5547	6380
6261	6381
3877	6382
250	6383
40	6384
8224	6385
1134	6386
1207	6387
4966	6388
260	6389
2479	6390
4830	6391
6485	6392
793	6393
6766	6394
3177	6395
779	6396
2297	6397
624	6398
6978	6399
6313	6400
7399	6401
7323	6402
558	6403
334	6404
544	6405
1824	6406
6176	6407
5657	6408
2556	6409
8409	6410
596	6411
8040	6412
179	6413
7554	6414
7439	6415
3672	6416
8071	6417
4676	6418
5585	6419
4042	6420
2138	6421
160	6422
7687	6423
2074	6424
8007	6425
7137	6426
6260	6427
137	6428
8393	6429
3729	6430
7812	6431
1301	6432
5449	6433
8453	6434
6800	6435
4000	6436
2142	6437
743	6438
5684	6439
5297	6440
302	6441
5197	6442
3414	6443
651	6444
4216	6445
7856	6446
293	6447
4581	6448
8141	6449
3194	6450
193	6451
683	6452
4911	6453
3335	6454
7792	6455
2718	6456
1877	6457
7609	6458
3824	6459
3448	6460
750	6461
5425	6462
2238	6463
4	6464
684	6465
5994	6466
6786	6467
8181	6468
35	6469
1028	6470
2240	6471
8442	6472
4239	6473
5745	6474
4262	6475
4667	6476
157	6477
159	6478
1336	6479
2981	6480
6508	6481
7340	6482
321	6483
6834	6484
76	6485
7192	6486
486	6487
6524	6488
5978	6489
4537	6490
5914	6491
7733	6492
154	6493
8197	6494
3251	6495
3716	6496
7974	6497
5211	6498
993	6499
7284	6500
6006	6501
6184	6502
8031	6503
1237	6504
389	6505
8057	6506
1461	6507
3813	6508
1628	6509
959	6510
3178	6511
220	6512
491	6513
3714	6514
7941	6515
4698	6516
5041	6517
6754	6518
90	6519
3836	6520
1279	6521
315	6522
418	6523
1471	6524
207	6525
5556	6526
6402	6527
1658	6528
6567	6529
6555	6530
2102	6531
5144	6532
131	6533
1861	6534
4370	6535
6951	6536
232	6537
2	6538
24	6539
1169	6540
16	6541
2095	6542
6403	6543
6062	6544
964	6545
2029	6546
348	6547
7830	6548
23	6549
460	6550
7186	6551
1006	6552
5786	6553
7095	6554
3865	6555
6475	6556
1599	6557
8304	6558
6717	6559
7781	6560
736	6561
1474	6562
7885	6563
4049	6564
3596	6565
7176	6566
5155	6567
6980	6568
276	6569
5913	6570
1908	6571
682	6572
1820	6573
3908	6574
724	6575
5757	6576
448	6577
1321	6578
6950	6579
226	6580
8112	6581
76	6582
3022	6583
4984	6584
34	6585
925	6586
125	6587
6360	6588
4626	6589
250	6590
1137	6591
155	6592
491	6593
6072	6594
1644	6595
6032	6596
763	6597
6516	6598
6292	6599
1534	6600
7152	6601
6361	6602
2838	6603
4386	6604
4406	6605
6074	6606
79	6607
5976	6608
7390	6609
8065	6610
8129	6611
635	6612
4203	6613
4954	6614
1642	6615
4450	6616
4651	6617
374	6618
7466	6619
122	6620
8359	6621
1465	6622
7098	6623
2356	6624
4627	6625
758	6626
1520	6627
4508	6628
3212	6629
1415	6630
2799	6631
6486	6632
2441	6633
1007	6634
3237	6635
4729	6636
2653	6637
2017	6638
476	6639
320	6640
765	6641
8097	6642
5087	6643
7151	6644
311	6645
2391	6646
3102	6647
829	6648
2252	6649
183	6650
6590	6651
7	6652
53	6653
12	6654
1085	6655
4634	6656
6180	6657
5699	6658
4914	6659
8466	6660
7619	6661
1138	6662
6434	6663
5641	6664
6995	6665
7535	6666
829	6667
7880	6668
4847	6669
173	6670
905	6671
4575	6672
3359	6673
871	6674
1624	6675
1837	6676
6453	6677
291	6678
2604	6679
4053	6680
4419	6681
6086	6682
746	6683
1896	6684
422	6685
258	6686
1582	6687
203	6688
203	6689
1119	6690
286	6691
494	6692
76	6693
1331	6694
4469	6695
2478	6696
5723	6697
3953	6698
6159	6699
8190	6700
2306	6701
3622	6702
577	6703
5308	6704
5659	6705
7269	6706
6781	6707
1826	6708
717	6709
6892	6710
7591	6711
1566	6712
4992	6713
3722	6714
78	6715
5673	6716
6348	6717
681	6718
2256	6719
180	6720
6235	6721
3742	6722
5971	6723
29	6724
2241	6725
1914	6726
5893	6727
3116	6728
1048	6729
3889	6730
106	6731
320	6732
7233	6733
3715	6734
6000	6735
6253	6736
559	6737
4664	6738
63	6739
621	6740
2995	6741
8372	6742
679	6743
164	6744
3562	6745
7563	6746
4747	6747
322	6748
7815	6749
4081	6750
1495	6751
2694	6752
3128	6753
3234	6754
3870	6755
4795	6756
1166	6757
707	6758
4600	6759
7079	6760
7080	6761
5679	6762
216	6763
5245	6764
2285	6765
1989	6766
3400	6767
450	6768
7280	6769
939	6770
2530	6771
583	6772
450	6773
141	6774
3895	6775
7044	6776
5607	6777
2547	6778
5677	6779
2400	6780
7550	6781
1	6782
6310	6783
106	6784
2977	6785
138	6786
2461	6787
5300	6788
8274	6789
2004	6790
1102	6791
5917	6792
62	6793
7916	6794
10	6795
4130	6796
4762	6797
776	6798
4014	6799
2684	6800
3329	6801
8098	6802
4613	6803
4492	6804
2480	6805
847	6806
3068	6807
388	6808
4444	6809
7827	6810
6412	6811
3732	6812
5180	6813
2073	6814
1939	6815
2823	6816
5177	6817
3079	6818
28	6819
5355	6820
6815	6821
1662	6822
5028	6823
372	6824
798	6825
2900	6826
4280	6827
7074	6828
8322	6829
4120	6830
5374	6831
5238	6832
4358	6833
4521	6834
5463	6835
2127	6836
72	6837
214	6838
954	6839
2949	6840
463	6841
7801	6842
635	6843
22	6844
579	6845
555	6846
740	6847
189	6848
4126	6849
4901	6850
715	6851
5663	6852
2968	6853
4599	6854
2958	6855
4779	6856
478	6857
792	6858
362	6859
6094	6860
6164	6861
1147	6862
3594	6863
4155	6864
1417	6865
4151	6866
1904	6867
1719	6868
4476	6869
2642	6870
2845	6871
228	6872
589	6873
6635	6874
378	6875
6517	6876
6750	6877
6419	6878
5130	6879
7239	6880
8415	6881
6421	6882
2273	6883
6	6884
4030	6885
2339	6886
8300	6887
186	6888
186	6889
1348	6890
41	6891
6751	6892
1175	6893
6981	6894
1116	6895
7331	6896
2222	6897
4805	6898
1204	6899
3203	6900
5183	6901
7558	6902
5781	6903
4052	6904
1441	6905
8037	6906
4900	6907
4453	6908
5743	6909
7300	6910
4016	6911
1570	6912
3628	6913
8452	6914
710	6915
750	6916
3797	6917
357	6918
4174	6919
6146	6920
1276	6921
43	6922
3589	6923
3384	6924
3868	6925
5390	6926
609	6927
642	6928
7431	6929
4209	6930
2035	6931
3487	6932
1058	6933
231	6934
139	6935
722	6936
722	6937
6568	6938
3879	6939
4991	6940
4635	6941
25	6942
2929	6943
7071	6944
4057	6945
25	6946
19	6947
8299	6948
6759	6949
723	6950
4570	6951
3462	6952
261	6953
2351	6954
6078	6955
3476	6956
6325	6957
518	6958
3282	6959
558	6960
137	6961
806	6962
626	6963
2532	6964
5957	6965
578	6966
828	6967
2264	6968
335	6969
335	6970
91	6971
5207	6972
1066	6973
440	6974
247	6975
3413	6976
2069	6977
649	6978
6793	6979
3768	6980
3183	6981
8369	6982
2080	6983
3368	6984
1198	6985
3248	6986
5809	6987
508	6988
851	6989
1571	6990
4318	6991
6138	6992
3184	6993
4336	6994
1888	6995
8327	6996
2964	6997
3985	6998
5457	6999
373	7000
593	7001
4195	7002
481	7003
1557	7004
1674	7005
5066	7006
1954	7007
317	7008
7914	7009
4939	7010
447	7011
441	7012
27	7013
314	7014
259	7015
824	7016
3689	7017
6305	7018
3247	7019
3036	7020
775	7021
556	7022
707	7023
177	7024
6495	7025
796	7026
8034	7027
5182	7028
6236	7029
3809	7030
6626	7031
4912	7032
8198	7033
5201	7034
4493	7035
7936	7036
509	7037
8455	7038
4001	7039
3728	7040
274	7041
7795	7042
817	7043
8276	7044
224	7045
4519	7046
261	7047
81	7048
7332	7049
3060	7050
3040	7051
6371	7052
1982	7053
6887	7054
1361	7055
5581	7056
1318	7057
251	7058
7952	7059
4706	7060
6071	7061
461	7062
4019	7063
8306	7064
2503	7065
7640	7066
8171	7067
8	7068
2526	7069
7911	7070
2839	7071
1969	7072
237	7073
1087	7074
3451	7075
3464	7076
7256	7077
7939	7078
3436	7079
3490	7080
3827	7081
8347	7082
318	7083
4761	7084
8062	7085
664	7086
1549	7087
1950	7088
6287	7089
7651	7090
7193	7091
4036	7092
999	7093
5115	7094
7382	7095
2876	7096
1960	7097
252	7098
4478	7099
6134	7100
7471	7101
4387	7102
7557	7103
3051	7104
347	7105
739	7106
5600	7107
4064	7108
298	7109
2685	7110
140	7111
5571	7112
390	7113
6687	7114
3152	7115
1484	7116
6971	7117
363	7118
1378	7119
2908	7120
6668	7121
6974	7122
4235	7123
5520	7124
5621	7125
7620	7126
7745	7127
5871	7128
3736	7129
7078	7130
7803	7131
191	7132
2090	7133
191	7134
1338	7135
1727	7136
3609	7137
5149	7138
384	7139
6418	7140
612	7141
436	7142
5380	7143
6192	7144
1045	7145
4423	7146
4161	7147
968	7148
193	7149
7057	7150
7532	7151
5907	7152
6149	7153
7163	7154
8140	7155
1857	7156
5977	7157
2437	7158
1654	7159
4058	7160
1973	7161
120	7162
6638	7163
4461	7164
8278	7165
2292	7166
7831	7167
3941	7168
2114	7169
128	7170
6298	7171
2800	7172
4538	7173
3346	7174
6532	7175
446	7176
5954	7177
6818	7178
5278	7179
2837	7180
7171	7181
1771	7182
7639	7183
1388	7184
5250	7185
3214	7186
74	7187
5235	7188
8134	7189
5293	7190
6017	7191
547	7192
547	7193
7533	7194
3273	7195
5164	7196
86	7197
5615	7198
1974	7199
3043	7200
3355	7201
39	7202
805	7203
5334	7204
557	7205
178	7206
7320	7207
3306	7208
2811	7209
3389	7210
645	7211
1909	7212
615	7213
8397	7214
6452	7215
7767	7216
1948	7217
288	7218
4088	7219
377	7220
5460	7221
1513	7222
8387	7223
9	7224
4253	7225
8331	7226
426	7227
603	7228
2890	7229
192	7230
446	7231
6233	7232
3351	7233
7213	7234
6085	7235
136	7236
6230	7237
4645	7238
2938	7239
8428	7240
6837	7241
306	7242
4315	7243
934	7244
7975	7245
109	7246
3617	7247
3749	7248
568	7249
303	7250
6263	7251
6674	7252
1871	7253
4902	7254
4337	7255
6321	7256
5224	7257
3507	7258
4152	7259
4	7260
549	7261
241	7262
650	7263
3819	7264
7395	7265
1308	7266
836	7267
54	7268
3863	7269
6182	7270
505	7271
982	7272
225	7273
5558	7274
3543	7275
1849	7276
4330	7277
7659	7278
5785	7279
92	7280
5338	7281
5895	7282
65	7283
1028	7284
1898	7285
37	7286
60	7287
8302	7288
4688	7289
923	7290
4257	7291
4317	7292
5924	7293
492	7294
2755	7295
1891	7296
1477	7297
457	7298
3657	7299
1732	7300
4998	7301
110	7302
6169	7303
4006	7304
958	7305
215	7306
6392	7307
2707	7308
4604	7309
976	7310
852	7311
3763	7312
7751	7313
4129	7314
855	7315
6373	7316
3204	7317
5734	7318
5592	7319
7998	7320
1883	7321
3259	7322
187	7323
7038	7324
6833	7325
4485	7326
322	7327
2868	7328
6608	7329
5103	7330
660	7331
1164	7332
123	7333
59	7334
565	7335
7924	7336
94	7337
6973	7338
981	7339
4705	7340
8449	7341
252	7342
523	7343
5927	7344
1887	7345
6234	7346
63	7347
696	7348
78	7349
8318	7350
1970	7351
5230	7352
875	7353
359	7354
4859	7355
3510	7356
3781	7357
6711	7358
5048	7359
997	7360
243	7361
3875	7362
5343	7363
3537	7364
7070	7365
611	7366
2515	7367
270	7368
7546	7369
7599	7370
665	7371
617	7372
456	7373
2304	7374
3021	7375
3467	7376
3793	7377
7226	7378
5397	7379
2197	7380
5887	7381
3883	7382
133	7383
341	7384
4119	7385
1788	7386
5410	7387
907	7388
7	7389
2381	7390
7823	7391
6574	7392
170	7393
3816	7394
4873	7395
458	7396
7653	7397
3343	7398
698	7399
6095	7400
1066	7401
4562	7402
1017	7403
132	7404
2559	7405
7903	7406
2894	7407
4289	7408
4306	7409
7259	7410
2563	7411
3416	7412
504	7413
4193	7414
4582	7415
1377	7416
4629	7417
4360	7418
6114	7419
7805	7420
1163	7421
136	7422
234	7423
1706	7424
5339	7425
3447	7426
2806	7427
5	7428
961	7429
6588	7430
7199	7431
182	7432
962	7433
7430	7434
468	7435
6481	7436
6089	7437
6948	7438
1468	7439
2540	7440
7187	7441
6531	7442
317	7443
3196	7444
5826	7445
2499	7446
6286	7447
8058	7448
6080	7449
1064	7450
6801	7451
5015	7452
8220	7453
7394	7454
6355	7455
7219	7456
272	7457
5366	7458
6295	7459
3555	7460
3181	7461
7613	7462
6372	7463
6067	7464
2570	7465
2359	7466
7680	7467
1784	7468
1409	7469
2600	7470
1295	7471
2713	7472
2485	7473
4924	7474
1186	7475
1027	7476
739	7477
557	7478
5072	7479
113	7480
718	7481
6046	7482
5570	7483
1344	7484
6356	7485
940	7486
1121	7487
4156	7488
6699	7489
2360	7490
7265	7491
8243	7492
4154	7493
895	7494
1414	7495
3249	7496
3605	7497
2854	7498
2897	7499
139	7500
520	7501
945	7502
5780	7503
4	7504
901	7505
403	7506
5434	7507
998	7508
5453	7509
1530	7510
39	7511
653	7512
395	7513
2923	7514
42	7515
5441	7516
167	7517
5906	7518
4184	7519
8099	7520
7790	7521
5447	7522
3621	7523
7051	7524
13	7525
6338	7526
6394	7527
763	7528
4443	7529
208	7530
477	7531
907	7532
5433	7533
2692	7534
5490	7535
7982	7536
952	7537
3360	7538
7398	7539
6125	7540
8128	7541
1946	7542
4975	7543
2014	7544
2538	7545
2022	7546
6316	7547
4876	7548
6020	7549
2597	7550
7262	7551
1310	7552
1660	7553
1875	7554
20	7555
2518	7556
607	7557
2586	7558
8360	7559
3356	7560
3595	7561
4964	7562
535	7563
2891	7564
309	7565
6654	7566
5773	7567
3975	7568
1131	7569
5631	7570
3056	7571
1551	7572
7818	7573
852	7574
6256	7575
4117	7576
5525	7577
1626	7578
3522	7579
2193	7580
135	7581
8443	7582
882	7583
1792	7584
1180	7585
3309	7586
7327	7587
438	7588
1400	7589
406	7590
5632	7591
2012	7592
2124	7593
217	7594
833	7595
2370	7596
7177	7597
6317	7598
1912	7599
643	7600
5067	7601
1327	7602
5437	7603
2903	7604
2575	7605
1761	7606
1485	7607
6975	7608
281	7609
651	7610
2120	7611
5630	7612
6199	7613
2807	7614
6124	7615
879	7616
2519	7617
5901	7618
1081	7619
2352	7620
884	7621
4869	7622
2471	7623
1284	7624
1915	7625
850	7626
2579	7627
3452	7628
8014	7629
57	7630
127	7631
3688	7632
1823	7633
82	7634
4601	7635
6288	7636
4037	7637
329	7638
6001	7639
3300	7640
1649	7641
5213	7642
229	7643
5554	7644
8035	7645
6423	7646
5217	7647
2347	7648
5549	7649
1737	7650
8353	7651
8066	7652
5665	7653
72	7654
3119	7655
2803	7656
3111	7657
6649	7658
4773	7659
5842	7660
172	7661
5672	7662
3156	7663
7901	7664
152	7665
1568	7666
4888	7667
5135	7668
5240	7669
7775	7670
6489	7671
543	7672
4920	7673
5186	7674
1109	7675
986	7676
5292	7677
262	7678
648	7679
855	7680
5091	7681
673	7682
6395	7683
6672	7684
3015	7685
4339	7686
7168	7687
2048	7688
459	7689
1128	7690
187	7691
3638	7692
5330	7693
6942	7694
7293	7695
3871	7696
7661	7697
3136	7698
3453	7699
5706	7700
6328	7701
1610	7702
6876	7703
4023	7704
7406	7705
7480	7706
2552	7707
2687	7708
7505	7709
5836	7710
209	7711
8018	7712
5616	7713
4482	7714
225	7715
4322	7716
845	7717
1020	7718
1730	7719
6498	7720
679	7721
5618	7722
224	7723
5354	7724
4801	7725
22	7726
34	7727
26	7728
109	7729
3900	7730
7461	7731
8424	7732
4673	7733
5327	7734
5828	7735
4086	7736
606	7737
474	7738
6664	7739
5316	7740
3450	7741
356	7742
7875	7743
5333	7744
540	7745
1115	7746
1764	7747
119	7748
3469	7749
4978	7750
5533	7751
7701	7752
5438	7753
3753	7754
7735	7755
7816	7756
6432	7757
3876	7758
7734	7759
7260	7760
4201	7761
3844	7762
970	7763
4334	7764
2474	7765
6582	7766
2875	7767
7542	7768
4736	7769
3042	7770
1033	7771
7616	7772
5089	7773
1289	7774
6502	7775
43	7776
4522	7777
6968	7778
1235	7779
5580	7780
8195	7781
5069	7782
3972	7783
4398	7784
3540	7785
1597	7786
4224	7787
114	7788
7455	7789
5787	7790
8192	7791
8402	7792
7046	7793
4486	7794
4960	7795
5559	7796
5851	7797
354	7798
2188	7799
2743	7800
5469	7801
3669	7802
1049	7803
1867	7804
6341	7805
2419	7806
528	7807
4489	7808
4890	7809
564	7810
6215	7811
82	7812
3766	7813
7037	7814
8297	7815
195	7816
5717	7817
7588	7818
7945	7819
2818	7820
4786	7821
738	7822
6157	7823
1357	7824
2770	7825
4207	7826
309	7827
8148	7828
4431	7829
6091	7830
6559	7831
45	7832
3317	7833
2784	7834
832	7835
134	7836
1615	7837
1703	7838
6435	7839
3179	7840
85	7841
7215	7842
8067	7843
5807	7844
8183	7845
3691	7846
3775	7847
130	7848
4523	7849
5753	7850
7507	7851
57	7852
4527	7853
4222	7854
867	7855
846	7856
255	7857
5306	7858
781	7859
5884	7860
3778	7861
949	7862
5764	7863
2534	7864
8346	7865
4127	7866
7946	7867
7017	7868
1057	7869
815	7870
2598	7871
831	7872
3812	7873
3590	7874
217	7875
6743	7876
2254	7877
1921	7878
1111	7879
3269	7880
1145	7881
1714	7882
6163	7883
1466	7884
641	7885
5818	7886
4631	7887
93	7888
75	7889
1238	7890
1855	7891
6633	7892
8411	7893
4502	7894
2369	7895
7987	7896
2709	7897
1918	7898
1699	7899
6431	7900
8	7901
3783	7902
672	7903
4319	7904
1835	7905
7917	7906
1	7907
843	7908
514	7909
1690	7910
3630	7911
353	7912
6619	7913
3334	7914
2001	7915
1535	7916
5776	7917
8159	7918
960	7919
748	7920
1256	7921
6034	7922
942	7923
7702	7924
920	7925
868	7926
4175	7927
5800	7928
3154	7929
8056	7930
1082	7931
8086	7932
7774	7933
5459	7934
4041	7935
61	7936
802	7937
2703	7938
4529	7939
8321	7940
6792	7941
6377	7942
1100	7943
6523	7944
826	7945
915	7946
6570	7947
1972	7948
8064	7949
365	7950
820	7951
2906	7952
1604	7953
1595	7954
290	7955
192	7956
490	7957
7828	7958
3142	7959
7633	7960
31	7961
1038	7962
5802	7963
4410	7964
6122	7965
4383	7966
5792	7967
8149	7968
42	7969
6898	7970
4272	7971
7692	7972
2454	7973
5073	7974
1739	7975
1697	7976
3371	7977
1181	7978
936	7979
986	7980
4866	7981
5129	7982
4138	7983
897	7984
7886	7985
977	7986
3601	7987
5248	7988
4271	7989
1600	7990
6097	7991
5859	7992
6563	7993
327	7994
115	7995
933	7996
3650	7997
5277	7998
8143	7999
6639	8000
2647	8001
1776	8002
7531	8003
3958	8004
3829	8005
3232	8006
6561	8007
5175	8008
4724	8009
6746	8010
660	8011
7873	8012
6193	8013
3618	8014
6667	8015
954	8016
8324	8017
3017	8018
4574	8019
3024	8020
3575	8021
1172	8022
4192	8023
7348	8024
784	8025
3526	8026
7029	8027
7203	8028
1015	8029
438	8030
7330	8031
979	8032
4931	8033
7494	8034
5798	8035
7402	8036
1189	8037
3220	8038
4768	8039
661	8040
2274	8041
6469	8042
2886	8043
8282	8044
1018	8045
3867	8046
723	8047
3437	8048
5560	8049
5429	8050
3454	8051
3744	8052
1723	8053
603	8054
52	8055
2937	8056
910	8057
7928	8058
4310	8059
7529	8060
5085	8061
1199	8062
513	8063
1014	8064
567	8065
4854	8066
244	8067
466	8068
1621	8069
8036	8070
492	8071
1944	8072
728	8073
329	8074
5526	8075
6446	8076
1873	8077
6682	8078
1037	8079
8248	8080
14	8081
974	8082
5670	8083
1309	8084
4256	8085
40	8086
4002	8087
2827	8088
2312	8089
6353	8090
830	8091
87	8092
6079	8093
2974	8094
3845	8095
4542	8096
6539	8097
2988	8098
6858	8099
824	8100
6314	8101
7384	8102
8023	8103
1802	8104
3683	8105
2957	8106
1766	8107
3224	8108
727	8109
126	8110
1292	8111
1991	8112
4809	8113
389	8114
8344	8115
87	8116
1356	8117
6719	8118
2202	8119
1479	8120
6843	8121
3293	8122
8255	8123
2535	8124
7212	8125
74	8126
26	8127
719	8128
927	8129
1371	8130
208	8131
2089	8132
2812	8133
6631	8134
7741	8135
5942	8136
5716	8137
133	8138
978	8139
3314	8140
3990	8141
1460	8142
3751	8143
380	8144
1635	8145
886	8146
5262	8147
782	8148
743	8149
1320	8150
1486	8151
4436	8152
2939	8153
2315	8154
2702	8155
5653	8156
37	8157
7567	8158
8366	8159
1573	8160
785	8161
2761	8162
8228	8163
4780	8164
99	8165
3837	8166
3604	8167
3200	8168
7064	8169
1501	8170
6463	8171
2512	8172
1540	8173
4352	8174
3455	8175
271	8176
85	8177
4843	8178
2086	8179
1602	8180
7852	8181
3005	8182
726	8183
2387	8184
1019	8185
1260	8186
1435	8187
1373	8188
440	8189
83	8190
2350	8191
2412	8192
550	8193
572	8194
3826	8195
6012	8196
838	8197
7429	8198
5667	8199
6329	8200
171	8201
5415	8202
2717	8203
1281	8204
6825	8205
1086	8206
5416	8207
240	8208
2813	8209
6842	8210
8396	8211
3218	8212
42	8213
5882	8214
3581	8215
4087	8216
500	8217
6794	8218
4251	8219
5946	8220
4375	8221
2531	8222
1136	8223
693	8224
799	8225
5187	8226
66	8227
2396	8228
7289	8229
3208	8230
206	8231
507	8232
7672	8233
874	8234
7220	8235
6578	8236
2266	8237
4325	8238
467	8239
7255	8240
918	8241
3799	8242
559	8243
8480	8244
7393	8245
6728	8246
2576	8247
243	8248
2591	8249
6322	8250
668	8251
6430	8252
4365	8253
4820	8254
5171	8255
4658	8256
4547	8257
7615	8258
806	8259
140	8260
7540	8261
2585	8262
432	8263
7947	8264
1079	8265
3151	8266
30	8267
2112	8268
6424	8269
236	8270
6411	8271
5771	8272
4660	8273
7291	8274
164	8275
6100	8276
6577	8277
5683	8278
7338	8279
3106	8280
2459	8281
7065	8282
5829	8283
1255	8284
700	8285
7202	8286
6396	8287
5599	8288
676	8289
1804	8290
5966	8291
323	8292
1932	8293
6841	8294
787	8295
516	8296
7683	8297
2045	8298
7953	8299
1236	8300
4853	8301
3386	8302
121	8303
1217	8304
5589	8305
4589	8306
41	8307
7623	8308
4681	8309
6066	8310
7076	8311
7966	8312
7183	8313
5911	8314
1976	8315
5834	8316
4846	8317
8325	8318
3988	8319
4394	8320
273	8321
1818	8322
6140	8323
686	8324
3851	8325
2081	8326
1012	8327
1004	8328
6795	8329
795	8330
128	8331
1583	8332
427	8333
7408	8334
5043	8335
2087	8336
276	8337
4836	8338
4976	8339
2947	8340
7451	8341
3725	8342
7933	8343
896	8344
3869	8345
6217	8346
4245	8347
3	8348
3345	8349
4412	8350
6726	8351
2303	8352
534	8353
4402	8354
8169	8355
5236	8356
5603	8357
8254	8358
2774	8359
1868	8360
3761	8361
5045	8362
774	8363
8341	8364
179	8365
728	8366
3739	8367
10	8368
59	8369
325	8370
7527	8371
4029	8372
789	8373
1774	8374
2969	8375
5690	8376
2506	8377
6836	8378
4277	8379
6407	8380
2984	8381
758	8382
6039	8383
4440	8384
4612	8385
1359	8386
5281	8387
2537	8388
1064	8389
4471	8390
265	8391
785	8392
263	8393
4857	8394
1182	8395
315	8396
1590	8397
7445	8398
6190	8399
4929	8400
4860	8401
3734	8402
516	8403
4214	8404
798	8405
2128	8406
3344	8407
586	8408
34	8409
7292	8410
3987	8411
83	8412
1569	8413
1869	8414
7814	8415
6718	8416
7907	8417
6970	8418
146	8419
851	8420
350	8421
5732	8422
538	8423
2527	8424
747	8425
3408	8426
2068	8427
1675	8428
3727	8429
2044	8430
6899	8431
2961	8432
6827	8433
77	8434
2975	8435
4265	8436
403	8437
848	8438
560	8439
6368	8440
6031	8441
154	8442
4829	8443
1586	8444
6354	8445
4856	8446
2131	8447
4951	8448
45	8449
5758	8450
7847	8451
429	8452
4	8453
542	8454
5215	8455
4233	8456
4528	8457
4905	8458
8111	8459
7976	8460
7925	8461
13	8462
4567	8463
4012	8464
7450	8465
7368	8466
4825	8467
7617	8468
1184	8469
7367	8470
6450	8471
5002	8472
3541	8473
7336	8474
5247	8475
1858	8476
3922	8477
5609	8478
1473	8479
4143	8480
982	8481
1274	8482
207	8483
1456	8484
1447	8485
2375	8486
7777	8487
5059	8488
3124	8489
304	8490
6391	8491
5870	8492
6420	8493
218	8494
8232	8495
1089	8496
8130	8497
5835	8498
153	8499
449	8500
5965	8501
964	8502
1641	8503
6382	8504
4947	8505
1822	8506
8368	8507
244	8508
542	8509
2409	8510
1848	8511
7502	8512
135	8513
7744	8514
5101	8515
4446	8516
2093	8517
377	8518
6	8519
257	8520
7206	8521
6609	8522
2613	8523
23	8524
1854	8525
2686	8526
1174	8527
5118	8528
2286	8529
950	8530
4646	8531
843	8532
3158	8533
8055	8534
1234	8535
2227	8536
1316	8537
7793	8538
5232	8539
8216	8540
6488	8541
5595	8542
695	8543
2016	8544
1722	8545
808	8546
585	8547
1729	8548
911	8549
2367	8550
1	8551
7161	8552
1736	8553
353	8554
867	8555
406	8556
2554	8557
7796	8558
8365	8559
995	8560
5760	8561
4290	8562
3942	8563
4111	8564
1987	8565
2206	8566
2062	8567
223	8568
3496	8569
5450	8570
1288	8571
43	8572
4267	8573
912	8574
7250	8575
138	8576
1666	8577
2357	8578
46	8579
2810	8580
465	8581
1580	8582
3330	8583
7642	8584
2476	8585
2776	8586
5053	8587
13	8588
5280	8589
3305	8590
3584	8591
5189	8592
786	8593
3561	8594
3909	8595
7882	8596
437	8597
7829	8598
8180	8599
2276	8600
5391	8601
123	8602
6460	8603
1526	8604
1129	8605
970	8606
1406	8607
2473	8608
1862	8609
3635	8610
3274	8611
4072	8612
133	8613
4925	8614
2460	8615
3374	8616
49	8617
5444	8618
338	8619
6048	8620
5162	8621
1125	8622
5001	8623
5122	8624
1711	8625
8147	8626
7905	8627
527	8628
3925	8629
3673	8630
4986	8631
3166	8632
2667	8633
5650	8634
8001	8635
5874	8636
3439	8637
7684	8638
316	8639
7452	8640
753	8641
1947	8642
240	8643
476	8644
2681	8645
5404	8646
5912	8647
91	8648
2817	8649
4509	8650
3071	8651
61	8652
36	8653
4490	8654
6616	8655
4940	8656
7919	8657
6997	8658
4182	8659
4373	8660
49	8661
4243	8662
811	8663
237	8664
1024	8665
398	8666
272	8667
1760	8668
7414	8669
2781	8670
360	8671
4091	8672
5830	8673
5372	8674
2487	8675
7440	8676
17	8677
661	8678
3073	8679
4722	8680
1874	8681
1844	8682
3743	8683
5961	8684
1577	8685
2	8686
6826	8687
1789	8688
7983	8689
4690	8690
3785	8691
374	8692
4692	8693
6130	8694
1747	8695
1041	8696
949	8697
2830	8698
2287	8699
251	8700
5736	8701
5054	8702
729	8703
2137	8704
77	8705
6767	8706
6232	8707
2314	8708
6244	8709
3264	8710
4907	8711
6370	8712
2726	8713
2738	8714
4063	8715
4699	8716
971	8717
1051	8718
1851	8719
6473	8720
1315	8721
8370	8722
576	8723
1728	8724
2184	8725
3913	8726
3123	8727
1800	8728
1578	8729
5762	8730
7961	8731
269	8732
1847	8733
1233	8734
6642	8735
3674	8736
1618	8737
6092	8738
339	8739
485	8740
62	8741
97	8742
5601	8743
4320	8744
6713	8745
877	8746
610	8747
197	8748
3339	8749
584	8750
405	8751
6585	8752
4237	8753
11	8754
6320	8755
4862	8756
433	8757
1097	8758
4191	8759
8117	8760
8269	8761
654	8762
7723	8763
8010	8764
367	8765
18	8766
6731	8767
1981	8768
1026	8769
5364	8770
4981	8771
3823	8772
4342	8773
7156	8774
2697	8775
4038	8776
2018	8777
4144	8778
5661	8779
1777	8780
4225	8781
6566	8782
59	8783
70	8784
4430	8785
5348	8786
5759	8787
3576	8788
6709	8789
4713	8790
8330	8791
7564	8792
347	8793
1687	8794
5295	8795
3566	8796
6028	8797
6076	8798
2734	8799
2462	8800
4326	8801
3210	8802
7568	8803
512	8804
3349	8805
567	8806
595	8807
4787	8808
551	8809
1008	8810
7782	8811
4162	8812
378	8813
1923	8814
4425	8815
600	8816
3167	8817
5805	8818
5258	8819
894	8820
2529	8821
956	8822
253	8823
1042	8824
6345	8825
1042	8826
521	8827
111	8828
2691	8829
7573	8830
575	8831
6	8832
7965	8833
675	8834
4008	8835
5021	8836
4516	8837
3209	8838
5435	8839
9	8840
812	8841
1211	8842
1077	8843
810	8844
632	8845
1068	8846
6802	8847
6064	8848
5537	8849
8482	8850
1834	8851
8311	8852
5945	8853
7622	8854
7160	8855
482	8856
715	8857
205	8858
2052	8859
44	8860
4477	8861
2116	8862
213	8863
1725	8864
7530	8865
4020	8866
899	8867
23	8868
2457	8869
3796	8870
980	8871
8167	8872
8006	8873
914	8874
7677	8875
556	8876
5047	8877
1	8878
819	8879
5114	8880
483	8881
312	8882
1190	8883
430	8884
2443	8885
1798	8886
3101	8887
7520	8888
5255	8889
5008	8890
420	8891
412	8892
1259	8893
102	8894
7019	8895
1467	8896
1545	8897
941	8898
1643	8899
596	8900
5302	8901
5866	8902
21	8903
7139	8904
51	8905
1879	8906
1892	8907
5501	8908
5779	8909
6790	8910
7498	8911
4674	8912
321	8913
4391	8914
2257	8915
3047	8916
4055	8917
2783	8918
2922	8919
5445	8920
6648	8921
6650	8922
1127	8923
5219	8924
1025	8925
759	8926
5649	8927
1349	8928
551	8929
3804	8930
8333	8931
1100	8932
4013	8933
7468	8934
2233	8935
1429	8936
4792	8937
2141	8938
1475	8939
8011	8940
5669	8941
1998	8942
173	8943
1929	8944
340	8945
1285	8946
1572	8947
4652	8948
7980	8949
1446	8950
2293	8951
5514	8952
6700	8953
1988	8954
5799	8955
1	8956
2346	8957
5126	8958
7544	8959
919	8960
6500	8961
6683	8962
7694	8963
5409	8964
7492	8965
947	8966
4752	8967
1938	8968
4647	8969
5024	8970
5605	8971
4935	8972
2192	8973
433	8974
161	8975
683	8976
5412	8977
529	8978
2609	8979
619	8980
5342	8981
1589	8982
232	8983
113	8984
8450	8985
590	8986
181	8987
6623	8988
4936	8989
4670	8990
518	8991
369	8992
1640	8993
1097	8994
817	8995
7773	8996
702	8997
5371	8998
5286	8999
2036	9000
4230	9001
2140	9002
225	9003
25	9004
1472	9005
1139	9006
6513	9007
2322	9008
4034	9009
519	9010
627	9011
6819	9012
12	9013
5754	9014
65	9015
2730	9016
1742	9017
6127	9018
951	9019
3965	9020
6991	9021
4919	9022
222	9023
4247	9024
5751	9025
2230	9026
685	9027
4833	9028
250	9029
2006	9030
3173	9031
1142	9032
662	9033
823	9034
2881	9035
289	9036
8178	9037
2801	9038
1971	9039
893	9040
94	9041
5097	9042
2561	9043
7469	9044
538	9045
7597	9046
4304	9047
8	9048
726	9049
502	9050
821	9051
5402	9052
4157	9053
5804	9054
7841	9055
4967	9056
248	9057
2034	9058
7851	9059
7196	9060
931	9061
644	9062
7821	9063
3678	9064
3428	9065
24	9066
7242	9067
165	9068
2990	9069
2411	9070
4199	9071
229	9072
2056	9073
7488	9074
7091	9075
3552	9076
15	9077
82	9078
4132	9079
5467	9080
1965	9081
2458	9082
5808	9083
2773	9084
1098	9085
227	9086
2721	9087
7971	9088
2766	9089
6116	9090
1620	9091
2239	9092
937	9093
1026	9094
624	9095
3684	9096
3887	9097
1782	9098
3962	9099
345	9100
5584	9101
1358	9102
1208	9103
1106	9104
4921	9105
7339	9106
1772	9107
343	9108
1202	9109
2567	9110
652	9111
2298	9112
2033	9113
428	9114
3270	9115
208	9116
3365	9117
464	9118
6188	9119
8296	9120
900	9121
5377	9122
7587	9123
6266	9124
7752	9125
1596	9126
452	9127
6762	9128
572	9129
7986	9130
4769	9131
4438	9132
3055	9133
7957	9134
7315	9135
2514	9136
1963	9137
4934	9138
6309	9139
4097	9140
5127	9141
2967	9142
4531	9143
7164	9144
4341	9145
6294	9146
3950	9147
7514	9148
3949	9149
827	9150
6923	9151
7328	9152
6209	9153
6527	9154
5997	9155
6165	9156
2246	9157
200	9158
139	9159
5497	9160
1783	9161
2466	9162
1024	9163
586	9164
3347	9165
6584	9166
245	9167
3080	9168
5099	9169
6907	9170
3037	9171
2656	9172
8123	9173
2520	9174
650	9175
421	9176
6534	9177
2735	9178
5782	9179
343	9180
7142	9181
6339	9182
8286	9183
8416	9184
2416	9185
74	9186
302	9187
5597	9188
691	9189
200	9190
546	9191
1515	9192
4983	9193
4514	9194
21	9195
955	9196
6604	9197
6885	9198
655	9199
6864	9200
6011	9201
7075	9202
7691	9203
885	9204
1057	9205
6666	9206
767	9207
267	9208
8206	9209
1069	9210
5305	9211
5060	9212
4772	9213
2338	9214
4434	9215
5158	9216
129	9217
1720	9218
1614	9219
6455	9220
4458	9221
2683	9222
154	9223
6714	9224
5493	9225
6468	9226
6920	9227
1765	9228
4897	9229
2912	9230
7015	9231
8005	9232
10	9233
58	9234
4266	9235
2066	9236
3333	9237
1587	9238
7288	9239
88	9240
6283	9241
3239	9242
5989	9243
375	9244
1297	9245
3961	9246
3702	9247
4145	9248
486	9249
544	9250
768	9251
2745	9252
8403	9253
5612	9254
858	9255
5470	9256
2802	9257
5680	9258
2053	9259
336	9260
7032	9261
3735	9262
2154	9263
2380	9264
6824	9265
2740	9266
4422	9267
7169	9268
14	9269
3901	9270
7308	9271
4797	9272
5923	9273
818	9274
686	9275
927	9276
2302	9277
2442	9278
3698	9279
5107	9280
5967	9281
3976	9282
17	9283
934	9284
6613	9285
194	9286
3125	9287
394	9288
5891	9289
7232	9290
7556	9291
7647	9292
7708	9293
441	9294
529	9295
1029	9296
5411	9297
1799	9298
1476	9299
8471	9300
1617	9301
7964	9302
4226	9303
367	9304
6612	9305
11	9306
5863	9307
861	9308
251	9309
864	9310
813	9311
7995	9312
7853	9313
958	9314
192	9315
4153	9316
221	9317
3994	9318
2058	9319
1123	9320
853	9321
680	9322
2009	9323
690	9324
904	9325
6008	9326
6388	9327
532	9328
480	9329
749	9330
427	9331
7342	9332
385	9333
3198	9334
662	9335
2157	9336
915	9337
209	9338
1124	9339
4177	9340
1397	9341
1329	9342
816	9343
608	9344
7698	9345
4244	9346
6240	9347
370	9348
7234	9349
413	9350
983	9351
5593	9352
7214	9353
1016	9354
6084	9355
3243	9356
236	9357
1559	9358
6823	9359
602	9360
6308	9361
77	9362
7787	9363
201	9364
1343	9365
3242	9366
7356	9367
98	9368
6693	9369
6844	9370
219	9371
153	9372
1132	9373
2862	9374
579	9375
4208	9376
1850	9377
7756	9378
479	9379
152	9380
5922	9381
6938	9382
5361	9383
1046	9384
4026	9385
7487	9386
294	9387
2488	9388
1863	9389
4980	9390
2251	9391
191	9392
3641	9393
3833	9394
345	9395
4970	9396
7586	9397
25	9398
637	9399
3694	9400
873	9401
3286	9402
3348	9403
364	9404
6191	9405
966	9406
464	9407
4615	9408
1037	9409
1269	9410
8362	9411
6487	9412
8460	9413
5096	9414
230	9415
502	9416
1311	9417
73	9418
357	9419
7205	9420
4653	9421
4074	9422
2436	9423
4874	9424
3	9425
4654	9426
6365	9427
8116	9428
4802	9429
51	9430
3223	9431
4142	9432
8367	9433
5850	9434
4763	9435
6606	9436
3585	9437
31	9438
6115	9439
166	9440
166	9441
166	9442
8231	9443
5516	9444
3642	9445
4396	9446
5746	9447
2844	9448
2814	9449
3660	9450
3591	9451
592	9452
2788	9453
2998	9454
5886	9455
5947	9456
79	9457
7355	9458
605	9459
4895	9460
4372	9461
5837	9462
6605	9463
5344	9464
5029	9465
2228	9466
3461	9467
517	9468
3319	9469
859	9470
7636	9471
893	9472
3531	9473
3611	9474
888	9475
5237	9476
26	9477
368	9478
294	9479
57	9480
4295	9481
6551	9482
4605	9483
1046	9484
933	9485
7174	9486
7286	9487
54	9488
2808	9489
4774	9490
4451	9491
8406	9492
8244	9493
533	9494
65	9495
6546	9496
4417	9497
2509	9498
7273	9499
2569	9500
4466	9501
375	9502
1086	9503
24	9504
1748	9505
6472	9506
1442	9507
4439	9508
4756	9509
4669	9510
1653	9511
186	9512
4324	9513
545	9514
2226	9515
28	9516
6061	9517
3481	9518
5613	9519
7024	9520
4887	9521
561	9522
561	9523
434	9524
772	9525
6542	9526
2444	9527
2668	9528
4183	9529
4993	9530
1968	9531
645	9532
2963	9533
7583	9534
963	9535
3418	9536
7938	9537
1951	9538
8292	9539
3981	9540
358	9541
3665	9542
248	9543
7366	9544
7294	9545
7737	9546
2415	9547
19	9548
825	9549
5840	9550
3147	9551
1735	9552
1922	9553
6414	9554
313	9555
1813	9556
2289	9557
33	9558
1029	9559
5141	9560
4817	9561
595	9562
816	9563
2553	9564
6277	9565
647	9566
493	9567
6701	9568
3568	9569
3031	9570
5481	9571
991	9572
7553	9573
2549	9574
254	9575
1500	9576
975	9577
860	9578
7401	9579
470	9580
5586	9581
5639	9582
5727	9583
8203	9584
6367	9585
472	9586
6478	9587
38	9588
4977	9589
8423	9590
84	9591
27	9592
2539	9593
2199	9594
2945	9595
5982	9596
382	9597
6070	9598
7379	9599
259	9600
4598	9601
1177	9602
6336	9603
6036	9604
292	9605
971	9606
773	9607
402	9608
2447	9609
1178	9610
3082	9611
7846	9612
6673	9613
1081	9614
4850	9615
3263	9616
7927	9617
2698	9618
6628	9619
1350	9620
4411	9621
3559	9622
34	9623
282	9624
87	9625
1986	9626
814	9627
2510	9628
6406	9629
484	9630
117	9631
55	9632
3500	9633
5705	9634
1964	9635
2763	9636
3686	9637
6337	9638
836	9639
6562	9640
35	9641
7283	9642
365	9643
955	9644
4851	9645
6780	9646
7968	9647
2492	9648
8236	9649
4685	9650
8456	9651
3520	9652
184	9653
5675	9654
2980	9655
297	9656
1443	9657
5352	9658
2943	9659
8394	9660
5495	9661
1074	9662
2879	9663
385	9664
311	9665
2162	9666
3174	9667
159	9668
7788	9669
6063	9670
296	9671
7244	9672
1103	9673
1763	9674
3549	9675
1609	9676
3608	9677
511	9678
5426	9679
6088	9680
2225	9681
8044	9682
1676	9683
3707	9684
6128	9685
1753	9686
3137	9687
2065	9688
1257	9689
711	9690
2295	9691
2785	9692
5256	9693
2678	9694
5816	9695
8230	9696
2234	9697
5504	9698
407	9699
7144	9700
1307	9701
1691	9702
4990	9703
7491	9704
2113	9705
2422	9706
4881	9707
1827	9708
1401	9709
7453	9710
6350	9711
4913	9712
1455	9713
8113	9714
6332	9715
782	9716
3546	9717
8467	9718
1454	9719
935	9720
1564	9721
4263	9722
7345	9723
4689	9724
3573	9725
761	9726
804	9727
5146	9728
753	9729
3795	9730
659	9731
2533	9732
4619	9733
5098	9734
189	9735
3002	9736
1773	9737
3226	9738
5695	9739
234	9740
5980	9741
381	9742
5044	9743
379	9744
5897	9745
2294	9746
15	9747
6541	9748
2418	9749
4017	9750
84	9751
4823	9752
8162	9753
8002	9754
1040	9755
7013	9756
789	9757
500	9758
2861	9759
249	9760
3551	9761
56	9762
7271	9763
5742	9764
863	9765
4363	9766
6796	9767
7243	9768
3695	9769
7525	9770
688	9771
2403	9772
4995	9773
6166	9774
7570	9775
1405	9776
2777	9777
7784	9778
444	9779
3948	9780
720	9781
1726	9782
4278	9783
5046	9784
1072	9785
5890	9786
5921	9787
620	9788
176	9789
2618	9790
1553	9791
972	9792
1004	9793
3960	9794
481	9795
554	9796
4483	9797
2432	9798
1591	9799
5899	9800
8234	9801
163	9802
521	9803
4250	9804
6854	9805
7189	9806
8412	9807
6814	9808
3532	9809
3944	9810
3613	9811
5009	9812
3148	9813
1838	9814
2121	9815
30	9816
759	9817
6936	9818
4285	9819
4803	9820
5902	9821
3301	9822
489	9823
4136	9824
3038	9825
17	9826
156	9827
74	9828
4433	9829
387	9830
3842	9831
6162	9832
221	9833
7201	9834
7464	9835
912	9836
3411	9837
155	9838
5428	9839
5117	9840
2337	9841
493	9842
390	9843
8093	9844
1118	9845
3580	9846
50	9847
1104	9848
1113	9849
6510	9850
7162	9851
1829	9852
6937	9853
90	9854
1141	9855
8385	9856
8288	9857
669	9858
1032	9859
6207	9860
307	9861
7584	9862
4513	9863
3103	9864
5896	9865
6052	9866
7603	9867
677	9868
674	9869
889	9870
1068	9871
7718	9872
3139	9873
104	9874
8339	9875
29	9876
29	9877
764	9878
8459	9879
1695	9880
5106	9881
4971	9882
1025	9883
6694	9884
6653	9885
7710	9886
5643	9887
1201	9888
307	9889
409	9890
7153	9891
7154	9892
289	9893
2666	9894
1710	9895
1326	9896
3512	9897
814	9898
732	9899
246	9900
8095	9901
3341	9902
2992	9903
2953	9904
1677	9905
5846	9906
82	9907
7248	9908
2517	9909
841	9910
2508	9911
482	9912
4584	9913
1884	9914
1045	9915
3945	9916
5309	9917
7145	9918
3096	9919
4672	9920
4620	9921
7223	9922
7943	9923
772	9924
6722	9925
4344	9926
716	9927
8391	9928
2581	9929
6497	9930
6993	9931
1502	9932
3718	9933
1015	9934
6139	9935
6331	9936
8107	9937
5877	9938
7602	9939
243	9940
1439	9941
3059	9942
4545	9943
134	9944
162	9945
2551	9946
6364	9947
525	9948
783	9949
227	9950
8470	9951
34	9952
5869	9953
3221	9954
5625	9955
4179	9956
4302	9957
7765	9958
1209	9959
1959	9960
3599	9961
5023	9962
4885	9963
6846	9964
8263	9965
29	9966
4709	9967
7497	9968
7543	9969
2040	9970
66	9971
5432	9972
4381	9973
5326	9974
1852	9975
2366	9976
7003	9977
4693	9978
8027	9979
3497	9980
2284	9981
6147	9982
7545	9983
4877	9984
909	9985
4659	9986
2011	9987
2272	9988
4715	9989
3049	9990
2682	9991
350	9992
6685	9993
4717	9994
7010	9995
1187	9996
382	9997
24	9998
2550	9999
7023	10000
