192	836	4	35.54
324	110	3	6.35
1248	110	4	22.12
107	518	6	18.47
12	186	20	21.81
566	111	14	97.08
452	102	10	26.24
101	2383	4	12.65
284	14	16	19.19
5901	105	3	23.62
12	3026	5	26.22
1510	12	4	10.65
1881	105	4	18.27
2	1775	3	16.09
147	1224	4	33.08
235	153	4	18.73
443	106	13	52.12
105	1304	8	44.12
221	294	3	19.53
101	1810	5	15.81
293	110	3	5.8
8	370	3	7.82
122	294	3	9.08
155	930	3	21.76
553	102	24	129.76
112	820	3	12.97
109	781	3	8.56
1807	12	6	24.73
1092	14	6	12.4
421	12	7	8.32
113	291	13	67.91
101	2562	3	8.35
479	123	3	12.32
113	187	6	13.91
101	2426	3	8.35
847	12	5	9.44
532	437	3	28.51
1149	105	3	8.69
199	192	5	30.12
1620	102	8	44.05
109	3186	3	19.42
101	633	5	4.88
107	147	13	11.85
12	484	5	4.45
712	101	7	12.09
102	1344	3	7.38
229	276	4	28.33
101	5114	3	17.47
1052	117	6	40.66
365	2	9	36.4
215	121	5	15.89
227	12	9	4.51
106	499	4	7.78
1575	14	5	12.15
101	201	31	56.96
121	592	6	35.58
1716	14	5	13.16
181	121	14	61.87
112	106	43	28.48
1301	12	3	5.33
383	163	4	25.21
103	159	11	5.28
489	14	11	17.85
106	1110	3	8.75
1958	12	4	13.3
103	242	6	5.18
652	342	3	28.06
125	195	5	15.68
2025	112	9	91.66
234	111	37	251.38
206	117	3	5.32
151	102	17	9.78
109	273	7	16.31
247	107	5	6.62
1360	107	3	10.95
361	104	6	10.82
3078	1221	5	88.8
105	1714	4	17.35
198	1445	3	29.22
754	2188	4	59.35
109	441	6	18.14
166	180	3	10.58
379	110	10	48.14
1954	102	3	10.18
3301	12	3	12.37
121	139	29	124.3
137	907	4	28.08
230	106	7	9.54
111	137	36	135.25
101	1145	4	6.64
357	14	8	4.43
1021	12	4	7.38
103	412	6	11.16
12	690	4	4.58
1639	855	3	40.63
233	134	4	15.66
101	527	6	5.85
133	495	4	22.48
101	587	6	6.96
275	2582	5	68.33
242	101	38	106.63
128	1196	3	18.94
101	438	9	11.74
280	325	4	32.05
106	314	5	7.32
205	111	25	137.2
124	144	4	4.36
1271	102	3	6.97
118	369	4	14.79
2511	1392	3	47.44
171	249	7	46.67
101	2728	3	8.35
1058	12	3	4.3
102	3229	3	14.67
148	206	4	16.75
105	960	5	18.02
1069	103	4	12.14
846	14	7	12.99
101	6127	3	17.47
1091	12	3	4.3
109	426	4	8.71
1104	103	3	7.38
817	14	8	16.3
106	1412	4	16.39
111	180	6	11.51
146	436	6	40.45
1323	2635	3	46.94
121	174	20	97.66
102	748	3	4.03
101	1452	5	12.69
133	1601	3	22.62
1410	104	4	15.46
122	846	5	31.82
102	1072	3	6.26
8	640	3	11.28
2027	101	4	11.48
109	173	10	14.18
537	105	33	244.91
131	704	3	16.14
104	486	10	34.65
1509	14	4	7.8
285	12	13	19.15
174	134	8	32.17
1274	12	4	9.35
105	788	17	105.23
106	568	4	8.79
1204	4897	3	56.03
106	466	3	4
121	1312	4	27.48
107	604	4	10.29
118	234	7	26.13
1701	101	4	9.65
349	111	3	7.44
131	1548	4	31.22
874	104	3	6.61
526	102	16	65.26
113	202	6	16.35
173	536	5	38.97
113	129	26	69.48
104	1045	3	7.75
188	662	3	23.25
218	294	3	19.41
119	353	8	40.2
104	993	4	12.65
107	251	23	98.2
107	168	8	6.14
123	303	28	222.68
1270	215	3	28.86
2338	14	3	6.59
107	1577	7	42.58
909	300	3	29.74
108	392	27	167.56
110	1264	4	22.12
165	120	14	53.77
143	129	8	19.41
301	774	3	28.57
1223	110	3	14.68
2580	102	4	18.99
2377	104	7	48.51
5310	12	3	18.92
12	1553	3	6.21
3080	114	3	22.71
1609	12	3	6.21
103	965	4	11.23
149	1150	4	33.26
9	108	60	99.5
123	1181	3	18
3168	14	3	10.05
12	130	64	62.48
646	103	3	4.49
353	106	7	15.56
522	12	5	5.02
123	421	15	109.16
101	992	7	17.09
5133	12	3	18.92
509	103	7	18.17
162	113	7	13.44
772	101	5	6.33
105	532	3	4.27
956	120	3	16.41
785	102	13	59.79
2286	115	4	30.79
101	4177	3	13.08
287	105	24	100.93
101	1942	3	6.68
862	114	4	20.67
101	1883	3	6.03
2402	107	3	14.73
1154	104	3	8.45
108	395	4	8.16
104	1769	6	33.42
109	675	3	7.68
1408	101	4	8.25
101	2544	3	8.35
113	154	9	18.16
1106	104	4	13.12
439	102	15	51.68
113	205	5	12.13
824	106	5	16.71
203	421	8	73.96
106	894	3	7.51
1880	14	3	5.22
101	611	10	21.6
117	464	3	10.64
2012	105	7	45.67
802	12	9	27.2
144	116	7	10.17
117	151	7	12.49
85	801	4	40.88
3460	112	4	35.72
331	104	6	9.76
105	505	3	4.14
3913	102	4	28.38
101	2137	3	6.68
104	668	3	5.31
128	5482	3	34.3
194	158	4	17.72
2160	104	3	12.97
151	1030	3	22.3
1564	117	7	57.79
2043	105	3	12.4
1373	103	4	14.46
12	1600	3	6.21
106	2122	3	12.84
481	1300	6	80.84
1515	5246	3	57.55
101	3921	3	13.08
132	106	40	71.63
1703	14	3	4.68
507	14	8	9.23
142	159	5	15.16
106	1409	6	30.48
104	3823	3	18.9
292	438	5	46.3
1182	102	3	6.6
105	4280	3	19.16
203	602	3	23.64
150	101	54	74.53
1039	102	3	5.94
490	105	4	7.08
104	106	152	116.24
615	14	8	11.67
101	3053	4	15.88
1856	14	5	14.32
101	2969	3	9.49
174	149	4	13.56
1486	14	5	12.15
209	183	4	21.73
139	418	6	37.74
106	388	18	79.56
3181	102	4	23.43
118	107	61	114.03
1944	102	7	40.25
2219	102	4	17.52
101	1373	4	8.25
241	248	3	19.23
653	908	3	34.85
112	332	8	34.98
1103	701	6	83.1
109	247	14	48.66
914	8	4	20.5
108	980	3	9.86
102	887	3	5.11
181	166	6	29.65
1755	14	4	8.52
573	167	3	19.98
179	133	9	39.35
105	1888	4	18.27
427	110	10	50.79
2161	102	5	25.06
105	742	6	19.95
154	146	4	10.17
1526	104	3	10.23
120	180	6	15.85
1875	102	3	9.47
104	401	4	5.41
436	14	16	34.1
803	14	7	12.38
117	862	3	14.38
103	1555	3	9.49
1727	116	3	18.84
124	123	8	9.16
896	9	5	28.23
101	578	7	9.56
157	106	14	15.24
334	12	7	5.55
1441	175	3	26.61
101	510	9	14.49
128	1345	3	19.82
148	228	3	11.56
4788	102	3	21.28
1105	102	6	21.14
104	253	6	7.14
132	1475	3	21.47
2296	102	4	17.52
360	774	4	42.14
602	178	6	50.89
1076	102	4	10.59
295	332	4	32.78
7	425	43	516.05
103	2773	3	13.19
286	103	7	9.94
105	3484	3	16.97
1272	103	4	13.2
513	114	4	16.36
569	14	8	10.78
121	219	4	11.19
103	539	5	10.31
5180	14	3	16.51
714	14	7	10.27
101	1226	9	32.89
194	322	4	27.84
179	958	3	24.55
101	1855	5	15.81
16	109	26	58.4
156	593	3	19.27
1466	1090	3	41.16
1178	110	5	29.48
102	278	10	16.31
101	1018	4	5.79
107	386	5	10.62
187	1030	5	48.98
140	353	5	27.55
107	519	5	13.61
153	105	74	288.12
1485	12	3	6.21
105	491	5	10.84
549	9	3	10.73
147	6387	3	37.82
456	123	5	25.21
4476	14	3	12.15
110	393	6	23.24
101	710	5	5.7
101	762	5	6.33
1417	117	3	17.77
12	409	8	10.98
12	358	9	11.76
187	638	8	77.79
2579	101	3	8.35
359	101	8	6.22
656	111	10	64.14
1851	102	4	15.27
740	102	8	25.72
176	113	88	674.75
101	1931	5	17.2
1674	124	3	20.76
146	716	4	27.65
126	352	8	45.09
932	114	4	21.5
317	546	7	75.19
363	106	4	5.3
508	12	5	5.02
101	3323	3	10.96
3394	1662	4	73
546	137	3	16
107	838	5	18.4
1629	12	5	16.9
107	786	4	12.53
187	331	3	18.27
102	1662	3	8.86
943	14	5	7.01
101	261	17	24.03
101	319	12	14.55
458	101	7	6.83
2287	104	3	12.97
2704	102	4	18.99
1814	466	3	37.37
829	101	5	7.04
135	154	6	17.08
2685	101	3	8.35
807	102	8	27.92
206	104	11	18.38
109	154	9	7.15
3646	102	5	35.47
112	295	8	33.18
5159	12	3	18.92
1660	12	3	6.73
2162	14	3	6.59
101	1415	5	12.69
241	151	15	112.95
339	105	12	36.77
269	116	4	11.69
111	582	4	16.47
431	103	8	19.79
919	2	3	11.58
1567	123	3	19.91
1124	14	9	28.54
164	268	4	22.12
101	1280	5	11.87
305	2	3	5
1400	12	3	5.75
101	1161	5	10.47
1077	14	4	5.18
6417	117	3	31.72
692	101	6	8.68
2903	110	3	21.24
434	876	3	31.49
101	4035	4	23.29
171	330	8	60.57
124	187	5	13.92
1231	187	3	27.1
844	12	7	17.94
1752	103	5	22.73
139	151	3	5.12
3387	105	3	16.97
101	571	7	9.56
441	12	7	8.82
1048	14	4	4.79
101	394	33	132.14
104	822	3	6.37
236	1178	3	29.18
884	12	5	9.88
1582	14	3	4.2
136	159	5	13.74
105	350	4	4.51
101	1083	7	18.84
101	1023	5	9.3
101	979	11	39.09
106	741	4	10.59
2846	110	3	21.24
130	2674	4	36.55
12	101	487	48.24
106	1893	3	12.12
101	1846	4	10.5
111	758	5	25.84
122	360	5	22.16
1016	102	10	46.69
125	2257	4	33.95
101	5696	3	17.47
4459	1354	4	75.67
152	199	3	11.13
126	161	6	15.43
408	157	5	33.39
263	12	9	7.16
141	128	5	7.83
159	123	4	6.17
915	12	11	42.65
2468	14	3	7.48
990	106	3	8.09
501	14	11	18.39
108	159	36	121.71
152	384	3	15.86
363	105	7	15.09
2383	12	3	8.77
1844	105	5	25.71
236	8	6	17.23
102	2749	4	18.99
2586	14	4	12.85
103	798	3	5.46
782	110	3	11.74
2229	102	7	43.69
111	1014	3	14.33
398	2329	4	53.63
911	102	4	9.3
8	311	3	6.89
101	725	5	6.01
106	1047	6	25.69
925	112	3	13.83
1979	101	3	6.68
414	227	9	87.56
118	719	3	13.51
12	424	42	238.3
168	438	9	76.11
12	498	10	21.72
140	107	80	310.81
1927	117	3	19.57
528	104	3	4.06
113	172	6	11.17
2767	14	4	12.85
775	14	9	19.77
258	106	17	56.97
116	1616	3	18.84
198	1073	3	27.42
101	4677	3	13.08
2746	105	7	55.13
762	105	6	20.44
4426	14	3	12.15
684	2	7	34.67
2038	12	3	7.99
107	235	18	61.97
107	287	5	7.89
123	185	3	5.41
177	12	18	11.41
845	14	11	31.51
101	676	5	5.41
101	601	8	13.28
104	1061	5	18.82
147	293	3	13.38
101	2455	3	8.35
1306	117	3	17.28
101	3217	3	10.96
8	326	5	16.53
190	166	3	11.72
101	2085	6	23.82
432	105	5	9.55
1125	12	3	4.61
102	292	28	107.98
102	123	69	94.23
1904	12	3	7.31
488	114	28	243.81
1659	14	5	13.16
194	101	32	57.57
125	1074	3	18.01
2	1808	4	24.23
126	150	4	6.05
143	472	3	15.95
1644	3907	3	53.66
2034	102	4	16.3
497	126	3	13.19
1051	102	4	10.13
189	189	9	61.85
588	129	7	46.79
113	472	5	21.52
101	2138	6	23.82
208	138	5	20.75
12	145	22	5.47
107	537	3	5.66
297	172	24	239.56
364	175	3	17.46
104	2400	3	12.97
214	106	8	11.2
707	14	6	7.19
126	1988	4	33.14
106	3080	3	15.87
101	2863	3	9.49
104	301	5	6.02
774	12	14	56.59
106	330	9	23.11
192	120	5	13.5
1624	2489	3	48.59
527	102	9	24.95
472	363	3	26.32
111	239	3	5.21
976	811	3	36.66
102	680	4	6.81
106	3767	3	17.43
132	105	15	4.75
351	12	14	28.52
1019	14	7	15.93
2066	14	6	21.97
212	114	3	4.87
109	306	5	9.8
7	130	5	8.22
283	105	17	57.39
1612	12	3	6.73
132	553	4	22.82
914	14	4	4.11
151	331	9	64.75
3557	8	3	23.53
142	496	4	23.92
1466	102	5	18.62
106	1351	5	22.22
101	1368	3	4.15
101	302	18	32.85
123	737	3	14.92
105	2619	4	22.05
107	687	5	16.36
134	988	3	19.67
1644	1801	8	150.86
6042	102	3	21.28
1829	102	9	57.42
107	739	3	7.27
4823	14	3	16.51
104	501	14	60
3108	14	4	14.64
2	279	4	7.93
3095	105	6	47.25
3592	8	3	23.53
640	12	10	27.37
285	114	3	6.84
103	572	3	3.87
217	836	7	74.37
164	167	3	9.33
112	400	4	13.72
121	290	5	19.84
459	102	4	4.18
4161	105	3	19.16
720	12	4	4.58
109	483	3	5.75
267	2164	3	35.27
5889	14	3	16.51
507	9	7	36.01
131	953	3	18.35
1481	121	3	19.15
131	1029	3	18.7
733	1107	3	36.61
104	295	9	19.59
101	2834	4	15.88
109	1302	5	25.48
171	238	6	37.07
104	220	13	27.3
561	103	3	3.87
490	183	5	39.92
340	14	8	3.93
550	12	9	19.65
183	157	3	10.35
1532	12	3	6.21
244	126	6	25.11
1780	102	5	21.9
106	329	9	23.11
233	120	11	53.67
303	4533	3	42.14
426	102	5	6.24
106	581	4	8.79
691	102	9	30.54
101	227	45	134.06
670	101	5	5.41
107	744	4	11.9
4757	110	4	39.35
104	371	5	7.78
248	177	4	22.54
104	548	8	26.26
110	1001	5	28.12
812	103	4	9.72
4798	14	3	16.51
1045	105	10	54.35
1753	12	3	6.73
1145	14	5	9.1
160	14	43	47.21
416	194	5	40.02
2804	551	3	42.43
2922	14	3	8.59
1066	14	6	12.4
339	269	5	42.37
101	1449	6	17.78
103	260	6	6.21
524	112	5	22.27
170	202	3	12.97
107	2093	4	21.34
121	440	4	17.67
1210	102	6	22.9
2334	102	4	17.52
116	101	202	348.83
470	115	5	22.29
533	105	21	117.16
190	121	15	73.54
659	14	5	4.02
156	159	4	12.83
107	106	274	611.19
158	121	6	12.86
101	731	7	12.6
218	112	5	12.1
104	1060	8	39.15
271	454	8	81.78
119	107	262	1301.22
871	2303	6	98.99
901	102	14	73.03
104	804	3	6.37
6090	14	3	16.51
1845	14	3	5.22
897	423	3	31.65
1198	3078	3	47.29
127	139	5	6.91
137	355	4	19.73
9	103	67	63.74
16	137	4	7.59
2639	14	3	7.48
999	12	10	39.05
3564	14	3	10.05
466	114	4	15.54
646	3873	3	47.26
151	970	3	21.95
108	200	59	358.1
159	144	3	6.46
152	107	16	22.35
518	104	5	10.94
101	1719	5	14.63
438	110	7	30.87
4514	101	3	13.08
103	932	3	6.45
576	104	4	7.96
102	262	6	4.57
102	144	23	16.37
12	1567	3	6.21
101	3444	4	18.4
101	3656	3	10.96
152	252	3	13.18
126	287	3	9.78
1754	14	3	4.68
1279	389	12	184.32
113	375	4	13.56
113	478	3	10.02
6224	14	3	16.51
101	2372	4	12.65
104	853	7	27.59
131	1242	3	19.89
104	2418	3	13.96
101	1102	10	35.98
187	970	5	48.36
2048	107	5	29.7
144	466	3	15.99
107	150	42	131.84
2299	102	3	10.99
105	2990	5	34.01
113	292	5	16.38
1531	170	4	38.5
549	14	12	24.81
562	105	3	4.7
686	14	5	4.28
116	145	5	4.82
296	103	5	4.95
104	1802	4	17.92
143	173	6	22.67
126	537	3	13.84
5171	14	3	16.51
591	105	3	4.85
1521	105	6	30.85
102	397	6	8.65
427	124	4	17.92
530	101	12	26.74
1713	102	6	27.7
3563	12	3	12.37
112	301	17	98.56
305	541	3	26.28
241	197	5	33.81
2331	14	4	11.46
106	1325	3	9.94
1193	105	14	98.31
2088	14	3	5.85
941	3019	3	45.82
731	12	4	4.82
784	107	6	23.89
12	2151	3	8.77
1154	2058	3	44.15
330	115	5	18.31
104	445	12	43.8
129	353	3	11.21
4376	117	3	27.23
1635	666	3	39.09
109	1146	9	56.57
104	136	20	14.75
651	111	3	11.4
255	455	3	23.96
261	105	8	14.17
124	157	4	6.26
406	106	4	6.18
106	238	19	62.87
139	197	7	33.01
101	594	15	45.02
133	496	3	15.09
101	526	18	56.94
105	3500	3	16.97
8	994	3	14.2
111	197	4	7.11
111	132	10	12.04
101	1210	5	11.14
108	617	4	11.55
1166	113	3	15.61
2115	104	5	26.72
126	687	3	15.2
122	2154	3	22.61
493	107	3	5.1
115	175	6	12.2
469	106	3	4
102	2423	3	11.96
2179	14	3	6.59
166	108	34	118.29
1263	14	5	9.75
103	2731	3	13.19
919	110	3	12.85
286	164	4	22.56
102	780	3	4.42
112	473	3	9.68
101	1279	7	22.14
101	1160	5	10.47
462	102	5	7.17
6257	102	3	21.28
105	2142	4	19.33
105	4265	3	19.16
101	512	6	5.6
101	470	7	7.09
133	427	3	14.1
506	9	4	15.92
105	929	8	36.56
926	14	8	18.7
105	861	3	6.84
2209	116	3	21.11
101	4934	3	17.47
106	2980	4	24.55
723	12	7	15.52
2148	14	4	11.46
525	183	6	51.33
101	4798	3	17.47
597	103	3	4.01
946	105	19	149.7
141	1657	10	117.3
209	342	5	38.64
120	182	6	16.41
105	756	3	6.14
104	399	8	20.68
2266	14	3	6.59
445	103	5	8.48
2908	105	5	34.01
551	8	3	10.34
706	101	6	8.68
133	126	15	47.12
101	260	11	8.08
964	104	6	23.55
688	102	6	14.76
269	115	3	6.96
1094	14	4	5.18
206	105	19	52.37
361	183	5	36.31
530	123	4	19.59
104	1278	5	21.05
1948	12	3	7.99
3065	9	5	45.7
1725	105	3	11.05
2248	12	3	8.77
137	199	12	69.36
8	236	7	22.15
101	5304	3	17.47
1031	102	3	5.94
101	3317	5	29.11
119	1142	3	16.9
213	112	5	11.93
109	764	4	13.36
5788	102	3	21.28
200	117	3	5.14
350	169	15	135.62
113	171	20	81.52
104	906	3	6.87
147	273	3	12.97
355	565	3	27.45
101	724	13	41.12
119	2889	3	23.93
161	2530	3	30.22
3415	14	3	10.05
405	132	8	51.62
106	877	3	7.25
245	12	22	48.13
107	134	50	136.6
101	1024	6	13.36
3984	12	4	25.23
399	14	22	58.35
155	2067	4	39.16
102	1464	3	7.82
12	305	8	6.94
495	157	3	18.13
105	418	16	67.79
3125	102	4	20.86
116	523	3	11.33
122	562	5	27.42
2082	12	4	13.3
103	985	4	11.23
137	533	5	31.71
729	14	5	4.83
107	1219	5	23.15
12	1437	4	9.97
127	305	4	15.9
12	1369	3	5.33
108	206	12	31.05
108	324	14	56.47
4011	12	4	25.23
131	4879	3	34.83
137	538	5	32.01
101	1694	7	26.79
156	363	4	23.63
963	102	4	9.7
101	1830	3	6.03
309	102	9	15.09
353	120	9	49.32
931	102	10	43.81
101	856	10	29.26
106	705	6	20.33
101	1007	6	13.36
828	14	6	8.87
106	2566	3	14.67
457	14	7	5.3
104	754	4	10.02
841	105	5	16
349	175	3	17.14
1645	14	5	13.16
1503	14	4	7.8
158	102	15	8.81
500	178	6	48.64
107	234	9	18.92
118	604	3	12.49
3631	104	4	26.18
106	959	3	8.09
897	124	6	42.19
2282	101	3	7.44
314	107	5	8.77
107	1562	3	11.94
8	150	6	6.92
112	852	4	20.07
122	325	14	89.61
105	1591	4	16.54
165	106	10	7.87
1538	14	4	7.8
143	145	11	43.45
116	123	10	10.03
101	1367	3	4.15
215	1530	3	30.37
536	1270	4	50.16
102	987	7	25.36
104	1321	5	21.05
160	126	22	112.07
142	422	3	15.16
135	158	19	101.45
106	449	5	10.61
280	444	3	24.38
101	303	13	16.14
133	141	4	6.72
982	105	10	52.83
9	1752	3	17.85
400	12	12	24.85
2985	14	4	14.64
187	116	8	24.56
2214	14	4	11.46
101	555	12	28.19
128	1114	3	18.54
516	12	5	5.02
150	2	30	102.18
340	126	3	10.76
101	4784	3	13.08
2620	101	3	8.35
104	167	14	15.64
171	284	3	15.59
603	107	4	10.29
106	5943	3	24.08
201	284	4	27.04
101	6110	3	17.47
123	3438	3	26.63
422	112	5	19.78
944	120	3	16.09
108	830	3	8.72
1864	101	3	6.03
3170	14	5	27.52
899	14	6	9.88
292	480	7	71.54
104	370	8	19.16
207	1751	6	72.28
209	104	10	15.26
375	112	40	352.64
4136	14	3	12.15
1260	105	3	9.08
106	404	4	6.18
325	14	19	34.47
138	404	4	21.27
418	106	13	50.83
103	217	6	3.86
947	14	9	24.58
128	125	15	37.44
102	855	3	4.87
104	1241	3	8.84
201	164	4	18.86
3492	102	3	14.67
676	2528	3	42.42
101	4014	3	13.08
142	126	37	197.04
212	158	14	101.56
101	1238	9	32.89
111	233	7	22.28
101	1313	5	11.87
1364	12	4	9.35
554	106	4	8.57
1049	14	4	4.79
111	182	4	5.37
1770	12	3	7.31
175	14	37	40.7
1383	103	4	14.46
102	810	5	12.44
2940	14	3	8.59
358	9	3	7.99
583	106	3	5.07
2003	14	4	10.31
808	12	9	27.2
124	204	5	16.09
1095	105	4	13.46
101	2781	5	23.82
746	144	3	18.8
674	102	6	14.76
219	129	4	12.72
1576	110	10	87.65
12	189	17	15.69
830	154	3	20.84
117	138	8	11.66
101	935	4	5.06
355	132	4	18.61
219	630	3	24.51
5095	14	3	16.51
3330	3968	4	87.42
101	2220	5	18.86
105	1154	3	8.69
879	12	9	29.14
1583	14	4	7.8
246	103	6	5.77
108	128	45	99.32
1340	12	3	5.33
180	213	4	21.23
3551	104	3	16.7
102	101	1314	2778.76
102	246	17	40.74
101	1823	5	15.81
1227	102	8	36.44
257	111	7	24.48
395	169	3	17.71
104	5417	3	23.35
127	591	4	21.62
2906	144	3	29
1579	104	3	10.23
514	169	7	58.06
156	309	3	15.06
378	14	8	5.19
3962	12	4	25.23
323	121	8	41.11
1827	14	4	9.35
130	166	5	12.22
1013	12	3	4.01
2731	14	3	7.48
101	2409	7	34.84
106	2256	3	13.68
104	1059	3	8.09
101	2581	4	14.07
220	1962	3	32.59
101	678	5	5.41
789	110	3	11.74
133	829	15	151.14
328	102	6	6.56
222	150	5	24.67
108	1248	4	17.57
130	146	12	40.26
1130	12	3	4.61
571	2	6	25.58
1417	105	5	22.36
12	478	5	4.45
134	471	3	14.88
12	375	6	4.66
4229	1450	4	76.38
101	2050	3	6.68
197	713	12	136.67
1769	14	4	9.35
2577	105	3	14.22
131	5012	3	34.83
8	235	5	12.58
12	1132	5	12.62
994	9	6	38.55
2556	14	4	12.85
137	208	3	9.4
447	14	8	7.33
1750	105	10	72.1
190	137	7	30.79
213	111	3	4.41
109	843	3	8.8
116	262	3	7.05
301	689	3	27.82
236	184	3	15.73
108	438	4	8.93
154	2120	3	27.15
108	363	13	53.72
141	207	3	10.14
9	16	7	9.03
3857	14	3	12.15
1338	9	5	32.95
704	14	13	36.02
103	857	3	5.93
102	263	11	18.75
107	1339	7	39.53
3495	14	3	10.05
595	14	9	14.55
1517	14	4	7.8
127	173	3	4.83
102	145	36	50.04
8	486	3	9.54
58	8	5	29.95
2775	14	4	12.85
1136	134	3	20.78
101	898	5	7.85
671	14	5	4.28
117	179	5	9.73
12	173	14	4.4
345	103	5	6.03
335	378	4	34.87
153	117	18	63.7
208	102	16	28.31
228	124	9	41.58
1100	101	4	6.19
114	694	3	12.43
1116	101	9	29.8
255	381	5	43.35
608	102	9	27.79
1314	104	4	14.8
105	4324	4	31.5
685	228	4	36.15
344	400	3	25.02
157	120	4	5.49
139	131	7	14.85
105	878	4	11.72
1189	14	8	22.91
229	594	4	35.18
1923	611	3	39.12
525	106	6	16.82
2073	14	3	5.85
1850	103	3	10.67
2878	910	4	64.77
142	141	13	54.26
372	562	3	27.9
1445	103	6	27.51
104	1460	4	15.46
1759	183	4	41.35
1942	914	4	60.04
126	738	7	49.45
569	112	3	10.8
590	117	11	75.43
1709	101	3	5.47
103	497	6	13.19
101	1211	4	7.12
128	525	4	20.83
102	902	3	5.11
112	300	13	67.6
101	1617	8	34.03
106	1175	3	9.11
106	1259	4	15.11
108	1052	4	15.98
643	12	4	4.14
125	197	5	15.84
1584	12	3	6.21
878	14	7	13.65
120	108	85	252.3
120	163	5	9.55
916	2446	3	44.58
458	123	4	18.34
12	2150	3	8.77
3144	14	3	8.59
1214	2	4	20.38
742	102	4	7.34
4316	101	3	13.08
102	1792	3	9.47
352	165	3	16.55
101	3333	3	10.96
932	110	7	43.18
434	102	11	29.98
116	154	5	6.3
200	104	24	73.76
953	14	5	7.47
149	1570	7	73.43
8	220	5	11.83
115	2204	3	20.85
102	508	5	8.04
1898	105	4	18.27
966	105	3	7.68
101	784	4	3.9
171	2295	5	56.75
106	1064	3	8.75
101	632	7	10.74
105	3032	4	23.94
299	14	23	46.97
3881	12	3	14.51
110	2760	3	20.01
467	102	17	66.41
675	107	6	21.9
686	111	3	11.61
834	102	5	12.44
456	101	24	84.44
2868	4897	3	62.73
303	104	17	59.11
136	126	7	12.75
399	9	3	8.75
149	480	7	52.72
133	866	3	18.63
2276	105	3	13.23
545	236	3	24.17
101	1040	4	5.79
12	114	54	6.83
1053	105	4	12.98
1422	247	4	44.42
101	1809	3	6.03
1422	12	3	5.75
126	3095	3	25.8
102	322	7	9.16
801	12	8	22.05
2366	114	3	20.47
2294	14	3	6.59
12	1505	3	6.21
3920	102	3	16.84
683	102	9	29.8
1196	101	4	6.64
101	1212	4	7.12
106	1440	10	66.36
108	679	8	36.4
673	233	4	36.49
1593	14	4	7.8
109	442	3	5.26
132	134	4	5.08
273	12	8	5.52
493	105	5	10.84
379	2	8	31.33
506	14	9	12.18
2084	106	3	12.84
1689	105	5	24.45
630	105	14	69.46
369	163	3	16.79
129	106	27	23.96
104	6339	3	23.35
1702	14	3	4.68
171	265	7	47.77
104	333	8	17.3
124	246	5	18.91
1011	102	3	5.94
105	2262	3	13.23
261	107	5	7.01
124	101	223	579.81
101	379	13	21.58
103	1255	3	8.11
3315	102	3	14.67
629	110	3	10.4
107	823	5	18.4
145	107	22	35.3
298	112	3	6.82
106	351	10	29.07
101	276	13	14.02
2631	14	3	7.48
784	105	3	6.36
773	14	7	11.8
2	12	83	8.55
109	1540	3	12.83
337	1487	4	47.9
427	114	6	26.84
290	123	4	14.42
751	105	3	6.14
109	338	4	6.97
361	105	15	55.28
112	162	5	6.39
146	133	11	40.26
103	160	11	6.05
211	843	4	37.13
101	1400	5	12.69
247	150	4	19.6
3386	111	4	35.49
1128	198	3	27.82
151	146	11	48.74
125	298	3	9.71
134	3561	4	43.23
334	1208	3	32.22
1410	105	3	9.97
241	179	5	30.33
122	847	4	23.49
1087	103	3	7.38
112	326	10	48.05
181	137	15	84.22
1762	14	3	4.68
380	182	5	36.49
106	567	7	23.04
101	185	23	21.96
101	229	34	80.97
106	465	3	4
582	132	5	31.2
1073	12	3	4.3
215	137	5	20.93
118	287	6	23.92
145	252	3	12.08
1115	111	3	14.69
302	102	26	98.4
135	174	3	6.62
108	1659	3	13.33
1911	102	3	9.47
209	107	5	4.58
105	789	8	33.08
129	150	19	84.83
114	184	8	22.76
713	170	5	41.4
101	362	19	43.78
157	283	3	14.44
106	265	27	119.85
107	927	4	14.02
476	474	12	153.18
426	108	3	4.96
12	782	14	56.59
133	1345	3	21.57
111	121	54	190.06
554	105	12	51.24
112	580	3	10.8
433	104	7	17.16
108	694	4	12.63
127	129	9	15.69
127	202	3	7.3
8	445	5	19.97
3456	102	3	14.67
1037	14	4	4.79
113	1147	5	31.76
4751	796	3	48.46
101	3437	3	10.96
291	125	4	14.93
162	114	4	4.24
136	141	4	6.89
105	531	6	15.99
1438	103	4	14.46
108	1406	3	12.23
401	12	10	17.27
101	2335	3	7.44
353	162	3	16.41
107	554	5	14.43
859	104	3	6.61
117	131	6	4
101	872	4	4.44
107	250	9	21.18
1601	111	7	54.63
101	737	5	6.01
204	154	3	11.41
2889	12	3	10.87
105	132	57	131.07
456	145	3	15.9
2044	319	3	35.57
248	790	3	27.24
104	994	4	12.65
220	2527	7	103.04
105	1607	4	16.54
1317	14	5	10.46
104	1755	4	17.01
1306	105	3	9.51
356	101	8	6.02
134	1328	5	42.09
125	1697	3	20.92
680	103	4	8.25
116	1251	3	16.76
1238	14	5	9.75
1652	12	3	6.73
109	1827	3	14.06
457	8	3	9.12
135	931	4	28.33
147	541	3	17.46
870	126	4	24.73
12	205	31	72.27
107	429	10	37.29
12	323	22	61.65
581	107	3	5.97
139	673	3	17.61
8	400	5	18.87
453	102	4	4.04
146	865	9	83.41
127	154	9	26.8
101	1627	5	14.63
1893	2323	4	67.87
2696	102	3	11.96
848	102	3	4.87
5695	115	3	31.38
395	112	9	45.41
141	125	114	894.98
180	132	12	57.64
1093	2	3	12.59
116	541	3	11.5
574	103	3	3.87
563	106	4	8.79
1167	14	4	5.61
852	12	4	5.94
104	1770	3	11.42
101	5286	3	17.47
8	266	3	5.91
8	214	3	4.31
1507	102	4	13.57
101	2095	4	11.48
694	102	16	77.69
12	507	9	18.16
789	124	6	40.35
101	814	4	4.16
104	2131	4	18.98
130	233	3	8.62
1085	14	4	5.18
420	12	31	138.86
171	981	3	23.83
101	2545	5	20.96
104	864	8	34.02
1132	14	6	13.18
113	153	26	104.32
479	145	3	16.2
3146	12	3	10.87
106	522	4	7.97
1995	111	6	49.31
2358	101	3	7.44
198	516	16	181.97
119	984	4	23.55
3304	102	3	14.67
105	714	4	9.75
180	1095	3	25.43
267	2436	3	36.3
290	144	4	19.46
1574	14	4	7.8
749	108	3	8.02
3419	105	3	16.97
112	283	5	15.41
993	12	3	4.01
111	166	19	69.83
104	1375	4	15.46
872	102	11	48.2
135	1182	3	20.82
224	102	28	84.38
490	104	4	6.79
2766	110	3	20.01
148	127	8	20.63
468	178	3	19.42
105	1014	3	7.99
114	309	8	35.11
101	412	11	16.94
358	14	23	56.09
2709	105	4	22.05
3300	12	4	20.31
752	14	6	7.98
644	108	3	7.4
2861	1066	3	46.88
440	105	21	105.47
104	326	9	21.17
101	2814	4	15.88
419	14	12	17.74
101	2763	3	8.35
242	123	3	7.83
112	1202	3	15.67
8	1832	9	84.25
187	521	8	73.96
107	897	11	63.54
1243	102	3	6.97
769	120	3	14.69
639	115	4	18.56
12	1886	3	7.31
101	1346	3	4.15
853	14	7	12.99
142	206	3	10.13
115	185	3	3.85
4017	12	4	25.23
132	149	3	4.19
106	5861	3	24.08
1268	12	3	4.96
102	2173	3	10.99
586	14	6	5.57
934	12	5	10.35
109	321	10	33.58
465	302	3	25.2
181	102	40	113.74
163	741	3	21.3
155	543	3	18.24
101	1421	3	4.54
170	246	3	14.75
128	207	4	12.2
128	156	8	23.65
241	146	3	11.8
170	101	27	20.74
930	107	3	8.77
112	1502	3	17.15
472	275	3	24.51
145	286	3	12.78
719	164	6	51.26
1117	101	7	18.84
101	259	59	259.41
133	228	3	9.76
105	667	5	14
174	106	28	75.83
2171	12	4	14.49
540	105	6	16.32
1545	14	3	4.2
551	14	11	20.78
968	12	4	6.98
2414	14	3	7.48
681	105	15	80
101	659	7	11.17
2729	12	3	9.71
753	12	5	8.26
3299	14	3	10.05
149	170	56	501.44
1489	103	3	9.49
101	831	7	14.28
12	410	6	5.52
107	268	4	4.48
1470	12	3	5.75
168	480	9	78.03
118	761	5	28.72
1299	104	3	9.26
106	2269	3	13.68
479	101	9	13.22
108	1315	3	11.75
101	5379	3	17.47
1683	102	3	8.86
126	554	3	14.01
108	422	7	22.49
108	347	6	14.81
6173	101	3	17.47
873	104	3	6.61
101	2034	3	6.68
994	14	6	11.7
137	192	9	44.41
190	151	4	15.94
632	12	4	3.94
101	1780	3	6.03
101	1736	6	20.34
221	245	3	18.33
523	12	9	18.64
1573	12	3	6.21
304	469	3	25.2
101	3579	4	18.4
4344	101	3	13.08
408	101	8	7.8
2113	104	4	18.98
388	102	18	63.45
1439	102	5	18.62
153	104	34	75.25
1868	102	3	9.47
511	107	11	48.06
108	1520	4	19.61
105	490	8	24.64
1783	288	6	79.54
105	356	25	121.25
106	683	7	25.48
324	114	3	7.65
254	14	14	11.57
315	808	5	54.47
906	14	9	22.45
134	130	6	10.05
12	2	89	13.21
2460	160	5	57.87
101	646	17	61.02
123	130	7	8.3
137	1607	3	22.87
2215	14	3	6.59
140	108	37	95.51
107	197	18	53.93
4434	14	3	12.15
1948	14	3	5.85
101	1995	3	6.68
137	132	23	103.57
278	14	13	11.08
8	238	3	5.11
109	710	4	12.74
101	3319	3	10.96
860	110	3	12.27
225	164	4	19.83
131	250	15	97.3
109	1018	3	10.27
606	101	11	25.97
105	1262	8	42.55
1323	104	4	14.8
141	129	17	64.68
504	106	3	4.37
3019	14	3	8.59
122	410	5	23.75
101	1739	4	9.65
916	1204	6	89.15
346	103	12	33.29
131	4880	3	34.83
380	907	3	30.89
399	12	9	13.84
101	978	5	8.78
144	135	9	28.87
779	103	5	13.93
2337	14	3	6.59
134	141	4	6.82
5709	14	3	16.51
381	103	4	4.25
5286	102	3	21.28
104	773	6	20.46
113	422	3	9.22
104	653	10	41.28
249	104	5	4.43
110	202	4	6.48
8	1767	3	18.1
2050	102	5	23.34
105	4199	3	19.16
106	286	8	16.53
108	1944	4	22.45
440	163	5	35.38
723	14	7	10.75
1537	14	4	7.8
142	219	3	10.5
212	201	4	23.92
115	123	30	83.12
673	105	4	9.48
115	292	3	7.4
106	3793	3	17.43
112	372	9	43.9
1098	102	14	83.68
101	1333	6	16.71
128	514	4	20.6
1759	3050	3	49.84
938	107	3	8.77
112	223	5	12.28
465	110	3	8.6
101	1486	4	8.91
128	320	3	10.66
616	115	3	11.97
3079	101	3	9.49
418	131	4	19.52
103	174	11	8.13
3657	14	4	17.15
125	149	6	12.43
105	2027	6	35.91
160	139	3	6.15
1781	14	3	5.22
361	116	8	39.3
7	229	3	10.89
104	1276	5	21.05
12	2199	4	14.49
12	4314	3	14.51
110	887	3	12.55
101	3014	3	9.49
106	2670	3	14.67
2	9	25	21.54
106	2722	3	14.67
227	112	3	4.93
12	1067	4	7.81
1536	269	4	45.92
401	947	5	59.33
374	1086	5	59.59
864	102	8	28.74
8	3380	4	35.32
191	1336	5	52.76
101	247	13	11.71
106	451	12	46.58
105	2552	3	14.22
6323	14	3	16.51
101	1573	4	8.91
128	172	12	50.18
1477	14	4	7.16
112	344	11	56.28
121	361	4	15.89
2456	104	6	41.01
1953	102	3	10.18
2232	101	3	7.44
151	133	10	37.36
132	248	3	10.15
1175	102	3	6.6
1425	115	3	17.44
1104	117	8	61.21
1032	102	8	32.61
224	107	8	14.15
1808	113	3	18.76
164	121	8	22.64
103	524	6	14.1
3843	14	3	12.15
498	105	3	4.01
111	161	5	6.17
216	537	3	23.42
292	544	3	25.92
155	201	4	17.27
849	506	4	46.22
210	145	3	10.47
639	342	3	27.84
121	242	9	41.96
101	348	26	75.24
144	685	9	77
139	106	37	73.09
140	1089	3	20.92
1566	14	5	12.15
516	14	24	85.9
233	166	4	20.56
105	4368	3	19.16
8	1852	3	18.1
1814	104	3	11.42
763	104	4	10.02
129	195	6	22.06
104	248	13	32.36
2120	102	3	10.18
1588	110	10	87.65
183	112	5	9.07
114	101	129	103.3
1520	101	8	31.76
581	102	17	75.87
101	854	4	4.44
106	635	3	5.56
1143	14	4	5.61
162	14	41	42.54
578	828	4	46.8
119	182	5	11.11
457	12	5	4.1
2928	14	3	8.59
101	2277	3	7.44
1180	114	11	93.93
108	153	11	11.53
428	12	10	18.46
8	505	3	9.85
6364	101	3	17.47
1680	102	5	20.66
453	107	5	12.18
101	1692	4	9.65
122	507	4	19.12
2655	102	7	49.66
735	117	3	13.35
102	545	9	25.47
101	2030	3	6.68
103	696	3	4.85
111	925	3	13.67
1412	102	3	7.82
342	14	25	61.73
2788	12	3	10.87
5841	105	3	23.62
105	1533	4	16.54
3076	105	6	47.25
141	364	4	21.06
120	786	3	14.94
2149	14	3	6.59
722	12	5	7.91
349	123	3	10.15
114	931	3	14.28
439	106	6	14.5
505	9	5	22.17
5220	12	3	18.92
107	181	13	24.07
101	675	10	23.75
610	1412	3	37.29
1937	723	3	40.99
336	210	5	38.65
501	188	6	51.59
152	108	17	29.27
642	12	9	22.59
126	197	3	7.01
338	178	5	33.94
382	102	29	137.44
109	2258	3	15.64
103	902	3	6.18
122	381	7	36.95
101	1645	8	34.03
107	565	7	25.41
101	1056	4	5.79
3098	164	3	31.55
101	885	11	36.11
743	102	4	7.34
364	101	7	4.2
391	106	11	37.53
912	14	5	7.01
497	12	6	7.24
277	105	5	5.59
1309	14	5	10.46
757	134	3	17.92
119	108	177	763.39
104	803	11	54.31
105	192	31	105.93
2297	116	5	42.2
104	878	7	28.34
119	416	4	16.01
1635	4866	3	58.15
1542	117	3	18.31
158	120	4	5.6
104	2149	3	12.97
344	605	5	51.86
260	104	5	4.79
481	101	6	4.92
101	800	4	3.9
123	158	4	6.11
190	120	7	23.11
715	112	5	25.29
8	280	5	14.94
101	2081	4	11.48
724	671	4	47.14
306	319	3	22.76
563	297	3	26.46
151	657	3	19.27
378	12	13	26.93
108	529	10	44.87
272	2	3	4.37
128	173	11	44.21
4797	389	3	48.35
101	3863	3	13.08
179	102	32	72.99
105	1922	5	25.71
2053	101	5	17.2
115	397	3	9.3
104	372	11	33.25
109	1452	4	18.98
104	549	6	16.18
2302	101	4	12.65
188	101	17	9.98
101	173	25	17.87
106	580	3	5.07
123	749	12	97.76
101	224	26	45.1
106	402	5	9.63
2169	12	6	29.02
325	12	17	38.9
124	578	4	20.63
106	149	10	4.79
344	417	3	25.28
101	426	18	46.39
192	249	3	16.94
289	106	5	6.6
2319	12	4	14.49
233	121	6	22.45
1799	14	5	14.32
4666	12	3	14.51
104	223	12	23.46
1551	104	3	10.23
114	225	3	5.16
183	111	4	5.62
1245	102	3	6.97
105	956	7	30.59
307	101	11	10.99
132	223	5	19.84
115	144	14	35.91
115	262	3	6.82
101	1236	8	26.64
448	14	8	7.33
3614	14	3	10.05
993	9	4	21.97
554	163	3	19.62
2288	12	4	14.49
839	14	9	20.6
1770	14	4	9.35
102	752	6	16.12
142	139	14	57.95
398	105	19	85.44
102	2502	3	11.96
109	378	5	11.8
104	1614	5	24.01
760	105	3	6.14
639	104	4	8.65
121	127	11	19.06
2316	124	4	33.73
146	521	3	16.95
569	113	3	11.14
109	2745	3	16.64
111	133	11	16.59
885	4032	3	49.32
101	1360	4	7.66
12	626	5	6.68
1314	102	3	7.38
299	921	4	42.24
101	441	10	14.87
106	237	12	28.27
412	1389	6	79.93
139	282	3	11.94
1225	272	5	57.61
727	105	4	10.04
373	1930	3	36.53
119	715	3	13.61
104	344	5	7.04
101	2884	4	15.88
105	729	4	10.04
12	2152	3	8.77
1617	14	7	24.64
913	12	7	19.39
135	201	6	26.05
2	8	39	55.37
625	105	30	236.48
105	2582	7	55.13
742	104	3	5.7
634	110	4	16.17
118	195	23	131.38
436	113	3	9.47
101	273	14	16.45
352	104	5	7.18
111	1142	4	22.64
1226	102	6	22.9
904	111	4	20.25
103	101	272	30.32
101	1403	9	36.81
138	354	22	192.6
463	319	3	25.59
643	14	10	20.19
3109	12	3	10.87
878	12	4	6.26
283	137	3	11.71
7	8	6	5.07
101	2128	3	6.68
101	2052	3	6.68
156	153	12	61.36
321	108	10	33.31
103	810	3	5.69
144	1159	5	42.38
447	12	9	15.62
1140	105	16	126.05
2268	105	3	13.23
296	104	9	19.59
3861	102	3	16.84
143	126	5	7.75
116	216	3	5.49
253	329	3	21.59
2438	102	3	11.96
165	131	3	4.89
102	4935	3	21.28
147	260	4	19.15
1244	104	3	8.84
101	2422	4	14.07
675	102	7	19.4
136	365	10	69.01
1130	14	11	41.34
101	781	4	3.9
809	12	4	5.63
106	924	4	12.68
1096	105	5	19.25
204	245	3	17.82
255	844	3	28.03
12	546	16	54.34
1209	546	6	81.52
105	3035	3	15.42
187	657	3	22.85
104	2421	5	30.63
106	821	4	11.55
106	609	3	5.39
103	1691	3	10.05
690	103	3	4.85
134	261	3	11.09
318	336	3	23.24
106	2386	3	13.68
104	850	3	6.61
136	113	25	79.41
1837	117	3	19.57
842	102	3	4.64
108	186	6	6.02
159	169	17	109.84
1367	102	3	7.38
2562	793	4	61.24
101	1722	3	5.47
182	132	9	38.94
2135	14	3	5.85
3031	105	5	34.01
102	319	6	6.42
506	12	14	41.24
369	106	5	8.61
1476	106	3	10.4
1976	14	3	5.85
219	125	28	196.9
104	281	7	11.25
1602	111	5	34.39
788	101	7	13.69
150	7	6	18.6
494	441	3	28.01
1824	102	5	21.9
2326	104	3	12.97
3589	102	3	14.67
2093	104	5	26.72
108	4581	3	21.54
8	1058	4	21.93
103	492	5	9.33
1472	101	3	4.54
101	1349	8	28.13
106	1442	3	10.4
106	1366	3	9.94
108	681	4	12.35
3567	106	3	17.43
473	12	9	16.82
12	3286	3	12.37
2848	103	3	14.38
109	594	4	11.41
1487	12	4	10.65
234	2	6	13.47
247	108	8	18.89
195	114	5	11.56
181	120	20	101.45
108	4394	3	21.54
112	239	3	5.36
102	1018	4	10.13
118	1472	3	18.17
2863	102	3	13.14
101	1470	4	8.25
5792	628	3	51.54
365	111	18	113.34
215	120	6	20.67
101	278	14	16.76
106	502	14	63.29
1706	102	4	14.37
412	1128	4	47.08
108	1750	4	20.44
773	12	5	8.63
276	108	10	30.07
2	14	160	49.76
1437	103	5	20.66
248	331	5	41.1
101	842	6	10.44
1493	14	3	4.2
461	281	3	24.52
123	263	3	8.56
245	9	3	5.81
299	12	20	49.23
17	101	16	6.66
108	1312	3	11.75
106	3420	3	17.43
247	818	8	91.62
253	146	14	102.28
2311	101	3	7.44
116	325	4	13.26
143	228	3	10.88
805	104	7	26.89
2362	117	3	21.18
141	514	3	16.45
105	1458	9	54.99
128	630	5	30.31
1524	14	8	29.29
122	123	6	3.93
332	12	13	23.39
163	106	33	91.49
3241	12	3	12.37
118	1653	4	28.48
310	106	4	4.37
126	298	7	35.15
1144	111	6	39.69
113	363	8	37.36
921	102	3	5.37
1100	111	3	14.69
228	112	15	70.3
110	144	27	87.39
303	102	7	8.47
136	174	3	6.64
471	14	7	5.54
136	139	6	13.53
3555	14	3	10.05
1008	12	6	15.98
101	2337	3	7.44
104	740	5	14.33
348	659	3	28.16
1649	115	3	18.57
117	198	3	5.05
226	101	32	68.64
169	124	4	7.33
617	104	3	4.79
122	523	6	34.13
9	107	71	121.54
101	1640	3	5.47
106	2102	3	12.84
108	272	24	116.37
618	3772	3	44.81
1854	14	4	9.35
415	116	3	9.78
235	159	4	19.73
105	1473	8	45.88
115	1087	3	15.68
131	333	7	38.42
108	524	3	6.23
165	121	32	180.48
621	14	8	12.14
143	128	10	28.11
849	774	3	35.44
735	104	3	5.7
1041	102	3	5.94
106	1744	4	17.95
594	542	4	43.45
107	165	7	3.94
133	712	7	53.43
144	354	5	28.53
425	211	3	21.62
3823	14	3	12.15
650	14	5	4.02
1572	105	4	16.54
505	14	15	35.52
104	945	5	17.6
113	128	37	122.99
258	137	3	11.25
104	996	4	12.65
101	231	62	244.4
274	295	3	21.49
139	430	3	14.71
4576	116	3	27.16
4632	105	3	19.16
1073	14	8	21.72
104	367	8	18.87
104	536	3	4.2
2498	112	5	42.55
161	202	4	18.89
105	703	7	25.01
1099	110	3	13.87
174	131	6	18.31
104	1200	5	20.24
160	110	6	7.71
401	1778	5	67.36
104	1124	6	25.95
474	753	3	31.4
109	227	14	43.93
2400	102	3	10.99
108	952	3	9.86
607	112	3	11.17
131	787	4	24.94
120	1594	3	19.43
101	1453	3	4.54
1123	14	5	9.1
102	1069	5	15.58
1421	12	3	5.75
437	12	7	8.82
664	1206	5	67.93
101	1302	5	11.87
103	406	5	7.55
101	1199	8	26.64
3085	105	3	15.42
155	261	4	20.19
954	14	4	4.44
142	186	4	13.8
105	1864	3	11.68
115	154	5	5.97
142	113	48	231.22
125	429	8	48.22
1121	269	3	30.02
171	250	8	55.8
1506	5247	3	57.55
835	102	3	4.64
384	112	4	13.25
105	1093	4	13.46
1323	2058	3	45.04
696	558	3	31.92
674	107	5	16.36
101	483	20	63.27
2888	9	3	22.37
101	541	6	6.11
951	141	5	40.07
150	175	3	8.63
118	433	13	85.58
104	1123	4	13.64
160	113	43	235.6
2628	101	4	14.07
483	107	5	12.86
394	201	5	40.11
633	12	11	31.62
121	496	6	33.03
811	578	4	46.8
857	105	8	34.71
12	1780	3	7.31
101	306	20	41.27
280	455	4	35.15
128	1372	3	19.82
106	387	33	199.69
139	553	4	24.27
106	596	6	18.23
1902	114	5	37.86
255	245	4	28.78
118	108	196	884.29
12	965	5	10.86
113	830	3	13.32
531	111	11	67.4
4177	276	3	41.52
756	102	5	11.62
107	4503	4	33.55
209	115	10	39.08
229	158	6	34.15
12	2185	3	8.77
1782	1629	5	84.28
903	104	4	11.39
129	131	6	7.65
148	129	21	94.69
105	972	7	30.59
108	2098	3	14.71
483	1324	3	35.19
5502	13	3	46.45
358	12	16	38.01
1469	12	3	5.75
139	105	25	29.95
769	137	4	26.56
105	4217	3	19.16
406	194	3	20.66
102	1965	3	10.18
105	2358	4	20.56
910	108	3	9.55
993	14	5	7.97
138	135	12	41.87
101	1176	5	10.47
8	909	3	13.54
175	114	10	28.4
403	103	6	10.93
107	1700	4	19.34
132	313	3	11.66
3915	5011	3	66.55
125	554	3	13.68
905	124	8	61.83
338	107	5	9.34
127	156	87	703.06
2696	104	3	13.96
257	124	3	8.64
9	17	4	5.88
141	173	9	40.79
1621	14	5	13.16
207	106	18	50.53
518	116	6	30.83
967	12	5	10.86
552	14	11	20.78
12	5192	3	18.92
110	123	35	87.29
101	2202	3	7.44
104	667	10	42.11
4225	151	3	33.98
1652	14	3	4.68
173	106	10	9.24
785	177	3	22.7
1525	105	3	10.48
1089	102	5	15.58
12	325	7	5.39
101	1072	4	6.19
102	1128	3	6.6
442	158	3	17.5
107	298	4	5.16
314	102	9	15.34
101	748	8	16.5
106	1108	7	33.53
101	664	8	15.32
1085	12	4	7.81
3634	14	3	10.05
105	208	25	83.4
271	145	5	25.98
798	105	18	115.06
104	997	4	12.65
101	2595	3	8.35
1132	12	3	4.61
819	14	5	5.81
6003	14	3	16.51
101	2459	4	14.07
165	166	16	103.43
4417	14	4	22.02
108	513	24	160.69
852	14	6	9.36
250	184	3	16.49
137	180	5	16.8
102	540	7	16.27
221	397	6	51.87
211	111	3	4.36
101	1945	3	6.68
918	101	9	26.11
367	507	3	27.07
860	101	6	10.94
143	160	3	6.75
213	174	4	20.44
449	216	3	22.15
1841	14	3	5.22
664	1773	3	39.76
12	1119	5	11.99
1471	190	4	40.6
3255	2175	3	53.73
123	338	4	15.63
1202	12	6	18.44
232	106	7	9.66
122	1521	10	99.82
106	940	5	18.19
12	562	6	8.91
168	544	7	58.77
258	102	22	66.62
1690	193	3	29.72
101	2506	6	29.31
113	309	3	7.39
271	101	32	89.88
1840	193	5	57.22
153	165	3	8.08
6181	110	3	29.51
941	1034	6	86.43
446	152	4	24.89
108	1522	4	19.61
123	442	4	17.96
101	916	12	43.86
254	12	10	8.9
600	14	9	14.55
117	106	29	12.52
134	201	4	14.17
105	2721	4	22.05
1376	177	3	26.71
309	149	8	54.52
632	14	7	8.97
16	106	13	8.39
2506	14	3	7.48
1573	14	4	7.8
127	159	4	7.04
523	14	10	15.94
417	177	6	46.04
127	308	3	10.35
127	242	5	19.11
117	3739	3	25.01
1009	101	4	5.79
105	1257	3	9.08
220	2186	6	79.26
108	171	16	34.34
108	101	133	5.16
112	367	7	30.2
121	260	5	18.64
112	434	7	32.84
3373	158	3	32.56
2445	102	7	49.66
103	484	9	26.5
853	12	5	9.44
115	187	4	7.02
132	151	3	4.24
2263	105	7	49.14
109	394	5	12.35
8	5592	3	30.23
1805	12	3	7.31
101	2868	6	34.94
138	3688	3	29.73
2520	12	3	9.71
104	151	26	44.32
3084	104	4	23.58
101	575	7	9.56
244	154	6	33.85
6352	102	3	21.28
145	181	3	8.35
352	117	6	25.61
101	154	35	25.8
133	113	7	6.74
105	745	5	14.74
1239	14	5	9.75
840	106	3	7
319	14	16	23.34
129	366	3	11.42
3088	14	3	8.59
968	14	6	11.04
104	506	5	10.94
2140	14	3	5.85
1268	14	5	9.75
151	177	10	52.5
1910	105	3	11.68
131	669	4	23.63
1929	14	4	9.35
283	151	4	20.64
710	103	3	4.85
1781	8	3	18.1
109	319	4	6.64
1393	101	6	17.78
12	1763	4	11.42
454	102	9	21.72
103	186	19	37.45
2014	193	3	31.15
5103	12	3	18.92
605	12	6	9.56
2234	14	3	6.59
112	312	16	92.24
2255	105	4	20.56
269	105	5	5.39
5311	12	3	18.92
560	9	4	16.84
489	12	5	4.63
4073	14	3	12.15
1430	106	3	10.4
904	14	5	6.58
427	112	7	32.52
229	1554	4	43.99
105	1891	7	43.03
109	341	13	52.11
1458	101	5	12.69
12	2214	3	8.77
445	17	4	29.16
3615	117	3	25.01
227	14	19	18.92
106	419	4	6.46
101	6387	3	17.47
101	337	24	63.98
255	444	3	23.81
380	533	3	27.47
992	14	4	4.44
105	1045	6	24.81
104	131	23	14.28
104	280	7	11.25
142	129	19	76.72
132	131	9	20.18
493	102	6	11.01
235	830	3	26.75
2596	103	3	13.19
121	141	6	9.28
111	192	5	9.87
1021	14	9	25.78
101	1350	5	11.87
101	1298	4	7.66
662	14	14	40.11
2177	12	3	8.77
108	173	9	11.08
3082	12	4	17.77
557	14	9	13.54
2026	101	8	40.42
2307	102	7	43.69
12	1556	3	6.21
196	101	23	28.82
8	549	3	10.34
2936	102	4	20.86
144	209	4	15.95
101	1037	6	13.36
107	568	4	10.06
105	2723	3	14.22
101	2233	4	12.65
129	607	5	30.08
2816	14	3	8.59
284	12	9	8.01
173	134	17	93.76
110	145	9	11.8
2303	8	3	19.71
4894	12	3	18.92
6385	14	3	16.51
1402	108	6	34.27
101	2640	3	8.35
1168	12	6	17.55
3748	14	3	10.05
1778	14	3	5.22
847	14	7	12.99
130	149	11	37.67
4023	12	3	14.51
288	102	21	67.05
2447	104	6	41.01
140	180	5	17.39
193	162	5	24.43
103	816	3	5.69
487	186	8	72.9
102	509	13	45.68
553	104	3	4.34
213	12	11	7.15
108	478	7	24.47
165	137	10	42.86
1092	12	3	4.3
108	375	9	31.27
282	368	3	22.98
659	2	3	9.37
12	1348	12	64.39
8	344	4	11.9
156	172	4	14.26
106	1743	3	11.48
141	349	3	13.74
131	198	55	486.09
888	101	7	15.59
17	218	3	14.82
284	574	4	37.18
102	1119	6	21.14
101	794	11	32.41
1381	116	3	17.7
145	969	3	20.85
730	157	3	20.65
522	14	12	22.73
123	348	8	42.82
1107	1589	6	95.06
106	822	3	7
104	4437	3	18.9
1275	9	3	16.23
1686	14	3	4.68
635	14	6	6.17
110	101	268	428.22
101	2336	3	7.44
318	124	8	42.35
1204	621	3	36.53
130	1122	4	27.62
2141	124	5	43.66
127	128	10	19
976	9	3	14.27
3467	14	3	10.05
1609	14	3	4.2
488	14	9	11.36
333	812	3	29.43
103	1087	4	12.14
104	1455	3	9.72
5011	12	3	18.92
1138	14	5	9.1
101	1301	3	4.15
2417	85	3	36.99
111	120	30	69.53
541	101	9	15.41
8	954	3	13.86
2703	111	4	30.96
1654	102	9	53.54
320	104	27	126.89
244	113	10	41.89
144	608	3	17.7
572	101	8	12.83
510	516	3	29.41
426	107	4	7.65
261	152	9	60.21
101	2770	3	8.35
135	377	4	20.3
113	889	5	28.64
455	12	16	47.39
1058	14	4	5.18
105	1042	9	46.28
4628	14	4	22.02
369	149	3	15.4
105	891	5	16.95
846	12	4	5.94
106	2702	3	14.67
3052	14	3	8.59
941	14	4	4.11
105	634	6	18.17
154	177	9	45.68
1274	14	5	10.46
285	14	20	31.89
107	2398	3	14.73
147	2544	3	28.27
139	429	3	14.71
107	757	7	29.62
2690	102	4	18.99
106	1337	4	15.72
103	154	11	3.85
106	1158	4	14.55
121	427	4	17.31
112	255	20	115.23
102	1002	3	5.94
104	1201	3	8.84
682	103	3	4.67
104	1125	9	48.43
3081	14	5	22.25
2176	14	3	6.59
663	12	7	14.49
108	900	4	14.68
106	343	5	8.01
101	559	5	3.96
192	115	4	7.52
101	492	6	5.14
12	762	7	16.08
3177	14	3	10.05
511	835	3	32.42
2862	12	6	37.84
129	132	5	5.79
101	4823	3	17.47
114	2	31	38.98
1300	105	6	28.44
329	116	3	8.32
3129	14	3	8.59
550	9	7	37.29
105	971	7	30.59
109	346	3	3.91
109	555	5	15.86
3817	12	3	14.51
131	1015	7	57.34
507	12	12	31.25
393	101	9	10.14
1436	101	3	4.54
1821	102	3	9.47
770	102	3	4.22
101	1177	4	6.64
105	5500	3	23.62
403	102	19	72.1
2632	102	7	49.66
102	617	6	13.57
101	1507	3	4.98
101	1583	5	13.6
138	386	4	20.78
112	131	7	4.31
250	737	3	26.81
503	102	4	4.79
102	947	4	9.7
121	556	4	19.77
857	104	4	11.02
102	991	4	9.7
112	280	14	72.42
1324	163	3	25.31
989	105	6	24.06
626	106	4	9.5
108	903	3	9.26
1240	125	4	27.69
1186	14	4	5.61
1486	12	5	15.85
1099	114	4	22.93
101	158	43	52.59
107	622	4	10.78
292	1454	3	32.33
118	313	3	8.57
3450	102	3	14.67
265	631	4	37.55
105	253	5	4.92
313	160	32	341.13
397	865	9	116.86
105	209	21	62.48
104	998	4	12.65
3880	915	4	72.41
556	105	20	112.07
1927	194	4	43.97
107	297	9	24.4
107	222	22	81.21
118	607	4	19.25
1656	105	11	86.64
1012	121	5	34.04
535	14	10	16.47
123	173	3	4.19
104	2132	4	18.98
133	630	4	24.67
122	1485	3	19.73
106	1031	3	8.41
144	368	3	14.34
609	285	3	26.42
101	665	6	8.3
124	1720	3	20.76
105	5811	3	23.62
163	134	4	9.88
106	1718	3	11.48
122	145	9	20.78
1496	14	6	17.18
1154	102	3	6.6
360	547	3	27.49
2262	102	4	17.52
833	104	4	10.67
200	138	3	9.26
108	472	3	5.55
101	5405	3	17.47
101	5225	3	17.47
106	3649	3	17.43
108	218	39	203.81
142	816	3	19.44
923	1025	3	37.92
109	856	3	9.06
291	171	3	15.84
103	2384	3	12.21
152	180	4	14.47
101	3621	3	10.96
109	1007	3	10.27
127	324	8	43.83
837	14	5	5.81
106	2056	7	46.74
101	1842	3	6.03
466	14	11	16.82
1394	14	5	11.26
105	2769	4	22.05
758	153	3	20.29
333	1958	3	35.77
144	183	3	8.63
2536	14	3	7.48
581	108	4	11.07
101	1071	8	24.08
108	1538	4	19.61
1895	101	4	10.5
101	2135	6	23.82
119	180	3	3.88
101	1020	6	13.36
2240	101	3	7.44
3134	102	3	13.14
12	160	44	78.14
2725	105	6	41.55
757	105	6	20.44
1485	14	3	4.2
101	2182	3	7.44
104	655	5	13.25
884	8	3	13.24
410	285	3	23.83
2174	4040	3	55.96
267	4895	3	45.85
1837	105	3	11.68
263	8	3	5.84
786	105	6	20.97
108	305	5	9.68
105	1121	10	56
108	172	29	96.46
767	14	7	11.26
221	101	26	44.61
1387	1493	7	119.66
5892	117	3	31.72
122	498	3	12.44
856	102	22	156.16
101	1677	5	14.63
122	101	92	76.19
404	104	4	5.41
137	195	3	8.91
112	689	3	11.99
102	454	4	4.04
131	2900	3	26.53
1391	1496	6	99.19
6184	105	3	23.62
1558	14	3	4.2
873	103	3	5.93
1119	121	6	44.27
113	159	9	20.11
105	106	82	13.02
144	452	4	23.29
101	764	6	9.51
2960	117	3	23.43
1489	104	4	16.19
12	561	10	24.6
1083	184	4	37.51
955	104	3	7.44
101	3020	4	15.88
104	403	6	12.27
161	158	5	19.13
1142	110	5	29.48
330	104	4	3.96
104	505	6	15.19
814	103	4	9.72
476	16	9	70.66
436	12	7	8.82
101	204	19	19.59
104	2870	3	15.16
141	2234	3	26.57
12	1764	3	7.31
181	168	3	10.87
103	291	5	4.74
128	153	4	6.36
1755	12	3	6.73
106	1188	3	9.11
3733	12	3	12.37
699	101	5	5.7
1622	101	3	5.47
427	160	3	17.65
12	3411	3	12.37
2428	102	4	18.99
473	374	4	38.08
710	102	12	48.93
195	110	13	47.67
125	518	9	60.49
2916	104	3	15.16
1076	104	3	8.09
2181	5278	3	60.46
2680	102	4	18.99
126	673	3	15.2
104	1477	4	15.46
102	708	3	3.85
175	130	4	8.95
919	14	7	14.35
121	217	3	6.73
1914	14	3	5.22
128	458	7	42.46
106	1444	4	16.39
101	1224	6	15.75
178	2	9	16.93
102	1981	4	16.3
12	815	5	9.02
261	182	3	16.27
3973	119	3	27.73
2339	226	3	33.52
2887	1003	3	46.51
167	594	3	20.18
685	12	8	18.7
2111	175	3	29.19
334	14	14	17.94
148	290	7	43.67
8	3478	3	23.53
223	178	9	62.23
148	186	3	9.48
104	255	7	10.17
5236	198	3	43.25
101	2696	3	8.35
2647	102	3	11.96
2	479	4	12.23
122	409	6	30.76
122	358	3	10.28
105	6104	3	23.62
112	879	3	13.53
168	1454	4	37.47
131	4881	3	34.83
894	105	3	7.11
263	14	19	26.2
152	132	7	20.2
662	9	5	25.09
373	201	7	60.1
2233	14	5	17.33
915	14	4	4.11
159	175	5	20.58
1611	12	4	11.42
501	12	6	7.49
101	4364	4	23.29
757	106	3	6.54
228	14	14	7.94
641	12	10	27.37
101	1021	9	28.46
101	977	17	86.45
102	1405	3	7.82
105	4778	3	19.16
110	3073	3	21.24
495	111	12	73.74
149	158	3	7.37
412	1778	3	36.52
107	330	4	5.76
107	131	80	258.71
1586	102	3	8.31
528	102	26	142.62
998	105	5	18.61
1224	14	5	9.75
775	12	4	5.35
2352	14	3	6.59
180	1240	3	26.25
134	2679	5	51.93
259	912	11	140.93
985	14	8	19.63
101	3216	3	10.96
104	1745	3	10.79
105	1441	9	54.99
5299	3854	3	66.55
200	116	7	22.46
1020	14	5	7.97
487	101	6	5.14
176	126	27	158.89
106	1636	3	11.48
108	2716	6	46.31
5596	102	3	21.28
206	165	3	12.72
125	150	4	5.69
108	869	8	40.9
2301	101	3	7.44
1396	104	3	9.72
109	259	4	5.16
104	1275	3	9.26
126	1074	3	18.35
654	296	3	27.28
121	408	5	23.47
1589	116	5	36.53
964	103	3	6.74
1660	14	3	4.68
1246	12	3	4.96
122	613	5	28.08
103	123	42	38.67
560	14	15	39.48
118	213	8	30.06
1276	12	3	5.33
131	3376	3	28.11
12	1068	4	7.81
1519	14	3	4.2
943	12	5	10.35
157	417	3	17.12
101	321	16	27.52
131	2086	5	45.73
108	1689	5	28.35
1875	107	3	13.16
840	104	5	15.58
101	4976	3	17.47
161	101	26	15.67
223	286	3	19.27
148	174	7	30.4
120	538	5	26.31
101	2878	3	9.49
129	298	4	15.94
101	2699	3	8.35
101	4797	3	17.47
1291	101	3	4.15
101	2759	4	14.07
105	2349	5	28.91
5054	14	3	16.51
102	1974	6	31.29
1159	12	3	4.61
118	398	7	35.2
1369	14	6	14.96
1048	12	5	11.4
555	108	3	6.53
156	1723	3	26.23
101	471	6	4.71
8	997	3	14.2
121	206	7	26.14
155	185	4	15.61
104	3827	3	18.9
164	137	6	19.65
279	145	4	19.2
111	208	3	4.28
101	1163	4	6.64
5550	117	3	31.72
960	101	4	5.41
151	436	4	24.63
166	107	16	28.76
109	407	5	12.54
111	107	30	12.54
279	101	9	5.2
910	102	3	5.37
128	349	5	23.46
101	1266	5	11.14
109	2849	3	17.86
118	1109	4	24.41
102	730	4	7.34
102	678	4	6.81
422	114	3	9.31
379	141	3	14.39
101	2650	3	8.35
109	1178	3	10.99
1427	14	4	7.16
3549	14	3	10.05
1058	9	4	22.48
101	2861	4	15.88
104	299	18	64.82
148	139	5	12.23
107	2263	3	14.73
603	108	4	11.3
105	1078	6	25.61
107	944	6	26.32
12	769	4	5.08
114	3041	6	62.01
106	452	7	19.31
124	454	19	154.42
102	1703	3	8.86
546	120	7	41.91
1221	102	12	70.32
188	123	16	80.8
101	3042	4	15.88
104	551	11	43.79
1581	14	5	12.15
885	12	4	6.26
113	648	3	11.91
661	301	3	27.59
319	206	4	28.55
114	557	3	11.06
8	5450	3	30.23
120	199	6	19.62
105	770	4	10.34
154	236	9	57.33
105	650	6	18.58
986	1318	5	73.15
1612	14	3	4.68
483	105	4	6.91
125	106	33	33.92
128	171	5	12.39
128	304	3	10.3
112	138	20	54.18
476	1513	3	36.24
108	2251	4	23.7
125	744	3	15.32
980	104	5	17.6
519	150	4	26.07
323	104	4	3.86
106	3588	4	27.14
2449	660	3	42.42
163	268	3	14.83
102	480	4	4.47
791	103	3	5.46
1022	114	6	39.23
137	182	4	12.15
8	210	4	7.57
211	14	21	21.29
1125	14	5	9.1
102	1134	4	11.08
691	805	5	63.35
177	14	46	69.21
845	12	4	5.94
101	674	6	8.3
5442	1003	3	54.82
101	599	6	6.96
650	112	5	24.53
113	216	3	4.89
2106	115	3	19.98
113	395	4	14.02
171	739	7	64.09
318	110	3	6.35
12	143	201	882.82
1936	14	6	21.97
1089	108	4	16.47
101	931	6	12.07
1275	14	6	14.96
2132	14	3	5.85
707	12	5	7.58
2406	12	3	8.77
976	14	4	4.44
1107	130	3	18.81
548	103	4	6.86
108	257	9	23.86
786	209	3	25.57
12	444	11	23.28
12	393	12	24.37
1326	14	4	6.59
2795	9	3	22.37
1739	12	3	6.73
105	3083	4	23.94
103	1928	3	10.67
505	160	5	37.02
113	275	4	10.89
104	1058	5	18.82
102	4887	3	21.28
108	590	5	16.33
272	110	5	13.61
2262	115	4	30.79
2058	115	7	63.73
659	12	5	6.97
106	1734	4	17.95
122	337	4	15.39
121	736	5	29.91
169	114	4	4.62
2330	14	3	6.59
112	909	3	13.83
478	106	3	4.12
1450	12	3	5.75
131	595	3	15.09
252	836	8	92.04
108	129	52	129.84
246	104	6	6.91
267	2887	3	37.54
152	313	3	14.59
207	120	8	31.47
3827	189	4	56.51
136	129	6	9.84
277	104	15	45.05
162	126	7	19.97
624	102	7	18.41
1947	104	3	12.14
113	593	3	11.32
124	711	21	207.24
1205	4927	3	56.03
12	190	32	64.91
1173	14	4	5.61
101	1055	4	5.79
106	717	3	6.12
2089	14	3	5.85
490	116	5	23.23
135	539	3	15.87
104	179	12	13.83
2790	14	3	8.59
154	368	3	15.58
114	292	3	7.07
219	128	10	49.62
1532	14	3	4.2
550	14	8	10.37
2389	14	3	6.59
157	138	7	23.75
140	959	9	84.04
426	104	4	5.69
3035	111	5	45.21
111	286	4	10.55
103	397	10	27.47
138	209	4	14.87
121	228	9	40.19
108	4604	3	21.54
12	1975	3	7.99
109	539	4	10.73
592	105	8	27.96
564	135	3	16.23
126	840	3	16.42
166	199	3	12.52
720	14	8	13.73
104	1394	4	15.46
109	362	6	15.57
1501	170	3	26.82
125	537	11	80.51
109	185	7	8.77
1145	12	3	4.61
109	229	11	29.8
151	149	4	10.92
234	145	3	11.21
111	538	3	10.29
112	146	6	6.17
1281	101	4	7.66
3074	101	3	9.49
1315	117	3	17.28
101	293	17	27.77
133	320	9	57.24
118	180	4	6.9
957	102	4	9.7
102	1626	3	8.86
104	373	7	15.02
409	105	5	9.17
104	550	5	11.72
737	114	3	12.66
793	14	5	5.46
101	5162	3	17.47
120	252	8	36.26
12	2168	3	8.77
920	106	5	18.19
742	105	3	5.93
12	934	4	6.61
472	153	3	17.23
101	338	9	7.6
109	3915	4	34.8
120	107	122	419.84
154	133	3	4.81
125	1550	3	20.32
105	624	7	23.43
188	144	3	9.06
101	2936	3	9.49
135	276	7	38.72
104	388	5	8.1
179	146	3	8.3
290	112	6	21.09
131	804	4	25.31
867	102	14	70.98
109	276	15	57.91
195	124	5	15.44
128	188	6	20.38
383	105	9	25
101	1540	4	8.91
691	1489	4	54.5
315	1381	4	46.72
1580	105	3	10.48
111	199	8	24.4
191	121	3	5.63
3815	14	4	22.02
101	1283	3	4.15
115	246	3	6.49
105	1701	6	32.29
115	101	157	188.4
4573	101	3	13.08
109	379	11	43.13
166	234	3	13.71
132	138	4	5.36
1434	169	5	49.7
273	111	7	25.38
620	110	3	10.4
141	1993	4	37.18
1420	115	3	17.44
104	138	25	27.54
727	104	6	19.44
1176	102	4	11.08
233	137	12	74.46
482	170	11	101.26
202	437	5	41.43
101	442	23	75.41
2	1001	3	12.24
101	2166	4	12.65
129	756	3	16.16
104	775	4	10.34
109	1861	3	14.06
1413	12	3	5.75
1485	9	5	34.88
172	357	3	17.22
1023	285	6	69.56
792	12	4	5.35
101	901	16	70.69
214	131	3	8.2
101	1036	7	17.93
106	608	7	23.96
106	668	3	5.93
220	1810	3	31.83
1677	102	6	27.7
102	216	7	4.03
2518	107	3	15.72
1046	105	3	7.99
108	291	5	9.16
109	784	3	8.56
708	103	8	28.25
945	105	4	12.53
306	14	12	10.86
2150	14	4	11.46
103	600	4	7.29
156	257	6	36.03
460	102	27	137.81
112	605	3	11.17
1746	124	3	20.76
123	154	4	5.39
2023	104	3	12.14
2652	102	3	11.96
187	716	5	44.4
245	294	5	39.85
12	376	37	172.37
1244	105	3	9.08
549	12	6	8.6
101	2491	7	40.76
130	317	3	10.91
12	2731	4	15.93
1265	14	4	6.07
199	132	7	30.76
1149	108	3	10.91
101	3989	3	13.08
5209	5193	3	71.05
5451	102	3	21.28
422	117	5	21.66
351	102	6	7.19
1406	117	3	17.77
637	309	3	27.34
745	102	6	15.65
498	12	14	40.4
164	175	3	9.9
1616	12	3	6.73
106	1469	3	10.4
800	368	3	29.8
121	108	120	452.22
101	419	21	61.69
881	14	5	6.58
406	277	3	23.62
868	105	9	41.63
516	103	6	13.79
2375	108	3	15.56
644	12	5	6.97
105	2293	3	13.23
118	496	3	11.31
261	141	3	12.01
4367	102	3	16.84
1427	102	3	7.82
115	1407	5	35.07
188	120	8	28
166	1269	3	25
147	682	5	36.87
110	942	3	12.85
101	168	69	164.38
2105	14	3	5.85
133	192	7	30.41
124	382	4	17.1
778	12	5	8.63
1179	105	16	126.05
101	1365	5	11.87
149	2040	3	26.96
121	566	4	20.01
146	170	5	17.38
1190	14	9	28.54
749	12	6	11.5
2378	14	3	6.59
626	101	12	31.51
151	336	3	14.84
2025	147	7	78.81
3513	112	3	23.83
1838	111	4	27.1
112	642	6	31.8
190	101	32	51.81
2528	104	3	13.96
106	1724	7	41.93
3795	126	3	27.38
103	776	3	5.46
694	110	3	11.03
142	859	4	28.78
1549	14	4	7.8
116	179	4	6.23
220	5230	3	44.04
8	5889	3	30.23
3160	701	3	43.89
135	607	4	24.56
101	4627	3	13.08
107	184	11	19
101	807	6	10.44
481	120	3	11.85
107	482	3	4.98
168	133	5	14.65
102	1497	3	8.31
107	363	5	9.95
101	926	10	31.63
133	956	3	19.57
117	144	5	4.83
128	1696	3	21.46
588	197	8	79.58
101	2197	3	7.44
104	601	3	4.64
104	752	3	5.91
105	1231	11	69.4
1642	2	3	15.44
4399	14	4	22.02
3351	587	3	44.4
1129	12	11	49.95
126	324	4	16.2
102	223	11	13.77
196	133	3	8.77
101	1620	3	5.47
192	2079	3	31.1
9	225	3	4.88
1534	169	11	140.88
2163	102	7	43.69
1191	144	3	21.91
109	1090	3	10.62
263	102	6	4.57
786	110	5	24.91
152	127	6	13.33
1312	102	4	12.21
105	1317	4	15.14
8	2646	3	20.72
1478	105	13	102.4
101	1847	4	10.5
128	907	3	17.19
310	123	3	9.59
346	14	8	4.09
144	338	4	20.72
106	614	5	13.7
2636	105	6	41.55
1722	108	5	28.35
12	299	10	11.82
118	905	8	57.93
12	103	622	915.13
381	14	11	12.65
12	166	66	176.96
1	7	3	16.14
119	127	46	190.51
189	122	7	23.55
136	107	54	156.82
884	102	4	8.92
105	349	24	111.8
110	282	3	5.58
1224	102	4	11.62
171	1097	3	24.55
113	248	3	6.08
675	227	3	25.24
243	133	10	58.71
105	101	384	241.09
105	304	35	185.91
108	1257	4	17.57
101	650	6	7.94
177	213	12	89.14
1692	14	4	8.52
1341	12	4	9.35
107	128	65	171.94
140	159	8	30.26
1586	14	4	7.8
6210	14	3	16.51
623	105	3	5.18
278	103	5	4.35
1615	14	4	8.52
8	308	4	11.16
116	138	11	21.61
1334	111	7	51.54
3295	101	4	18.4
200	112	25	136.65
2067	102	3	10.18
8	662	4	17.65
112	294	11	52.55
4022	915	4	72.41
1301	115	3	16.95
2278	110	4	28.32
106	1301	3	9.94
103	296	6	7.6
333	450	3	25.49
241	154	7	41.55
975	104	3	7.44
151	187	16	107.14
751	9	6	33.99
807	12	5	9.02
12	3477	3	12.37
125	153	38	218.63
3369	14	3	10.05
131	674	13	112.63
295	444	3	24.82
4812	14	3	16.51
1081	14	4	5.18
109	254	13	43.87
101	3825	3	13.08
109	328	4	6.75
397	471	4	38.52
101	2958	5	23.82
135	254	6	30.17
106	2770	3	14.67
101	3010	4	15.88
2035	14	5	15.69
445	12	6	6.32
106	2726	3	14.67
298	104	20	76.03
634	117	3	12.48
105	2609	3	14.22
187	336	3	18.37
118	260	5	17.1
106	484	7	20.31
943	104	3	7.14
106	542	3	4.77
16	1776	3	25.48
101	316	26	71.14
462	101	6	4.71
2283	104	3	12.97
112	1239	3	15.67
139	154	7	22.73
101	570	9	16.42
101	468	21	67.74
294	245	3	20.71
223	114	3	5.11
329	141	5	27.55
129	125	15	37.76
1291	168	3	25.59
3042	14	3	8.59
5478	14	3	16.51
322	14	23	50.01
979	14	5	7.47
138	2982	3	28.14
1411	101	4	8.25
102	850	4	8.57
102	774	3	4.42
101	1337	4	7.66
101	1234	5	11.14
357	117	3	8.86
154	130	7	18.46
1598	12	6	21.73
3123	14	3	8.59
294	428	3	24.45
4372	117	3	27.23
472	150	4	25.22
1480	102	10	57.09
107	830	7	30.94
858	110	3	12.27
101	343	19	41.65
101	6453	3	17.47
106	559	4	8.57
133	104	18	10.31
2769	101	4	14.07
477	111	3	9.52
394	248	3	22.78
103	167	18	23.54
241	202	3	17.41
241	129	6	25.49
108	1046	9	53.34
234	105	10	18.54
247	14	14	11.08
108	738	5	18.45
889	163	14	159.95
1004	14	6	11.7
103	2857	3	14.38
104	1466	5	21.93
2335	14	3	6.59
273	108	4	5.4
101	1153	4	6.64
164	216	9	58.85
106	1371	3	9.94
122	993	3	17.05
118	392	3	9.99
121	1472	3	19.15
123	1092	3	17.6
101	595	18	62.54
139	202	3	9.47
139	129	6	10.39
101	4851	3	17.47
117	123	13	18.37
958	12	4	6.98
260	471	3	24.19
106	665	4	10.02
12	179	29	41.73
12	121	188	469.3
690	14	7	10.27
345	12	7	5.88
208	101	19	20.13
3012	117	3	23.43
104	846	6	21.59
101	2375	4	12.65
110	253	7	22.48
1079	101	4	6.19
1065	102	6	21.14
336	111	10	47.83
4778	101	3	13.08
194	138	3	8.97
159	102	23	27.52
103	1010	3	7.05
101	1718	3	5.47
101	1666	3	5.47
182	128	9	35.59
2344	704	3	41.62
4445	9	3	26.16
196	106	6	4.95
101	1972	3	6.68
1061	12	6	16.73
102	465	6	10.48
827	14	5	5.81
3389	12	3	12.37
116	146	7	10.8
1915	102	10	70.96
104	1795	4	17.92
860	117	5	29.46
126	363	3	11.16
109	705	4	12.74
236	17	4	22.96
306	102	14	34.59
805	110	6	32.89
147	146	5	13.58
147	212	5	23.13
110	579	3	9.85
686	104	4	9.16
130	144	8	19.97
341	102	23	86.46
101	777	8	17.82
571	108	6	21.44
5305	535	3	50.57
12	550	6	8.6
796	14	5	5.46
2604	170	3	30.75
3193	8	3	23.53
368	14	15	23.91
3952	12	4	25.23
3597	14	3	10.05
107	309	4	5.45
233	986	3	27.98
140	127	4	4.33
101	728	10	25.38
260	101	15	18.03
149	133	6	16.5
101	804	6	10.44
789	164	3	21.83
12	1358	8	31.86
103	823	3	5.69
103	719	3	4.85
108	384	25	147.01
4585	12	3	14.51
152	361	5	30.89
109	620	4	11.91
143	137	15	63.46
519	380	3	27.3
108	134	26	46.35
246	12	9	6.39
317	149	6	37.63
109	877	3	9.06
126	128	17	48.12
428	177	5	36.64
127	195	3	6.97
124	1935	9	100.86
1321	111	5	32.47
102	248	6	4.08
101	1821	4	10.5
395	104	8	20.36
101	1649	3	5.47
353	169	3	16.8
107	494	4	8.82
1173	102	4	11.08
134	102	152	593.57
123	354	12	75.22
2312	112	3	20.01
859	111	12	91.35
2735	169	3	30.62
101	941	4	5.06
110	161	7	10.8
110	106	65	64.65
12	3081	4	17.77
1330	12	3	5.33
613	105	13	60.94
101	2266	3	7.44
119	242	3	6.85
754	3925	3	48.2
106	204	29	109.09
1111	14	5	8.51
797	12	4	5.35
101	371	7	4.53
105	2318	4	20.56
12	775	4	5.35
12	699	19	87.76
105	4237	3	19.16
104	294	11	27.81
101	2779	4	15.88
4243	101	3	13.08
114	120	19	32.41
620	150	3	19.06
166	129	3	4.57
129	1588	3	20.93
709	101	8	15.89
115	214	4	8.94
206	443	3	21.72
101	1188	4	6.64
105	3654	5	39.37
102	4	4	6.11
175	105	18	31.66
124	1598	3	20.16
121	182	5	12.4
2057	14	3	5.85
1383	12	3	5.75
103	317	5	5.52
101	1392	6	17.78
170	281	9	67.08
191	393	3	20.05
1294	14	5	10.46
180	2293	3	30.67
121	366	5	22.09
5222	12	3	18.92
8	844	3	12.95
449	793	4	44.19
1066	104	3	8.09
397	477	3	27.18
120	205	4	10.4
238	204	3	17.4
202	331	5	38.01
101	220	14	9.96
252	6010	3	45.46
275	1100	5	56.11
1464	1428	3	42.96
143	197	7	34.6
163	154	4	12.81
1471	102	3	7.82
12	1140	5	12.62
127	383	3	11.66
514	162	3	19.04
138	1081	4	30.12
245	280	3	20.36
193	154	4	16.27
387	102	42	251.3
177	284	24	237.37
186	395	3	19.56
101	619	13	36.55
101	791	4	3.9
177	115	5	8.76
199	125	25	162.94
271	135	5	24.08
110	501	9	47.41
108	1355	4	18.19
101	4439	3	13.08
113	197	10	36.17
1438	12	3	5.75
995	14	6	11.7
108	1408	5	26.24
126	1542	3	20.66
1234	14	5	9.75
101	2161	3	7.44
107	347	10	32.04
107	422	4	7.65
730	107	4	11.9
3434	102	4	23.43
364	162	5	32.96
127	131	17	51.21
1553	117	5	36.64
905	104	3	6.87
2478	102	6	36.89
102	239	33	120.21
108	3008	5	37.97
478	101	21	69.09
502	2262	3	39.47
257	104	14	37.89
108	268	5	8.46
141	251	3	11.79
1177	1327	3	41.06
108	135	38	93.98
159	151	3	7.48
1109	116	7	50.94
585	121	7	43.89
109	1057	3	10.27
104	1898	3	11.42
3298	14	3	10.05
750	12	6	11.95
1201	14	5	9.75
103	402	4	4.62
103	504	4	6.11
333	103	5	5.77
103	580	6	15.1
965	12	4	6.98
448	108	9	34.83
109	4698	3	21.62
111	173	4	4.35
102	667	4	6.81
220	476	39	579.43
667	14	13	34.87
307	107	10	29.76
2010	102	4	16.3
422	104	8	21.34
3989	102	3	16.84
116	998	5	31.62
106	3830	3	19.62
1425	169	3	26.15
106	3057	4	24.55
129	156	4	7.01
108	2057	3	14.71
154	374	3	15.7
1169	102	3	6.6
183	102	41	123.92
4281	14	3	12.15
101	486	7	7.63
1928	12	3	7.31
139	173	3	6.85
106	321	9	22.83
1969	1807	4	66.6
700	14	6	7.19
118	481	4	17.17
203	685	4	35.13
4419	14	3	12.15
759	116	3	13.53
274	123	3	8.78
1375	14	4	7.16
3622	105	3	16.97
850	14	10	26.32
126	1659	3	21.26
108	1665	5	28.35
160	107	31	91.14
969	102	16	97.15
754	2451	6	100.48
950	101	4	5.41
843	110	3	11.99
142	369	3	14.2
128	235	3	8.38
103	252	6	5.99
1421	105	3	9.97
2661	14	4	12.85
105	1896	4	18.27
3585	105	3	16.97
1200	12	3	4.96
131	734	4	24.26
751	14	10	23.38
4214	1815	3	54.33
738	105	13	66.87
3927	12	3	14.51
893	101	5	7.85
1178	944	3	38.7
339	112	8	35.26
269	101	13	13.47
101	1610	4	8.91
197	146	4	15.83
101	1398	5	12.69
103	311	6	8.18
131	3183	4	41.45
107	649	3	6.66
118	127	26	77.5
227	102	16	31.4
298	117	7	29.78
1459	110	3	15.61
773	105	3	6.36
4999	105	3	23.62
147	835	4	29.25
114	134	15	33.57
651	105	3	5.36
101	2686	3	8.35
1933	9	3	19.26
129	159	6	15.15
129	242	4	13.83
178	117	4	6
106	171	33	97.24
992	102	6	19.63
386	104	5	8.1
1042	101	9	28.46
105	3440	3	16.97
121	195	6	19.71
112	360	8	36.42
106	1370	5	22.22
142	199	3	9.87
115	161	4	4.61
115	106	92	191.04
1720	14	3	4.68
109	448	8	29.2
908	12	6	14.63
493	14	7	6.04
101	1727	4	9.65
122	371	8	43.84
122	548	4	19.82
1803	12	3	7.31
327	132	3	11.85
1135	14	4	5.61
417	12	15	39.25
935	193	8	87.01
879	255	3	28.33
104	845	4	11.02
716	101	17	64.53
189	109	13	31.11
131	1130	16	186.21
1074	105	10	56
851	12	4	5.94
106	599	3	5.23
275	125	13	78.13
203	135	8	39.77
452	12	14	36.58
381	9	9	44.98
154	2370	3	28.02
12	233	24	51.24
925	105	3	7.38
701	12	7	14.99
101	702	10	24.54
5215	12	3	18.92
584	12	14	46.03
936	14	5	7.01
457	586	8	96.88
1757	101	8	34.03
2897	104	4	23.58
116	211	3	5.4
744	117	3	13.35
213	104	6	4.79
116	255	3	6.92
421	102	6	9.28
121	2377	3	22.57
108	429	7	22.8
122	295	5	20.19
404	224	3	21.71
103	609	3	4.17
101	1908	4	10.5
176	108	10	14.5
838	106	3	7
112	663	4	18.04
102	464	4	4.32
102	506	5	8.04
137	217	8	41.02
173	154	3	8.64
429	117	8	42.88
113	565	4	17.16
197	5690	3	43.19
1855	102	4	15.27
792	286	3	28.12
105	409	4	5.83
4895	2164	3	60.46
106	629	3	5.56
600	103	4	7.29
101	912	5	8.3
123	596	3	13.65
122	501	3	12.44
632	103	3	4.33
16	2	16	31.71
9	130	7	4.1
101	1786	4	10.5
1974	14	3	5.85
128	971	4	26.28
1700	12	3	6.73
4221	103	3	18.11
1736	338	5	63.9
127	238	3	8.5
102	281	6	5.12
121	652	5	28.73
180	186	3	12.53
767	102	3	4.22
3740	117	5	52.87
159	115	5	6.92
119	1362	3	17.78
108	554	8	32.96
526	1539	3	36.9
2128	14	3	5.85
170	4	3	20.65
122	301	3	9.25
4583	14	3	12.15
137	141	17	75.44
102	449	4	4.04
12	1258	3	4.96
146	659	3	18.46
8	245	5	13.62
123	135	13	34.87
370	12	15	34.79
101	837	4	4.16
3587	12	3	12.37
107	190	9	13.64
17	120	9	32.08
604	101	7	9.94
222	275	4	27.72
491	101	10	17.07
614	102	12	44.88
110	519	3	9.19
105	307	5	6.48
136	353	3	12.98
215	101	26	43.19
1424	104	5	21.93
112	1384	4	24.78
106	543	10	39.33
4763	106	3	19.62
540	14	8	9.97
101	5198	3	17.47
1142	106	4	14.55
2190	12	4	14.49
1910	12	3	7.31
573	14	7	7.85
1396	2	3	14.32
1288	12	5	14.07
101	3788	4	18.4
2868	3231	3	56
1776	302	4	48.79
128	209	6	22.95
101	1527	3	4.98
101	1595	5	13.6
138	293	7	40.1
111	262	3	5.95
138	225	3	9.94
111	144	7	7.89
191	111	7	18
1389	14	4	7.16
149	3479	3	31.68
6285	105	3	23.62
198	1437	3	29.22
1133	103	3	7.73
2437	914	5	82.43
109	1157	4	17.11
123	4337	3	28.85
4885	8	3	30.23
1794	14	3	5.22
799	14	13	39.92
178	107	19	44.58
646	848	3	34.24
1879	102	4	15.27
145	540	3	17.01
12	606	5	6.41
124	223	12	61.56
105	4206	3	19.16
101	503	7	7.92
238	477	3	23.54
1254	102	3	6.97
106	293	10	25.34
101	401	9	10.44
217	2079	3	32.41
106	225	19	58.32
129	127	16	44.12
106	3088	6	48.17
101	2855	3	9.49
171	225	4	20.48
135	351	5	26.72
890	102	5	13.35
105	1088	6	25.61
101	414	23	71.52
741	170	3	21.76
102	1894	4	15.27
371	14	14	21.02
2325	12	3	8.77
839	116	4	21.14
2129	12	4	13.3
403	14	11	13.76
108	2620	3	16.55
104	1373	6	29.05
109	351	4	7.21
237	102	23	64.33
101	4132	3	13.08
1354	102	7	30.67
1916	286	3	33.98
115	282	3	7.18
4580	102	4	28.38
1228	101	7	20.93
125	171	8	25.43
347	2	6	18.75
3761	177	3	34.01
128	161	3	4.35
311	9	5	16.86
1699	14	4	8.52
128	310	3	10.48
103	283	5	4.44
12	1852	6	24.73
1561	14	5	12.15
107	1899	3	13.16
533	616	3	30.69
103	1397	3	8.99
123	685	6	37.78
101	236	39	107.74
133	199	3	8.86
352	130	4	17.46
619	14	7	8.97
118	242	9	39.1
112	1603	3	17.15
118	159	7	15.01
104	561	10	38.32
3698	104	3	16.7
737	104	12	58.13
104	360	7	14.55
209	112	8	25.66
2090	102	4	16.3
375	104	4	4.91
105	712	4	9.75
684	102	4	6.81
1667	102	5	20.66
1751	111	8	68.14
12	505	5	5.02
2493	694	5	79.05
535	102	8	20.71
101	820	6	10.44
123	178	5	11.64
177	164	7	34.88
101	608	5	4.63
101	668	5	5.41
21	2	5	25.33
113	151	23	85.88
2308	105	3	13.23
2904	105	4	23.94
104	1764	3	11.42
589	101	14	39.68
6107	102	3	21.28
137	126	28	124.81
1355	115	3	16.95
103	787	3	5.46
570	102	4	5.7
2546	101	3	8.35
837	102	3	4.64
169	104	15	18.93
9	290	3	6.77
267	457	14	162.76
4402	102	3	16.84
9	113	11	4.54
2160	14	4	11.46
105	1268	6	27.41
300	245	3	20.89
1269	105	14	102.98
1492	12	4	10.65
105	458	8	23.44
110	220	3	3.94
105	406	20	93.48
552	103	6	14.76
4538	14	3	12.15
105	508	5	11.33
331	14	22	46.51
104	747	5	14.33
4126	14	3	12.15
101	2342	3	7.44
12	152	55	100.34
102	1380	4	12.85
435	102	11	30.49
309	114	6	22.85
2608	106	4	22.66
2420	9	3	21.14
635	103	3	4.33
391	101	13	23.03
110	167	14	39.64
148	656	4	27.49
218	547	3	23.66
116	1123	3	16.34
101	2160	3	7.44
1784	1631	9	176.43
101	5671	3	17.47
268	14	10	4.71
127	197	5	16.47
12	1547	3	6.21
765	161	5	41.37
182	125	38	259.77
101	1635	5	14.63
106	2099	3	12.84
12	1141	5	12.62
3050	125	3	25.45
514	106	3	4.5
103	761	3	5.25
103	717	3	4.85
108	386	4	7.88
3183	104	3	16.7
102	4773	3	16.84
1262	115	4	24.56
745	876	3	34.93
12	4099	4	25.23
110	420	10	50.79
3653	124	4	39.8
129	966	3	17.9
479	138	3	15.31
106	2292	5	29.67
6290	111	3	30.36
113	330	4	12.34
140	141	5	11.18
118	736	4	20.72
101	618	9	18.11
106	978	5	18.75
123	168	6	14.69
129	408	5	25.5
2154	12	4	14.49
120	219	9	38.54
568	14	8	10.78
106	574	13	60.88
101	286	9	5.36
118	228	6	20.11
101	1382	5	12.69
768	2082	3	41.24
2273	106	3	13.68
682	14	6	6.83
101	5788	3	17.47
4267	14	3	12.15
1156	8	5	30.66
201	12	18	22.74
106	3777	3	17.43
166	139	5	15.22
104	1503	7	38.4
104	1383	3	9.72
933	106	4	12.68
817	105	5	16
115	149	6	8.55
398	256	6	54.91
142	235	3	11.03
658	152	4	28.19
1897	101	3	6.03
393	120	5	22.84
954	102	4	9.7
121	180	15	67.43
868	117	6	37.83
289	101	23	51.27
462	202	3	22.05
2139	101	3	6.68
12	637	7	13.56
101	2774	3	8.35
835	14	5	5.81
2	567	4	13.73
148	252	3	12.68
105	962	3	7.68
2989	9	5	45.7
1011	12	3	4.01
2756	105	7	55.13
106	247	5	5.28
386	105	14	51.79
3101	102	3	13.14
1336	101	7	22.14
4236	104	3	18.9
148	107	33	82.9
174	438	6	46.4
416	1250	6	77.69
115	162	4	4.61
109	388	3	4.52
732	129	3	15.92
166	174	7	34.92
2596	14	3	7.48
1483	14	3	4.2
146	453	3	16.04
105	3611	4	26.53
102	655	8	23.83
1857	14	4	9.35
128	533	11	81.77
122	1059	4	25.76
1589	14	3	4.2
477	14	11	17.33
112	308	3	7.07
1735	14	3	4.68
103	106	84	5.63
131	691	4	23.93
105	1895	6	33.95
427	115	4	15.11
206	112	6	15.89
699	120	5	29.08
195	117	11	44.33
104	1212	3	8.84
3628	115	3	24.67
174	184	3	11.91
265	237	3	19.48
113	741	3	12.57
6049	104	3	23.35
337	1486	4	47.9
102	1784	3	9.47
168	927	3	23.24
2715	238	4	50.23
101	333	9	7.39
308	9	7	28.04
1706	14	4	8.52
719	114	3	12.43
144	967	12	124.6
2780	389	3	40.03
101	4487	3	13.08
341	108	7	19.09
106	930	3	7.79
139	952	5	39.14
925	104	6	22.85
123	316	3	9.77
255	774	3	27.47
107	216	8	13.62
105	2981	3	15.42
1211	2205	7	127.15
542	102	8	20.71
953	104	3	7.44
182	525	3	20.97
8	294	4	10.71
107	1588	3	11.94
101	3408	4	18.4
171	1671	3	27.49
105	1557	6	30.85
1405	103	3	8.99
1528	12	4	10.65
152	217	4	17.79
217	3044	5	67.79
585	137	4	24.47
105	1251	3	9.08
388	224	4	30.85
122	370	8	43.84
748	184	6	56.09
3656	102	4	23.43
2531	102	4	18.99
8	376	3	7.93
107	1228	4	16.49
102	211	7	3.87
595	107	3	6.13
471	102	11	32.12
101	957	6	12.69
2061	104	6	35.38
101	890	11	36.11
101	1093	5	9.86
134	152	5	12.42
12	115	76	38.04
12	181	23	26.45
107	395	4	7.21
168	250	16	134.66
921	14	5	7.01
228	116	5	14.31
105	364	22	100.62
105	439	11	38.45
108	1564	4	19.61
303	14	12	10.59
249	114	31	213.09
5110	9	3	30.65
128	760	3	16.09
1233	104	4	14.19
2633	101	4	14.07
122	300	5	20.34
121	975	5	33.41
2109	104	3	12.14
102	532	5	8.27
822	704	4	48.53
143	108	9	4.56
225	14	19	18.03
860	105	5	16.46
108	352	10	35.02
350	106	4	4.97
873	14	7	12.99
106	2270	3	13.68
1299	14	4	6.59
1587	103	3	9.49
396	8	3	8.26
17	220	4	22.21
562	9	4	16.84
1320	105	7	35.99
5309	12	3	18.92
349	283	3	22.54
149	250	3	13
753	102	7	21.07
2598	101	3	8.35
107	275	9	22.7
122	1321	4	27.54
101	1016	11	40.78
101	1092	4	6.19
103	1756	3	10.05
106	800	4	11.21
12	164	25	22.1
942	152	6	52.72
119	141	19	63.55
16	3880	3	33.17
1358	2	3	13.84
109	1080	5	23.21
152	141	3	5.62
108	251	4	4.85
141	192	4	14.37
990	14	4	4.44
159	116	8	17.93
504	101	7	7.92
1790	1772	9	180.36
101	1681	9	42.2
221	300	4	28.65
3044	115	3	23.09
196	120	6	19.43
184	102	114	675.35
2274	102	5	25.06
2059	101	6	23.82
132	156	77	633.78
301	498	3	25.68
146	460	4	23.94
1272	12	4	8.79
286	12	17	33.8
210	106	12	24.91
111	145	9	13.77
279	149	3	13.69
4892	12	3	18.92
2783	14	3	8.59
1655	14	4	8.52
118	408	9	50.48
2410	14	3	6.59
149	927	7	63.86
2242	183	3	31.22
334	103	5	5.77
192	128	46	362.32
101	402	9	10.44
329	127	3	10.62
12	2464	3	9.71
104	325	8	17.06
1086	102	6	21.14
148	369	4	22.33
2227	117	3	21.18
375	147	21	196.05
120	174	9	28.88
104	459	6	13.74
101	3024	5	23.82
104	509	8	24.85
1258	101	5	11.14
1101	103	3	7.38
118	206	11	47.52
106	544	7	22.19
123	701	4	21.99
238	224	3	17.97
12	1768	3	7.31
104	4045	3	18.9
1059	12	6	16.73
454	14	10	12.76
101	1528	6	18.97
1374	14	8	27.38
102	2378	3	10.99
131	612	4	22.77
104	1227	7	34.1
109	146	11	9.39
109	314	9	28.04
876	102	3	4.87
524	104	7	20.22
101	1511	5	13.6
170	146	4	12.22
101	1579	3	4.98
155	388	3	15.95
140	2048	3	25.28
389	14	21	51.42
1440	14	4	7.16
766	105	12	60.41
104	562	3	4.48
171	544	7	59.37
2713	105	3	14.22
1186	103	3	7.73
109	1439	3	12.31
101	2899	4	15.88
1199	12	6	18.44
120	139	10	21.77
1867	14	3	5.22
106	441	7	18.99
106	390	35	220.82
101	237	17	19.63
117	968	4	22.89
274	101	14	16.45
144	870	4	28.96
125	3730	3	27.03
121	1109	3	17.38
101	413	30	115.15
107	986	3	9.07
486	1513	3	36.4
1203	102	5	16.96
106	3139	3	15.87
1034	871	5	68.45
455	177	5	37.37
603	14	6	5.57
114	106	155	459.99
1717	14	4	8.52
229	414	3	22.15
104	1374	5	21.93
132	242	5	21.18
351	108	3	3.93
116	945	3	15.24
132	159	4	8.5
115	134	6	5.28
637	14	10	19.5
1684	14	3	4.68
111	101	92	25.35
1071	671	7	99.39
2228	111	5	40.06
783	104	3	6.13
1169	5860	3	55.6
152	126	16	64.76
180	129	5	13.8
3486	101	4	18.4
126	216	4	12.24
126	260	3	9.17
453	12	7	9.09
1060	14	8	21.72
127	151	6	13.24
1150	105	8	41.14
169	105	25	55.28
122	399	5	23.53
1204	3231	3	49.3
106	2052	3	12.84
1404	12	10	49.3
2929	14	3	8.59
522	121	3	12.56
102	1379	3	7.82
815	12	6	12.93
707	106	4	10.3
4371	103	3	18.11
101	864	8	19.31
101	924	5	8.3
104	662	9	35.69
129	709	5	31.57
173	110	5	6.06
1085	104	3	8.09
1806	102	3	9.47
819	102	12	53.95
218	104	26	89.34
1614	9	4	26.53
12	582	7	12.32
12	506	6	7.75
12	464	7	9.64
314	14	10	6.9
101	821	8	18.54
101	609	12	30.63
101	669	9	19.37
232	322	15	156.2
112	844	3	13.24
1926	14	4	9.35
101	1940	3	6.68
101	1889	3	6.03
4488	153	3	34.07
862	116	3	14.32
108	518	4	10.2
105	1599	3	10.48
105	1479	3	9.97
4759	169	4	53.58
126	395	3	11.84
116	232	3	6.06
101	6254	3	17.47
1592	111	3	16.98
1444	102	3	7.82
778	101	6	9.96
661	12	6	10.67
101	2910	4	15.88
101	2962	3	9.49
2487	12	3	9.71
105	826	13	71.3
2245	14	3	6.59
114	1322	3	16.57
3126	14	3	8.59
728	102	14	64.16
347	101	20	46.01
104	4071	3	18.9
103	269	6	6.56
267	723	10	119.2
101	1366	6	16.71
279	420	25	329.63
633	107	4	10.78
111	158	12	30.92
101	1321	4	7.66
116	2225	4	31.15
104	3816	4	31.14
1595	102	5	19.58
1523	117	7	57.79
102	726	4	7.34
119	2017	4	30.65
1175	14	5	9.1
115	268	4	11.37
2087	14	3	5.85
108	761	3	8.24
101	2654	5	20.96
171	187	3	11.74
997	14	8	20.63
2120	14	3	5.85
183	116	4	6.99
5132	2889	3	62.73
1361	104	3	9.26
657	102	4	6.57
103	1153	3	7.73
12	825	18	89.92
118	556	4	18.49
205	120	8	31.32
105	514	15	69.07
104	677	4	9.16
101	2144	3	6.68
171	795	3	22.33
1649	14	4	8.52
718	245	3	26.42
169	106	9	6.33
101	1771	3	6.03
548	14	8	10.37
106	1912	4	18.87
2387	14	3	6.59
676	105	3	5.54
217	128	72	705.19
108	150	19	36.08
246	225	6	45.54
207	101	18	17.57
109	863	3	9.06
180	339	5	34.67
152	228	4	18.34
1900	101	5	15.81
544	104	5	11.45
1538	104	5	22.91
323	101	9	6.97
106	5631	3	24.08
101	3223	3	10.96
12	1336	4	9.35
791	14	6	8.41
304	106	9	21.76
345	1208	3	32.43
168	1143	3	24.7
2009	103	3	11.39
109	2601	3	16.64
103	701	3	4.85
122	326	4	15.13
2541	14	4	12.85
2688	14	3	7.48
158	12	37	49.85
4046	12	4	25.23
101	806	7	14.28
101	754	7	13.13
5338	14	3	16.51
1158	103	3	7.73
101	603	6	6.96
105	320	17	62.86
105	144	18	16.12
101	2537	4	14.07
631	113	3	11.71
2136	101	3	6.68
4897	102	3	21.28
1335	112	3	16.12
101	651	17	61.02
515	104	23	130.67
232	101	34	82.54
396	14	7	3.88
998	12	3	4.01
1205	12	4	8.79
491	2	3	7.69
391	380	5	48.11
1482	14	4	7.16
143	166	4	11.38
253	201	5	35.04
4314	14	4	22.02
1195	103	3	7.73
449	328	5	47.82
350	105	4	4.51
1020	103	3	7.05
721	177	3	22.19
898	102	8	29.61
101	1923	3	6.03
3844	104	3	18.9
137	200	3	9.15
102	597	5	9.31
127	418	8	48.9
131	2965	3	26.53
9	189	7	18.22
101	1668	3	5.47
4748	101	4	23.29
729	104	4	9.72
102	138	44	64.73
107	1144	5	22.4
8	360	3	7.62
126	159	8	23.76
129	1899	3	22.2
1600	14	3	4.2
263	103	11	22.69
108	310	4	6.34
108	106	144	191.75
865	12	11	39.85
17	486	4	29.97
16	3881	3	33.17
249	172	7	46.98
123	452	6	32.24
106	615	4	9.25
1443	104	3	9.72
106	795	7	27.85
254	107	6	9.96
186	112	4	6.07
117	101	165	227.57
1220	101	4	7.12
12	165	32	40.96
1921	104	3	11.42
101	2806	4	15.88
119	709	4	20.53
107	889	5	19.38
12	672	10	28.15
101	517	14	35.02
2270	14	4	11.46
825	12	18	89.92
106	187	8	7.79
106	231	6	6.75
555	242	3	24.62
112	428	5	20
1483	9	4	25.69
486	16	9	71.17
210	105	6	5.07
102	775	3	4.42
3915	333	3	42.73
1785	12	3	7.31
108	744	3	8.02
450	107	3	4.62
104	1484	5	22.91
2544	102	3	11.96
1415	102	6	25.03
125	257	8	38.78
195	104	21	57.04
794	102	7	21.68
101	3722	3	10.96
109	211	5	5.82
109	329	6	14.41
547	12	11	28.59
256	116	3	6.92
111	508	3	9.97
836	106	5	16.71
1322	114	3	16.57
118	217	6	19.32
101	267	12	10.97
117	1006	3	15.65
106	439	4	6.76
125	1523	3	20.32
129	427	7	41.26
113	757	3	12.81
2	181	7	11.44
534	12	7	11.57
3105	14	3	8.59
101	1204	4	7.12
1356	105	3	9.51
12	3176	3	12.37
102	2447	7	49.66
4201	107	3	20.69
322	126	3	10.47
2634	101	3	8.35
115	167	9	23.15
125	590	3	14.05
818	117	19	180.04
223	158	13	93.54
440	112	3	9.14
369	101	9	8.78
101	4850	3	17.47
608	12	9	21.34
3560	8	4	35.32
106	306	5	7.07
198	2922	3	34.93
101	596	5	4.4
122	1755	3	20.32
101	520	12	26.05
105	2579	6	41.55
12	878	4	6.26
634	106	3	5.56
227	108	5	6.39
2385	14	4	11.46
1865	12	3	7.31
101	135	149	396.46
312	547	3	26.65
2	109	40	20.28
129	347	14	96.86
116	773	3	13.78
2350	14	4	11.46
5973	9	3	30.65
256	163	3	14.52
112	245	7	24.19
128	192	5	15.68
101	1544	6	18.97
1284	535	8	117.01
764	103	5	13.53
339	226	3	20.45
111	380	4	12.89
143	121	17	58.66
708	14	7	10.27
143	179	4	12.73
108	537	5	15.43
421	108	6	17.46
137	2949	5	55.17
131	224	16	98.77
1308	225	6	69.27
103	755	3	5.25
2702	104	3	13.96
1233	117	4	25.01
12	1139	4	8.28
131	5095	3	34.83
163	101	84	228.67
204	102	55	241.49
101	852	4	4.44
123	209	6	21.15
12	549	6	8.6
1290	107	4	17.1
281	146	15	115.39
193	101	29	43
203	452	3	21.81
239	459	3	23.24
113	222	12	51.1
2164	12	3	8.77
328	12	8	7.68
549	105	3	4.55
113	179	8	20.32
105	6380	3	23.62
108	1306	6	33.12
562	14	11	21.45
686	105	3	5.54
199	128	23	149.78
101	2162	3	7.44
103	3555	3	15.92
1126	12	3	4.61
119	206	3	5.74
104	847	5	16.04
429	105	6	13.44
2538	105	3	14.22
410	14	15	27.93
110	149	9	14.25
2656	105	3	14.22
189	103	15	24.68
3217	102	4	23.43
106	748	3	6.32
779	126	3	16.15
2495	1386	3	47.44
977	102	11	52.66
771	1250	3	37.69
101	1717	4	9.65
293	102	13	28.74
395	147	3	15.41
811	682	3	34.17
127	223	4	12.53
346	126	5	23.14
310	101	27	74.26
1765	14	4	9.35
2041	12	4	13.3
108	287	22	105.04
1370	1188	5	75.18
1060	9	3	14.97
1812	105	7	43.03
1831	14	6	20.1
9	12	179	287.26
101	1754	3	5.47
1873	110	4	25.98
866	101	9	24.1
912	102	7	24.53
264	102	12	22.59
312	640	3	27.65
1017	12	3	4.01
102	1515	3	8.31
12	137	79	144.13
107	495	6	17.85
105	2681	4	22.05
2714	105	5	31.08
1866	14	3	5.22
226	106	9	15.07
1192	12	5	12.62
107	159	20	40.06
1962	12	3	7.99
1728	14	4	8.52
101	729	7	12.6
3005	102	3	13.14
105	339	19	77.12
105	273	5	5.49
4607	102	4	28.38
378	104	4	4.91
109	621	3	7.29
304	183	4	25.69
1710	105	3	11.05
137	242	3	10.56
156	106	12	10.2
103	770	3	5.25
106	1738	3	11.48
122	333	3	9.78
103	718	13	61.06
444	12	14	36.58
1324	226	4	42.1
101	1391	4	8.25
101	1443	6	17.78
101	1495	5	13.6
106	1225	6	28.31
101	1563	4	8.91
292	250	9	83.47
1511	2158	3	46.96
274	186	5	33.68
106	575	3	5.07
101	178	46	82.33
1811	1412	3	44.78
123	608	7	44.91
135	285	6	31.45
2007	14	3	5.85
409	12	13	29.54
1115	105	3	8.33
154	187	3	10.08
101	2780	3	9.49
1906	14	4	9.35
561	12	6	8.91
219	132	11	60.95
1661	12	3	6.73
413	102	27	128.74
12	850	6	13.46
118	427	5	22.31
101	1137	4	6.64
111	113	29	49.29
3756	102	3	14.67
175	104	8	4.06
839	102	6	17.16
320	110	3	6.35
1934	14	3	5.85
390	1270	4	47.16
1277	14	7	20.05
101	1380	4	8.25
596	107	5	15.02
106	1160	4	14.55
366	117	6	26.04
1253	14	5	9.75
682	12	5	7.27
160	108	21	51.4
109	220	7	12.47
104	1251	4	14.19
416	277	13	145.93
895	114	3	13.98
302	14	9	4.48
229	285	4	28.44
759	117	4	20.52
106	512	15	71.31
133	152	36	230.63
101	284	10	7.14
118	186	4	7.8
1388	102	8	39.73
118	290	5	18.28
937	169	3	23.3
797	111	3	12.54
583	101	19	67.24
106	318	18	71.48
101	434	26	92.28
106	6400	3	24.08
2599	124	3	24.06
1494	102	5	19.58
101	2776	4	14.07
109	1188	3	10.99
835	12	4	5.63
129	153	4	6.44
1758	12	3	6.73
104	187	11	14.01
105	1100	7	32.48
154	377	4	23.42
2064	14	3	5.85
2641	9	3	21.14
219	192	3	15.64
1120	14	4	5.18
201	14	32	52.2
166	141	4	11.21
132	187	5	16.78
1550	335	3	33.73
2952	14	3	8.59
141	756	3	18.87
115	151	6	8.66
602	263	3	25.81
111	126	14	19.24
541	102	7	16.27
388	341	4	35.16
3285	102	3	14.67
2504	164	3	30.31
415	113	3	9.1
180	207	5	28.52
102	106	140	39.21
1321	12	3	5.33
102	161	31	56.31
5083	14	3	16.51
395	163	4	25.54
217	145	3	10.57
221	344	5	39.5
101	1713	5	14.63
203	297	3	19.11
107	423	3	4.29
1705	14	3	4.68
1153	16	3	22.28
107	557	7	24.97
139	679	3	17.61
509	14	9	12.18
106	828	3	7
1973	12	3	7.99
101	877	10	29.26
106	768	3	6.54
563	1198	3	35.5
110	248	3	4.93
173	184	3	11.81
243	102	15	30.66
101	2415	4	14.07
3243	694	3	45.48
107	305	6	12.1
1823	14	3	5.22
107	172	28	83.82
1453	14	4	7.16
101	792	10	27.2
101	740	8	16.5
112	661	5	24.91
1484	14	4	7.8
149	1546	3	24.93
287	123	3	9.09
404	190	3	20.09
116	2975	3	23.36
1775	377	3	35.89
131	276	4	15.85
109	804	5	19.88
3135	102	3	13.14
103	818	3	5.69
176	107	32	106.97
102	401	5	5.91
1674	104	6	31.76
679	104	8	29.61
12	1126	5	12.62
816	105	8	33.87
744	116	5	27.51
1092	103	3	7.38
105	1451	6	29.58
101	4657	3	13.08
113	235	16	80.52
467	14	7	5.54
1070	12	5	11.99
847	105	3	6.84
1149	12	3	4.61
1908	102	5	21.9
123	146	4	4.45
101	705	9	20.05
1290	102	3	7.38
102	1169	3	6.6
359	120	3	10
2838	3255	3	56
123	466	10	65.94
106	677	8	31.46
106	602	5	13.39
168	102	27	45.09
1153	102	7	28.26
495	120	3	12
107	472	12	52
921	12	6	14.63
374	177	6	44.24
109	1870	6	38.84
148	607	3	18.38
136	121	9	17.75
303	12	9	9.17
1116	161	3	23.97
355	125	25	204.32
949	12	14	66.86
662	105	3	5.54
159	106	11	8.65
336	12	7	5.55
557	105	7	21.61
108	297	7	17.42
122	372	8	43.84
101	1806	3	6.03
576	110	3	9.85
231	577	5	46.19
102	253	7	6.45
127	234	3	8.25
1792	104	4	17.92
125	593	4	21.1
362	127	3	11.22
132	129	8	15.26
109	595	4	11.41
513	106	4	7.97
1483	12	3	6.21
755	103	3	5.25
105	5664	3	23.62
102	717	3	3.85
3699	12	3	12.37
1185	14	7	17.79
128	531	3	13.86
111	141	19	52.63
101	1352	3	4.15
103	416	5	7.73
4566	105	3	19.16
107	903	3	8.48
118	529	3	11.78
1289	267	3	31.32
101	382	27	89.44
101	449	9	12.09
1218	14	5	9.75
114	131	22	55.72
148	313	4	21.08
105	1051	6	24.81
651	102	9	29.1
340	152	5	30.17
104	202	6	4.35
104	278	7	11.09
171	318	9	70.15
337	1279	4	46.43
1526	124	4	29.58
4053	110	3	25.03
114	532	3	10.72
696	314	3	28.1
2322	104	3	12.97
104	381	7	15.51
113	687	4	18.52
101	2995	3	9.49
233	380	5	41.48
3478	9	3	23.94
858	14	5	6.18
107	766	6	23.36
412	1127	7	92.42
907	192	3	25.35
202	177	5	27.41
3118	105	3	15.42
206	3102	3	35.26
893	14	5	6.58
477	12	5	4.45
256	105	30	133.49
437	213	3	21.95
128	132	23	88.35
123	2105	4	32.13
101	1471	8	29.82
141	1027	5	40.7
125	275	11	62.14
105	1897	3	11.68
109	343	6	14.97
1181	104	7	32.94
195	115	4	8.12
103	5073	3	22.56
178	108	19	49.34
2175	14	3	6.59
12	669	4	4.36
101	404	9	10.44
107	4238	3	20.69
1407	102	5	18.62
104	154	10	3.85
108	757	3	8.24
1222	115	15	157.11
131	919	3	18.02
398	112	6	25.18
469	101	16	41.13
101	4094	3	13.08
109	570	7	27.47
450	102	4	4.04
132	154	6	15.75
109	468	8	29.99
104	1479	3	9.72
286	14	16	19.56
1272	14	4	6.07
569	103	4	7.07
938	14	6	10.44
1170	14	5	9.1
454	12	6	6.32
128	210	9	42.02
290	104	7	11.75
108	860	8	40.9
3485	101	5	29.11
109	316	12	44.81
12	2343	3	8.77
217	3605	3	37.13
129	365	5	24.11
161	239	3	13.76
104	507	5	10.94
113	744	4	19.13
1809	12	3	7.31
167	135	5	14.71
101	328	22	52.73
106	377	14	53.24
101	254	31	79.24
101	2437	4	14.07
113	161	6	9.97
1608	14	4	7.8
3466	14	3	10.05
4856	12	3	18.92
130	128	7	9.99
101	834	4	4.16
106	935	4	12.68
12	488	10	21.21
182	514	3	20.8
782	104	5	15.14
156	195	3	11.48
126	2711	3	24.56
138	935	3	19.62
392	104	23	112.5
121	973	3	16.67
12	1122	5	11.99
125	4542	3	29.26
278	107	6	10.89
2875	14	3	8.59
108	350	8	24.15
1577	14	3	4.2
945	9	4	21.49
152	139	8	27.83
1229	12	3	4.96
538	125	12	90.36
109	2192	3	15.64
101	1679	6	20.34
877	102	3	4.87
102	6338	3	21.28
8	349	7	28.5
226	138	3	9.94
324	117	16	99.07
3145	102	5	30.12
385	2642	4	54.82
119	139	5	4.57
1126	9	6	40.27
198	812	3	25.46
956	145	3	20.85
110	194	8	21.71
136	166	4	10.14
105	562	3	4.7
736	105	21	140.21
189	118	7	21.33
107	544	3	5.66
107	478	3	4.98
107	375	4	6.81
101	922	4	5.06
123	432	3	11.62
294	660	3	27.41
532	152	5	35.33
109	1620	5	28.5
101	2209	4	12.65
2170	102	6	33.69
3231	102	5	35.47
113	579	3	11.14
161	970	3	23.24
5513	102	3	21.28
453	14	7	5.07
1373	14	4	7.16
196	137	5	19.87
127	149	5	9.37
848	14	5	6.18
16	155	13	62.68
768	1450	3	38.66
102	486	4	4.63
4893	12	3	18.92
127	504	3	13.4
12	1220	5	13.31
101	2090	3	6.68
165	101	37	42.49
1663	110	5	34.13
959	107	4	14.45
109	671	3	7.68
110	431	3	8.08
108	1335	4	18.19
105	207	65	369.58
16	4046	4	50.24
113	150	30	128.2
368	113	4	13.27
109	1875	6	38.84
107	292	10	28.59
8	1485	3	16.85
101	743	10	25.38
204	134	11	61.79
405	125	15	109.69
123	297	9	47.69
104	560	7	21.46
409	9	5	19.74
104	410	4	5.55
101	2973	3	9.49
1199	14	6	14.03
120	141	11	27.64
2315	114	3	20.47
167	178	6	28.48
124	386	4	17.1
215	216	3	16.8
123	1904	3	21.18
652	101	13	37.6
494	1364	4	49.89
633	102	7	18.41
102	942	7	24.53
109	168	8	7.81
1440	12	3	5.75
444	9	17	116.53
389	12	9	13.21
195	151	5	23.13
1766	9	3	18.52
1990	14	3	5.85
1956	3210	3	52.86
224	14	27	41.64
206	576	4	33.8
115	197	6	16.73
128	565	4	21.55
770	101	7	13.13
103	532	4	6.47
103	383	4	4.25
175	115	4	5.47
783	102	3	4.42
106	341	13	43.85
1028	104	4	12.65
1469	102	6	25.03
144	737	3	18.8
1871	102	3	9.47
1490	101	3	4.98
561	9	7	37.75
3078	114	6	62.01
5308	12	3	18.92
101	2643	3	8.35
615	103	3	4.17
12	2435	3	9.71
3166	14	3	10.05
154	346	4	22.53
102	220	12	16.71
689	12	13	45.84
338	14	9	5.74
104	3168	4	26.18
106	2065	7	46.74
156	366	5	31.85
106	2117	4	19.93
548	12	11	28.59
1247	105	5	20.67
122	506	3	12.6
151	1099	6	54.98
2545	102	4	18.99
207	169	3	13.01
152	113	13	34.49
185	415	4	28.81
373	286	3	23.18
126	257	3	9.1
105	395	5	8.81
1747	102	3	8.86
828	102	4	8.23
162	104	11	7.95
2611	112	4	31.19
104	600	3	4.64
109	1685	3	13.41
2574	102	3	11.96
113	518	4	16.24
2153	14	5	17.33
1296	14	6	14.96
102	1496	3	8.31
12	317	16	34.14
931	14	4	4.11
106	632	4	9.5
158	14	53	70.56
12	399	11	20.94
107	291	14	49.55
809	137	3	18.61
106	1040	6	25.69
313	104	21	85.11
110	536	3	9.51
420	107	3	4.29
248	600	3	25.43
577	102	4	5.7
101	4522	4	23.29
693	102	4	7.07
342	104	5	6.9
563	101	8	12.83
470	111	3	9.38
672	101	6	8.3
135	2093	3	24.77
12	1278	3	5.33
102	430	7	12.98
791	12	4	5.35
1113	14	4	5.18
103	639	3	4.33
111	918	3	13.67
101	1878	5	15.81
122	151	4	5.08
103	775	5	13.93
166	408	3	17.65
109	236	8	17.43
1741	14	8	31.55
1953	12	6	26.65
125	159	11	38.14
1730	105	11	86.64
366	104	15	54.01
106	379	6	12.65
106	528	34	257.93
8	1933	3	18.85
188	121	10	40.18
1695	105	4	17.35
763	14	7	11.26
129	139	6	10.39
997	12	3	4.01
2641	14	3	7.48
3979	12	3	14.51
114	249	39	291.54
138	1468	3	22.45
101	351	16	30.09
126	3382	3	27.38
233	101	18	21.83
191	144	4	14.59
770	110	4	17.68
111	160	16	52.01
106	1468	3	10.4
101	1260	6	15.75
899	102	3	5.11
266	101	10	6.43
320	112	5	16.84
121	107	27	22.81
592	226	5	45.89
307	121	3	9.3
520	2	5	18.26
166	206	3	12.78
3346	1630	4	73
108	715	5	18.06
433	114	29	242.09
362	14	10	8.83
252	128	54	522.22
579	177	5	39.94
108	759	4	13.25
146	471	4	24.14
121	252	3	8.14
431	14	12	18.22
230	123	4	12.07
122	997	3	17.05
305	106	6	10.3
101	1157	6	14.89
108	818	5	19.74
1250	101	8	26.64
5861	102	3	21.28
12	3163	5	31.54
115	223	4	9.21
109	503	5	14.76
106	3748	3	17.43
1899	101	4	10.5
154	459	3	17.1
104	144	13	5.67
242	117	4	10.6
113	858	8	53.76
129	174	3	5.08
8	1766	3	18.1
4414	14	3	12.15
205	137	6	26.73
107	1098	7	35.99
685	108	3	7.6
1752	14	3	4.68
106	185	39	151.56
106	229	19	60.31
139	324	3	12.81
102	1802	3	9.47
12	1010	4	7.38
308	12	9	9.59
106	539	7	22.19
202	236	3	17.15
101	315	16	27.52
174	171	6	28.82
3067	111	3	22.08
174	101	46	79.83
161	102	20	21.81
1748	104	4	17.01
2097	117	3	20.32
427	104	4	5.69
141	1095	3	21.34
130	2051	3	23.14
663	280	3	27.06
1253	127	3	19.22
137	630	3	16.95
3511	14	3	10.05
2386	14	3	6.59
112	123	11	9.67
101	1487	6	18.97
197	134	9	45.85
2259	106	3	13.68
170	106	9	6.57
103	121	30	13.43
688	14	7	9.81
489	116	8	45.18
104	1791	3	11.42
143	168	3	7.09
1195	105	12	76.68
200	114	3	4.56
649	161	5	39.74
108	566	7	27.28
1877	115	5	38.5
122	239	3	7.6
679	117	3	12.9
278	104	5	5.27
102	519	4	4.96
146	827	4	29.03
1969	302	4	49.88
102	445	4	4.04
101	653	14	43.04
106	872	8	35.9
245	300	5	40.16
1711	102	6	27.7
245	104	5	4.35
107	129	88	288.14
396	12	9	13.52
998	14	6	11.7
147	135	4	7.61
113	251	9	37.08
172	114	58	377.21
1205	14	4	6.07
1428	103	3	8.99
865	14	5	6.18
113	352	4	12.85
136	108	32	69.34
2211	14	4	11.46
189	119	8	26.66
660	12	12	38.85
249	14	16	15.84
277	190	10	83.85
1582	103	3	9.49
122	1123	3	17.81
101	908	12	43.86
261	732	3	27.04
193	545	5	42.41
928	126	3	17.3
125	2305	3	23.2
127	167	8	25.56
8	409	3	8.49
484	12	10	20.71
408	106	4	6.18
180	125	32	202.45
1216	108	4	17.57
2244	14	3	6.59
627	12	5	6.68
141	132	6	13.18
105	1114	6	25.61
123	211	6	21.37
101	698	7	12.09
936	110	3	12.85
1398	102	5	18.62
107	257	8	17.47
12	370	13	26.44
103	3222	3	15.92
2164	14	3	6.59
222	153	13	90.38
3896	12	3	14.51
328	14	10	7.34
5157	12	3	18.92
562	12	9	20.19
105	125	179	736.75
1278	14	6	14.96
296	14	18	27.58
3027	105	5	34.01
109	702	5	18.19
1521	12	6	21.73
945	14	5	7.47
300	455	4	35.86
108	366	12	47.51
101	1971	3	6.68
101	1920	3	6.03
542	107	3	5.66
447	102	8	17.49
108	2725	3	16.55
392	117	3	9.61
122	367	3	10.39
182	129	3	5.84
137	405	3	14.1
6169	112	3	30.53
1380	103	4	14.46
116	399	3	9.66
126	291	3	9.86
336	157	3	15.52
990	114	3	14.6
1144	105	3	8.69
1126	14	6	13.18
208	14	14	6.15
153	114	17	54.44
1044	116	6	40.52
410	12	13	29.54
136	182	5	17.13
588	106	10	41.35
1079	14	4	5.18
110	151	11	21.32
435	133	4	21.49
101	954	11	39.09
104	2574	3	13.96
106	610	10	42.08
12	120	119	181.59
584	360	3	27.87
118	1104	4	24.41
140	365	11	80
2084	101	3	6.68
259	334	58	923.6
129	171	4	8.42
717	575	4	45.41
1463	104	3	9.72
177	4414	3	36.24
12	625	5	6.68
187	460	6	49.94
1231	106	3	9.51
124	106	20	7.38
124	161	6	14.53
101	448	8	9.18
202	368	4	29.54
101	598	9	16.96
1613	14	5	13.16
192	145	6	26.73
139	128	5	7.1
101	522	19	61.41
157	123	4	6
2200	12	5	21.21
121	199	14	70.64
376	2	3	6.14
513	105	8	25.51
111	201	11	40.55
882	12	6	14.03
122	945	3	16.7
164	145	3	6.96
658	105	4	9.21
191	123	6	19.12
101	1357	8	28.13
398	169	4	25.98
2489	2190	3	50.9
235	771	3	26.22
126	735	3	15.66
273	107	5	7.44
104	1615	3	10.79
125	200	4	11.21
105	1900	5	25.71
101	3853	4	23.29
101	5876	3	17.47
109	282	7	16.66
1832	14	7	26.71
394	105	7	16.59
12	1650	5	16.9
1059	9	3	14.97
4366	14	3	12.15
101	1462	3	4.54
145	12	22	5.47
118	139	24	86.14
1865	14	4	9.35
380	141	7	45.82
3581	14	3	10.05
1459	14	8	27.38
784	110	4	18.02
104	523	10	36.39
829	120	4	22.72
106	577	3	5.07
104	2783	4	23.58
118	174	15	59.64
107	612	4	10.53
500	675	3	31
161	194	8	47.9
409	14	20	49.57
148	398	4	23.12
2668	14	4	12.85
209	12	11	6.75
1127	12	3	4.61
1795	14	7	26.71
812	14	9	20.6
1570	125	3	20.32
1099	103	3	7.38
104	1132	5	19.5
444	14	8	7.33
361	256	4	32.15
1766	14	5	14.32
108	1044	5	22.43
123	2023	3	21.93
524	115	4	17.07
596	104	4	8.18
103	146	26	33.05
121	369	3	10.35
3032	101	3	9.49
106	1421	3	10.4
101	1139	4	6.64
448	104	5	9.58
1141	101	9	31.26
164	101	46	69.09
103	516	6	13.79
121	234	8	34.5
112	397	5	19.15
102	755	4	7.62
146	477	6	41.67
210	138	3	9.62
2439	14	3	7.48
1934	12	3	7.99
732	125	7	48.65
1406	163	3	25.81
101	4009	4	23.29
105	1872	3	11.68
350	894	3	30.22
561	14	11	21.45
340	103	12	32.88
104	123	37	34.18
1245	12	4	8.79
937	111	5	28.3
113	2315	5	40.96
139	228	5	21.99
167	354	10	80.92
124	209	3	6.95
105	4344	4	31.5
12	3084	5	26.22
624	101	5	4.88
105	525	17	84.88
391	160	4	25.38
613	102	4	6.11
374	133	5	27.25
218	367	3	20.81
171	610	5	40
104	628	9	34.29
1017	14	5	7.97
1776	1807	4	65.51
123	357	4	16.04
144	303	4	19.82
128	1648	6	53.5
101	1057	10	34.4
214	114	76	668.24
101	938	6	12.07
138	763	6	45.48
101	1820	6	21.92
9	14	261	426.37
123	1325	3	18.88
935	115	7	47.49
108	131	55	151.21
126	129	6	6.57
108	383	8	26.2
272	164	16	136.54
141	490	3	16.13
580	314	7	75.87
109	619	3	7.29
144	5990	3	37.31
116	300	4	12.66
1223	104	3	8.84
253	158	3	13.92
116	167	10	28.48
883	14	12	38.57
356	106	4	5.19
102	501	6	11.29
250	105	8	13.65
8	130	17	30.27
112	722	3	12.22
771	277	6	64.76
144	1181	4	31.81
231	14	29	52.09
182	364	3	18.37
3139	14	4	14.64
107	157	31	85.81
1962	14	4	10.31
628	103	3	4.33
144	421	6	39.2
101	683	6	8.3
5091	12	3	18.92
1572	111	4	25.31
1862	102	9	57.42
217	6011	3	43.86
135	687	5	34.19
141	1304	3	22.63
218	312	3	19.87
17	197	3	14.12
927	105	12	67.92
1132	108	3	10.91
1634	12	3	6.73
371	921	5	57.69
442	102	5	6.59
107	186	7	7.18
106	963	5	18.75
461	101	7	6.83
1836	117	3	19.57
177	104	8	4.22
137	113	50	230.68
411	102	24	106.57
109	4637	3	21.62
570	107	4	10.06
231	126	3	8.14
1797	102	5	21.9
2666	102	6	36.89
211	104	6	4.72
342	105	6	10.54
1549	12	3	6.21
102	2737	4	18.99
109	821	4	14.04
1251	14	7	18.86
3049	2252	3	52.14
102	5166	3	21.28
2005	14	3	5.85
101	3417	3	10.96
126	153	4	6.15
103	2240	3	12.21
107	1198	10	62.92
559	102	20	96.7
104	3167	3	16.7
106	2064	4	19.93
221	255	4	27.19
122	505	7	41.74
239	113	4	9.55
1352	113	3	16.48
12	214	30	70.21
12	266	30	91.36
168	330	10	79.76
106	785	4	11.21
324	269	3	21.89
106	633	13	63.97
162	105	24	48.4
1366	12	3	5.33
104	599	4	8.18
101	2347	3	7.44
101	2279	3	7.44
1162	14	11	41.34
106	277	7	12.47
106	335	4	4.76
1585	170	7	77.89
657	105	11	48.85
101	499	14	34.2
211	1831	3	31.53
106	201	12	23.54
527	14	7	6.89
205	121	7	26.14
644	14	7	9.38
150	106	15	15.27
101	4780	4	23.29
104	101	789	1373.52
384	104	14	50.6
148	195	13	83.61
3338	102	4	23.43
229	351	3	20.97
101	3991	3	13.08
127	2621	3	24.62
212	286	3	18.98
108	654	4	12.07
115	138	15	36.5
191	145	7	33.34
164	123	5	10.28
622	105	15	77.17
1673	116	3	18.84
1968	12	4	13.3
826	175	4	32.99
111	159	5	5.64
389	2800	3	40.03
101	1575	4	8.91
103	137	20	11.9
106	1145	3	9.11
104	4070	3	18.9
101	1439	3	4.54
109	237	7	13.73
914	102	5	13.86
160	180	5	22.15
607	104	21	125.01
113	823	4	20.17
120	127	24	73.31
1329	3003	4	68.04
759	105	3	6.14
1431	14	4	7.16
122	1934	3	21.74
105	2546	5	31.08
121	1323	3	18.65
12	1026	3	4.01
174	172	6	29.08
312	417	3	24.78
101	3064	3	9.49
188	137	7	30.38
3543	114	4	36.34
445	14	8	7.33
821	1554	3	39.74
145	293	3	12.94
101	146	49	48.94
167	133	3	5.98
101	212	101	549.46
1519	104	3	10.23
593	104	7	21.91
871	286	3	28.68
101	314	13	17.15
106	438	6	14.5
181	160	3	10.51
101	1488	4	8.91
269	112	3	6.23
138	540	3	16.12
131	812	3	17.14
1802	14	4	9.35
234	121	5	16.95
125	324	3	10.15
101	3783	3	10.96
1110	103	4	12.14
2525	14	3	7.48
586	108	3	6.86
343	103	5	6.03
307	137	8	48.76
166	159	3	8.83
109	2811	4	27.21
103	431	5	8.09
191	101	26	33.29
111	207	7	20.3
357	115	3	8.55
178	102	29	58.15
102	1973	3	10.18
157	101	42	48.52
139	156	35	235.24
2039	102	6	31.29
106	184	7	5.39
157	246	9	61.25
578	105	3	4.7
101	2807	3	9.49
490	256	3	24.42
171	335	3	16.68
104	145	22	25.03
101	1080	8	24.08
2464	8	3	20.72
254	108	10	28.29
118	1022	3	16.05
134	268	7	38.25
102	1612	3	8.86
381	12	14	31.6
981	14	5	7.47
147	595	5	35.42
153	110	25	87.32
401	198	3	20.87
119	129	14	27.33
228	104	20	60.23
532	102	6	11.88
106	3285	3	17.43
185	581	3	22
152	129	6	13.69
263	104	5	4.88
811	4628	4	71.17
159	120	8	20.77
1035	105	3	7.99
2732	12	3	9.71
5068	643	3	51.75
221	312	8	69.95
101	1745	6	20.34
748	247	3	26.73
346	12	9	10.98
107	1147	6	29.47
8	560	3	10.51
1508	1003	3	41.33
122	312	3	9.51
182	406	3	19.2
8	2	20	9.94
105	5854	3	23.62
127	352	3	11.01
131	2908	3	26.53
1482	101	4	8.25
225	158	13	93.81
363	101	8	6.22
508	107	3	5.37
105	1436	6	29.58
350	102	10	20.43
1461	102	3	7.82
3561	101	3	10.96
218	255	4	27.03
113	250	4	10.23
130	7	6	11.68
177	215	3	13.77
3111	14	3	8.59
1998	14	3	5.85
126	186	4	10.07
443	101	8	8.89
108	181	6	5.17
336	110	3	6.53
105	1195	6	26.47
12	3807	4	25.23
101	1716	4	9.65
109	2229	4	23.81
293	105	14	42.84
122	1201	4	26.9
106	815	6	22.39
1053	157	7	67.52
124	745	5	30.7
690	12	7	14.99
345	14	13	15.78
178	623	6	51.74
302	915	10	128.87
312	879	3	29.71
101	2496	3	8.35
108	1244	5	24.52
131	1449	4	30.45
108	1303	3	11.75
172	110	51	290.5
199	129	3	7.34
4010	14	3	12.15
370	9	5	18.55
12	548	8	15.63
1290	108	4	18.19
107	153	27	62.5
656	121	3	14.03
1112	14	7	16.82
12	371	12	22.57
182	529	3	20.97
321	2	13	59.43
101	1919	5	15.81
1061	14	5	8.51
112	674	4	18.04
411	137	3	14.22
827	12	5	9.02
679	106	5	14.7
112	750	3	12.46
143	120	17	57.29
1426	111	3	16.44
421	107	3	4.29
3874	102	3	16.84
112	101	282	570.33
12	1821	3	7.31
102	906	9	35.88
106	1120	4	14.03
2098	101	3	6.68
101	1545	3	4.98
101	1613	9	42.2
101	1461	3	4.54
236	620	4	35.99
206	123	4	10.98
517	14	12	22.73
101	3906	3	13.08
122	2414	3	23.62
166	481	3	18.77
612	105	4	8.72
1598	14	3	4.2
12	2222	5	21.21
496	105	27	165.13
276	12	10	10.25
105	2408	3	13.23
227	107	8	14.57
2088	102	3	10.18
101	345	44	193.85
106	494	8	25.78
12	684	6	10.67
1243	112	3	15.67
106	309	6	10.46
917	101	10	31.63
101	597	7	9.94
1325	102	3	7.38
4320	14	3	12.15
114	137	7	7.32
120	361	3	10
105	1053	6	24.81
129	172	18	90.54
1176	12	3	4.61
242	106	11	24.82
1828	105	5	25.71
102	2500	3	11.96
109	451	3	5.37
983	103	4	11.23
2046	183	3	30.35
132	139	5	8.64
1815	14	5	14.32
230	101	48	154.58
164	144	4	11.28
103	418	4	4.88
122	995	3	17.05
106	3713	3	17.43
1298	102	3	7.38
166	127	7	20.55
1025	407	4	45.83
115	146	19	61.65
108	841	5	19.74
142	180	4	12.79
108	637	3	7.22
401	3225	3	41.87
101	1309	3	4.15
103	398	4	4.49
101	1138	9	31.26
305	134	4	18.47
2682	14	3	7.48
1257	106	3	9.51
121	287	4	14.02
230	145	5	23.59
1062	12	6	16.73
459	14	9	10.25
1146	139	3	21.18
133	515	16	142.4
101	432	16	37.85
205	166	4	19.3
426	14	11	14.56
105	4291	3	19.16
109	1246	3	11.4
171	309	7	50.28
1264	102	12	70.32
687	104	10	42.11
102	3299	3	14.67
109	1382	3	12.31
2	327	11	46.74
531	120	3	12.48
1115	102	7	27.21
3664	104	3	16.7
451	2	4	11.68
3912	14	3	12.15
101	297	19	36.12
400	177	3	18.39
582	141	5	33.96
957	12	5	10.86
546	14	6	4.78
1536	14	3	4.2
267	643	5	49.92
101	1446	3	4.54
103	213	10	13.64
170	134	4	10.44
311	12	14	25.85
112	145	6	5.77
575	14	9	14.04
486	474	12	153.9
216	159	3	12.44
989	112	3	14.16
125	184	5	14.03
105	1916	3	11.68
250	104	7	9.89
122	280	5	19.48
2334	14	3	6.59
116	301	3	7.88
1446	12	4	9.97
1003	14	5	7.97
105	340	4	4.41
2085	14	3	5.85
107	307	7	16.07
105	3138	3	15.42
101	682	16	56.28
117	443	4	15.89
897	104	4	11.39
12	343	7	5.88
353	101	13	19.41
12	136	164	550.94
134	104	14	4.48
106	658	12	57.65
106	762	3	6.54
355	128	7	37.94
189	148	5	21.19
173	125	6	16.17
3447	12	5	31.54
108	197	6	7.7
2216	14	3	6.59
2886	12	4	17.77
246	14	32	73.12
207	175	4	20.22
102	167	24	34.64
107	1118	7	35.99
12	1611	3	6.73
169	115	8	19.25
8	381	7	30.34
101	1699	3	5.47
221	280	4	27.94
123	1326	4	27.79
104	3170	3	16.7
2675	101	3	8.35
2548	102	4	18.99
384	117	6	26.96
114	284	3	6.84
183	104	7	4.03
1513	12	3	6.21
106	261	22	85.98
85	301	3	22.19
112	1224	5	31.93
3869	12	3	14.51
105	2231	8	63
103	464	4	5.61
498	9	8	43.02
1878	105	3	11.68
145	1164	3	21.97
3066	105	5	34.01
3904	12	4	25.23
199	1825	4	44.32
105	1658	4	17.35
101	3692	3	10.96
1540	102	5	19.58
109	178	23	68.81
108	895	3	9.26
316	104	4	3.86
108	1106	4	16.47
1123	105	3	8.69
106	1229	3	9.51
876	177	5	44.4
101	1499	3	4.98
106	1161	3	9.11
1804	12	8	40.63
647	145	3	18.18
3377	105	5	39.37
1773	12	4	12.29
106	2701	3	14.67
312	584	3	27.03
587	102	12	43.98
107	246	4	3.96
309	482	3	25.54
107	101	203	43.32
107	171	22	54.66
991	102	6	19.63
106	1083	3	8.75
101	621	13	36.55
874	12	4	5.94
106	2367	3	13.68
1034	8	6	37.72
126	1148	4	27.56
492	14	18	48.04
4189	170	3	35.8
909	12	9	30.2
101	3178	4	18.4
116	161	6	11.2
1594	105	6	30.85
116	106	32	16.91
1719	14	3	4.68
143	134	3	3.86
356	104	6	10.63
112	660	3	11.77
988	111	5	28.88
102	162	38	83.34
101	1638	6	20.34
122	388	4	16.54
243	1261	3	29.95
627	130	3	15.23
739	105	10	44.74
1467	14	5	11.26
1201	12	3	4.96
136	137	10	31.15
1966	106	3	12.84
3957	12	3	14.51
162	183	3	10.9
995	12	4	7.38
105	378	4	5.18
3178	389	3	41.62
1	2	11	57.51
2761	14	5	19.41
104	690	6	18.97
2225	101	4	12.65
522	104	3	3.93
5565	101	3	17.47
101	2174	4	12.65
110	146	8	9.63
1292	586	8	118.65
136	180	5	16.64
940	102	9	36.97
106	676	5	14.7
107	513	3	5.37
4420	14	3	12.15
12	235	9	4.96
146	1655	3	24.79
122	550	4	19.82
187	1741	4	41.75
196	166	5	25.75
4123	101	3	13.08
317	165	4	23.73
606	115	15	114.33
1312	117	3	17.28
152	320	3	14.69
103	2133	4	17.95
105	1196	6	26.47
970	102	18	119.98
108	298	23	114.59
12	3794	3	12.37
563	129	3	14.46
122	179	16	73.44
106	1777	4	18.87
666	14	10	20.93
623	116	19	161.5
1543	14	3	4.2
137	219	4	15.16
2812	14	3	8.59
1514	14	5	12.15
101	4486	3	13.08
328	111	4	11.68
108	1310	3	11.75
650	147	3	18.62
2261	101	4	12.65
341	107	7	17.33
110	568	3	9.85
12	993	4	7.38
1556	101	5	13.6
145	158	12	57.36
227	104	7	7.92
118	129	41	161.7
133	313	36	350.14
4219	102	4	28.38
1575	102	7	33.66
521	102	30	177.51
593	117	4	18.46
1235	14	5	9.75
1767	9	3	18.52
154	340	3	15.05
996	14	5	7.97
2107	14	3	5.85
109	1544	6	35.72
1046	1001	3	38.61
1200	14	6	14.03
104	1215	4	14.19
109	135	44	122.26
1025	14	6	11.7
256	104	5	4.7
1246	115	3	16.49
146	336	5	28.57
112	307	3	6.98
101	1608	3	4.98
177	1982	5	55.59
123	1925	3	21.18
101	1548	3	4.98
1610	102	4	13.57
376	101	12	18.17
755	102	3	4.22
357	102	7	10.33
316	467	3	25.59
105	1709	3	11.05
142	132	25	123.85
105	1813	4	18.27
267	2215	8	122.84
109	520	9	37.99
732	128	3	15.85
908	14	8	18.7
105	948	3	7.68
746	106	4	10.59
148	108	67	283.46
101	2688	3	8.35
135	596	3	16.42
104	337	6	10.1
124	167	4	7.16
167	468	3	18.65
441	117	3	10.23
192	205	3	15.25
290	105	14	42.84
3189	116	4	37.21
923	14	4	4.11
1491	12	4	10.65
105	2094	6	35.91
160	132	4	8.93
166	496	3	18.92
109	267	5	8.58
611	407	6	67.15
394	286	5	44.87
292	330	6	53.83
146	154	3	6.12
849	101	4	4.44
2566	102	4	18.99
964	110	5	27.5
106	1314	5	22.22
101	1529	3	4.98
101	1597	4	8.91
2949	104	4	23.58
102	1652	3	8.86
101	211	15	11.1
423	101	14	28.57
2643	102	7	49.66
101	329	20	43.88
148	433	4	23.82
319	105	4	4.12
955	14	4	4.44
217	3606	3	37.13
1672	247	4	46.05
551	103	5	10.57
330	14	9	5.35
102	3256	5	35.47
104	322	16	55.69
419	103	6	11.39
799	12	6	12.42
1794	12	3	7.31
145	542	3	17.01
8	1776	3	18.1
107	1104	5	21.71
441	107	6	16.44
1668	102	3	8.86
101	463	11	19.72
157	307	4	22.38
101	403	8	7.8
106	227	5	4.1
118	1269	3	17.23
639	112	4	17.47
513	117	4	17.28
1749	276	4	47
101	1171	9	31.26
1076	14	5	8.51
105	1688	7	40.86
2	1136	3	12.98
3380	14	4	17.15
2203	1066	3	44.62
201	274	3	18.35
101	1732	4	9.65
103	1048	3	7.05
101	1680	4	9.65
523	105	4	7.64
127	106	74	186.83
196	121	12	56.28
240	12	74	391.59
121	718	4	21.69
263	107	4	4.32
126	171	4	8.11
101	3463	4	18.4
159	117	15	51.47
6296	104	3	23.35
264	133	10	61.54
101	2181	4	12.65
110	138	13	21.53
3284	102	4	23.43
1358	111	5	32.47
108	1576	10	75.97
1331	137	3	21.83
1591	14	3	4.2
168	222	4	20.07
495	105	4	7.08
1489	14	3	4.2
370	14	20	44.22
101	835	6	10.44
107	272	8	18.42
140	247	3	11.32
145	614	5	35.02
2355	12	5	21.21
740	14	6	7.57
258	101	9	4.33
103	3281	3	15.92
101	2556	3	8.35
708	113	3	12.34
3099	102	4	20.86
1704	104	4	17.01
1648	115	3	18.57
404	14	8	6.06
101	2038	4	11.48
122	299	11	62.66
1363	116	3	17.21
137	139	15	60.07
1822	14	3	5.22
121	1078	3	17.38
833	14	6	8.87
2681	14	4	12.85
105	1482	7	37.42
5331	14	3	16.51
470	14	9	10.61
104	1766	5	25.27
109	603	5	16.46
8	218	47	334.39
356	120	3	9.9
715	104	8	30.25
1355	117	3	17.28
106	1719	3	11.48
122	146	5	7.02
1891	101	3	6.03
105	3070	5	34.01
107	124	15	3.99
628	115	7	40.9
259	2198	4	49.78
101	742	8	16.5
349	233	4	30.38
1043	603	3	34.92
110	373	3	7.19
108	1233	6	32.07
1122	12	3	4.3
114	862	5	28.28
17	137	4	12.39
113	149	12	29.65
446	2	3	7.15
1671	14	4	8.52
680	14	7	9.81
104	613	7	22.37
3278	3212	3	57.58
104	817	5	15.58
12	150	21	7.97
12	327	9	10.26
134	286	5	24.44
12	253	9	6.69
101	863	5	7.43
101	923	7	16.32
107	1312	3	10.95
121	604	4	20.27
169	102	14	9.56
1146	2113	3	44.15
101	1835	3	6.03
892	124	4	24.47
466	104	5	10
108	213	7	11.84
194	106	10	15.6
131	510	11	83.02
180	128	9	34.69
793	1815	5	74.87
518	114	8	44.39
1049	116	3	15.58
101	1174	11	44.74
104	3820	3	18.9
266	2	3	4.25
3445	106	3	17.43
121	251	3	8.07
119	1902	3	20.07
648	102	23	134.04
107	3545	3	18.49
125	422	4	18.13
115	131	18	41.09
212	178	10	70.39
101	2853	5	23.82
112	4017	4	40.71
102	5278	3	21.28
12	2614	3	9.71
1541	263	3	32.2
133	531	3	15.58
2354	14	3	6.59
1852	12	5	18.11
102	2011	3	10.18
124	135	5	5.74
752	103	4	9.09
105	2356	5	28.91
371	12	15	34.79
1315	14	5	10.46
133	132	9	23.46
107	681	3	6.85
107	733	6	22.85
220	1517	12	177.27
239	936	3	27.92
2657	117	3	22.2
737	102	5	11.24
2	136	13	16.27
104	409	4	5.55
104	358	10	27.56
2539	117	3	22.2
1382	4936	3	57
105	2111	6	35.91
2166	457	6	90.33
407	102	5	5.91
101	1514	5	13.6
102	875	3	4.87
366	106	4	5.3
121	352	3	10.04
