360	1
1618	2
1206	3
26	4
484	5
67	6
348	7
107	8
348	9
360	10
107	11
763	12
1619	13
348	14
26	15
107	16
256	17
38	18
150	19
38	20
7	21
38	22
889	23
4	24
232	25
26	26
38	27
7	28
211	29
7	30
464	31
38	32
4	33
38	34
389	35
484	36
26	37
107	38
26	39
484	40
913	41
26	42
107	43
26	44
266	45
22	46
256	47
38	48
38	49
38	50
52	51
42	52
18	53
52	54
232	55
38	56
38	57
52	58
198	59
38	60
26	61
846	62
539	63
38	64
8	65
26	66
176	67
38	68
1	69
42	70
706	71
554	72
779	73
530	74
458	75
107	76
107	77
107	78
107	79
107	80
107	81
22	82
38	83
52	84
285	85
52	86
38	87
198	88
38	89
145	90
26	91
176	92
26	93
256	94
271	95
18	96
42	97
211	98
38	99
1	100
42	101
1315	102
61	103
34	104
107	105
107	106
34	107
107	108
34	109
107	110
107	111
198	112
447	113
608	114
273	115
61	116
22	117
52	118
38	119
26	120
38	121
38	122
52	123
1044	124
52	125
1	126
18	127
107	128
22	129
52	130
608	131
360	132
348	133
48	134
7	135
211	136
1316	137
38	138
38	139
48	140
107	141
38	142
348	143
38	144
22	145
52	146
38	147
52	148
360	149
38	150
1229	151
1	152
42	153
38	154
38	155
360	156
348	157
360	158
1620	159
236	160
488	161
25	162
39	163
238	164
54	165
154	166
154	167
50	168
382	169
32	170
313	171
351	172
308	173
74	174
1	175
1	176
683	177
342	178
56	179
855	180
16	181
1	182
1298	183
92	184
245	185
25	186
25	187
218	188
403	189
890	190
8	191
20	192
160	193
417	194
4	195
238	196
370	197
338	198
165	199
4	200
38	201
540	202
540	203
70	204
16	205
649	206
1	207
16	208
186	209
1	210
867	211
92	212
2	213
3	214
35	215
8	216
301	217
3	218
314	219
319	220
56	221
5	222
209	223
111	224
30	225
4	226
10	227
14	228
17	229
383	230
39	231
301	232
1	233
383	234
51	235
90	236
385	237
65	238
9	239
1	240
191	241
437	242
1226	243
165	244
77	245
470	246
97	247
99	248
283	249
195	250
445	251
445	252
67	253
149	254
679	255
99	256
230	257
135	258
489	259
283	260
97	261
97	262
156	263
92	264
23	265
201	266
21	267
1	268
109	269
458	270
356	271
356	272
367	273
18	274
1	275
18	276
190	277
131	278
23	279
7	280
212	281
7	282
212	283
205	284
27	285
56	286
142	287
320	288
86	289
353	290
22	291
2	292
37	293
37	294
450	295
123	296
64	297
51	298
39	299
9	300
289	301
85	302
64	303
39	304
944	305
289	306
4	307
39	308
51	309
289	310
758	311
3	312
229	313
8	314
57	315
50	316
2	317
124	318
175	319
20	320
13	321
942	322
239	323
4	324
37	325
766	326
167	327
73	328
439	329
1	330
11	331
1	332
18	333
273	334
9	335
316	336
54	337
54	338
5	339
1	340
104	341
221	342
188	343
83	344
1	345
356	346
31	347
36	348
347	349
217	350
1	351
94	352
8	353
8	354
18	355
2	356
105	357
1	358
74	359
18	360
205	361
96	362
81	363
1	364
661	365
11	366
1	367
1	368
36	369
169	370
4	371
4	372
169	373
7	374
74	375
1	376
109	377
364	378
589	379
1	380
6	381
124	382
128	383
409	384
410	385
4	386
68	387
227	388
227	389
371	390
41	391
2	392
4	393
4	394
39	395
148	396
44	397
23	398
109	399
1	400
1	401
6	402
23	403
1	404
23	405
192	406
7	407
1	408
168	409
804	410
712	411
382	412
146	413
64	414
124	415
64	416
142	417
27	418
27	419
142	420
27	421
142	422
8	423
706	424
5	425
27	426
311	427
408	428
79	429
20	430
30	431
145	432
12	433
43	434
512	435
395	436
21	437
24	438
127	439
1	440
1	441
1	442
778	443
3	444
440	445
1	446
122	447
520	448
293	449
76	450
62	451
10	452
15	453
40	454
743	455
15	456
4	457
8	458
56	459
601	460
101	461
204	462
12	463
538	464
16	465
10	466
46	467
72	468
150	469
25	470
121	471
113	472
129	473
25	474
7	475
33	476
58	477
189	478
4	479
438	480
86	481
1	482
41	483
8	484
472	485
40	486
509	487
113	488
58	489
50	490
271	491
836	492
350	493
1	494
93	495
134	496
150	497
27	498
26	499
81	500
367	501
14	502
264	503
116	504
594	505
403	506
308	507
1	508
136	509
37	510
47	511
3	512
93	513
442	514
374	515
372	516
100	517
618	518
189	519
57	520
47	521
71	522
110	523
81	524
45	525
44	526
20	527
63	528
20	529
44	530
36	531
31	532
28	533
62	534
1	535
74	536
44	537
155	538
1	539
1	540
304	541
236	542
562	543
95	544
130	545
45	546
4	547
789	548
20	549
133	550
2	551
369	552
127	553
36	554
111	555
429	556
193	557
808	558
68	559
21	560
21	561
81	562
21	563
21	564
12	565
12	566
21	567
32	568
77	569
184	570
12	571
32	572
12	573
12	574
21	575
154	576
12	577
25	578
1	579
21	580
286	581
22	582
22	583
357	584
90	585
262	586
594	587
21	588
22	589
1314	590
173	591
200	592
90	593
720	594
73	595
21	596
34	597
146	598
44	599
18	600
742	601
321	602
267	603
321	604
570	605
12	606
32	607
12	608
32	609
12	610
12	611
32	612
32	613
95	614
10	615
1	616
601	617
12	618
411	619
847	620
99	621
629	622
324	623
487	624
630	625
362	626
292	627
811	628
931	629
316	630
248	631
248	632
812	633
51	634
40	635
31	636
36	637
36	638
173	639
22	640
99	641
1	642
11	643
1	644
19	645
60	646
126	647
16	648
305	649
136	650
13	651
1125	652
94	653
1	654
23	655
29	656
1	657
848	658
21	659
32	660
21	661
814	662
235	663
118	664
118	665
544	666
20	667
20	668
52	669
540	670
70	671
76	672
11	673
1	674
1	675
74	676
18	677
1	678
23	679
1	680
426	681
426	682
9	683
285	684
9	685
31	686
36	687
330	688
83	689
49	690
71	691
59	692
88	693
298	694
298	695
774	696
303	697
41	698
512	699
528	700
180	701
11	702
64	703
723	704
32	705
135	706
224	707
243	708
481	709
407	710
414	711
16	712
291	713
146	714
76	715
463	716
1	717
29	718
463	719
902	720
250	721
7	722
36	723
1	724
35	725
41	726
12	727
200	728
691	729
18	730
46	731
10	732
1	733
48	734
23	735
633	736
584	737
94	738
51	739
192	740
463	741
320	742
230	743
23	744
58	745
75	746
1	747
458	748
163	749
1	750
205	751
193	752
233	753
228	754
33	755
1	756
1	757
291	758
21	759
230	760
1	761
191	762
30	763
146	764
40	765
163	766
1	767
104	768
53	769
28	770
139	771
85	772
39	773
99	774
78	775
585	776
689	777
1	778
1	779
344	780
25	781
25	782
563	783
80	784
216	785
454	786
552	787
455	788
90	789
168	790
295	791
93	792
18	793
114	794
103	795
283	796
611	797
504	798
95	799
245	800
783	801
207	802
583	803
500	804
603	805
90	806
204	807
231	808
448	809
462	810
471	811
95	812
53	813
33	814
33	815
159	816
4	817
151	818
206	819
282	820
53	821
65	822
65	823
65	824
65	825
65	826
636	827
77	828
127	829
13	830
80	831
3	832
40	833
28	834
489	835
5	836
4	837
141	838
122	839
249	840
92	841
446	842
13	843
183	844
28	845
427	846
1	847
11	848
488	849
161	850
166	851
444	852
145	853
187	854
947	855
22	856
451	857
4	858
148	859
33	860
16	861
110	862
68	863
271	864
116	865
100	866
41	867
4	868
596	869
1007	870
69	871
141	872
127	873
77	874
34	875
17	876
28	877
6	878
1	879
28	880
81	881
154	882
20	883
24	884
5	885
70	886
116	887
162	888
313	889
164	890
170	891
69	892
55	893
8	894
93	895
1	896
146	897
539	898
43	899
622	900
63	901
44	902
116	903
1	904
44	905
322	906
258	907
45	908
36	909
255	910
893	911
110	912
183	913
115	914
69	915
65	916
43	917
31	918
1	919
61	920
1	921
4	922
311	923
133	924
133	925
380	926
80	927
380	928
533	929
43	930
249	931
434	932
397	933
57	934
56	935
252	936
151	937
17	938
3	939
46	940
442	941
270	942
740	943
166	944
39	945
213	946
243	947
73	948
162	949
4	950
329	951
161	952
209	953
551	954
84	955
42	956
5	957
231	958
171	959
68	960
43	961
236	962
567	963
127	964
3	965
2	966
1	967
11	968
116	969
534	970
534	971
119	972
3	973
97	974
17	975
707	976
39	977
267	978
143	979
18	980
49	981
9	982
2	983
40	984
1300	985
640	986
94	987
528	988
395	989
512	990
773	991
591	992
179	993
737	994
144	995
121	996
32	997
1	998
42	999
1	1000
48	1001
146	1002
21	1003
93	1004
9	1005
412	1006
148	1007
498	1008
414	1009
255	1010
65	1011
127	1012
77	1013
144	1014
30	1015
12	1016
21	1017
32	1018
21	1019
442	1020
451	1021
560	1022
121	1023
415	1024
118	1025
492	1026
625	1027
631	1028
375	1029
332	1030
507	1031
385	1032
220	1033
146	1034
130	1035
550	1036
412	1037
754	1038
386	1039
118	1040
96	1041
704	1042
260	1043
19	1044
13	1045
19	1046
13	1047
582	1048
122	1049
16	1050
439	1051
681	1052
630	1053
208	1054
17	1055
411	1056
41	1057
139	1058
153	1059
134	1060
3	1061
93	1062
153	1063
26	1064
32	1065
525	1066
523	1067
350	1068
102	1069
85	1070
275	1071
275	1072
747	1073
401	1074
4	1075
590	1076
497	1077
161	1078
252	1079
87	1080
590	1081
400	1082
161	1083
216	1084
8	1085
66	1086
23	1087
79	1088
41	1089
160	1090
8	1091
24	1092
49	1093
9	1094
9	1095
9	1096
1	1097
480	1098
480	1099
351	1100
711	1101
482	1102
729	1103
383	1104
301	1105
250	1106
688	1107
7	1108
1	1109
1	1110
1	1111
71	1112
105	1113
500	1114
583	1115
709	1116
189	1117
24	1118
24	1119
486	1120
120	1121
456	1122
338	1123
104	1124
3	1125
640	1126
2	1127
253	1128
253	1129
70	1130
4	1131
2	1132
225	1133
184	1134
195	1135
163	1136
119	1137
150	1138
1	1139
260	1140
7	1141
194	1142
25	1143
137	1144
40	1145
137	1146
129	1147
82	1148
151	1149
378	1150
318	1151
53	1152
41	1153
133	1154
53	1155
23	1156
42	1157
1	1158
19	1159
1	1160
1	1161
253	1162
165	1163
39	1164
20	1165
111	1166
514	1167
76	1168
94	1169
82	1170
76	1171
82	1172
3	1173
15	1174
4	1175
114	1176
333	1177
333	1178
140	1179
282	1180
103	1181
232	1182
115	1183
135	1184
2	1185
1	1186
19	1187
220	1188
233	1189
228	1190
1	1191
116	1192
75	1193
53	1194
16	1195
24	1196
25	1197
184	1198
369	1199
36	1200
11	1201
1	1202
71	1203
11	1204
9	1205
24	1206
163	1207
140	1208
118	1209
231	1210
118	1211
41	1212
1	1213
8	1214
3	1215
40	1216
137	1217
137	1218
614	1219
3	1220
2	1221
229	1222
88	1223
30	1224
7	1225
1	1226
6	1227
7	1228
192	1229
1	1230
6	1231
6	1232
1	1233
1	1234
192	1235
7	1236
1	1237
6	1238
1	1239
1	1240
6	1241
1	1242
7	1243
192	1244
192	1245
7	1246
6	1247
1	1248
40	1249
40	1250
105	1251
3	1252
2	1253
531	1254
133	1255
3	1256
2	1257
160	1258
63	1259
34	1260
322	1261
268	1262
111	1263
169	1264
169	1265
169	1266
169	1267
169	1268
4	1269
169	1270
4	1271
169	1272
80	1273
23	1274
1	1275
74	1276
1	1277
10	1278
14	1279
46	1280
46	1281
10	1282
10	1283
1	1284
35	1285
226	1286
27	1287
55	1288
353	1289
1	1290
10	1291
10	1292
10	1293
2	1294
2	1295
10	1296
61	1297
1	1298
201	1299
409	1300
396	1301
52	1302
4	1303
229	1304
232	1305
656	1306
18	1307
273	1308
1	1309
2	1310
37	1311
3	1312
2	1313
80	1314
396	1315
100	1316
4	1317
14	1318
14	1319
273	1320
273	1321
7	1322
100	1323
72	1324
112	1325
10	1326
35	1327
62	1328
20	1329
314	1330
319	1331
236	1332
302	1333
1	1334
19	1335
1	1336
365	1337
1	1338
80	1339
1	1340
19	1341
1	1342
110	1343
437	1344
413	1345
49	1346
326	1347
105	1348
105	1349
25	1350
60	1351
114	1352
43	1353
110	1354
165	1355
80	1356
88	1357
44	1358
223	1359
72	1360
10	1361
14	1362
10	1363
46	1364
14	1365
617	1366
156	1367
190	1368
2	1369
3	1370
110	1371
54	1372
1	1373
23	1374
89	1375
34	1376
37	1377
1	1378
117	1379
167	1380
46	1381
10	1382
77	1383
41	1384
10	1385
1	1386
66	1387
195	1388
166	1389
9	1390
409	1391
1	1392
447	1393
33	1394
373	1395
14	1396
55	1397
10	1398
72	1399
10	1400
17	1401
10	1402
823	1403
269	1404
342	1405
69	1406
14	1407
14	1408
14	1409
317	1410
1	1411
35	1412
411	1413
280	1414
1	1415
35	1416
1	1417
35	1418
280	1419
1	1420
1	1421
35	1422
1	1423
117	1424
84	1425
1	1426
1	1427
1	1428
35	1429
1	1430
35	1431
7	1432
280	1433
290	1434
321	1435
652	1436
2	1437
1	1438
18	1439
441	1440
29	1441
1	1442
495	1443
9	1444
4	1445
24	1446
639	1447
869	1448
257	1449
149	1450
11	1451
1	1452
29	1453
1	1454
1	1455
1	1456
29	1457
1	1458
1	1459
1	1460
1	1461
1	1462
1	1463
6	1464
1	1465
1	1466
1	1467
39	1468
9	1469
9	1470
105	1471
3	1472
167	1473
35	1474
570	1475
478	1476
341	1477
582	1478
286	1479
22	1480
173	1481
22	1482
535	1483
1	1484
19	1485
155	1486
155	1487
7	1488
18	1489
88	1490
1	1491
177	1492
391	1493
176	1494
52	1495
90	1496
83	1497
1	1498
7	1499
1	1500
1	1501
210	1502
210	1503
1	1504
3	1505
2	1506
2	1507
143	1508
143	1509
54	1510
1	1511
1	1512
61	1513
1	1514
6	1515
52	1516
1	1517
52	1518
181	1519
3	1520
176	1521
212	1522
1	1523
2	1524
86	1525
46	1526
216	1527
13	1528
15	1529
15	1530
3	1531
40	1532
162	1533
505	1534
432	1535
13	1536
5	1537
38	1538
14	1539
573	1540
1021	1541
1029	1542
168	1543
506	1544
215	1545
423	1546
110	1547
22	1548
8	1549
434	1550
14	1551
476	1552
476	1553
127	1554
77	1555
476	1556
476	1557
22	1558
22	1559
22	1560
1	1561
1	1562
1	1563
1	1564
1	1565
6	1566
1	1567
1	1568
48	1569
241	1570
1	1571
327	1572
42	1573
1	1574
11	1575
1	1576
48	1577
48	1578
1	1579
1	1580
1	1581
1	1582
6	1583
1	1584
1	1585
1	1586
29	1587
1	1588
18	1589
54	1590
17	1591
1	1592
29	1593
1	1594
1	1595
29	1596
27	1597
346	1598
18	1599
8	1600
246	1601
109	1602
6	1603
1	1604
1	1605
310	1606
246	1607
1	1608
54	1609
54	1610
1	1611
11	1612
1	1613
54	1614
54	1615
67	1616
67	1617
184	1618
185	1619
1	1620
6	1621
1	1622
11	1623
1	1624
84	1625
29	1626
1	1627
23	1628
23	1629
8	1630
29	1631
1	1632
22	1633
13	1634
3	1635
10	1636
37	1637
37	1638
37	1639
10	1640
15	1641
10	1642
198	1643
10	1644
10	1645
112	1646
17	1647
10	1648
72	1649
153	1650
14	1651
46	1652
10	1653
17	1654
252	1655
153	1656
60	1657
60	1658
153	1659
10	1660
34	1661
14	1662
104	1663
17	1664
66	1665
3	1666
2	1667
953	1668
335	1669
14	1670
34	1671
17	1672
14	1673
3	1674
8	1675
13	1676
127	1677
77	1678
88	1679
80	1680
1	1681
86	1682
80	1683
393	1684
1263	1685
46	1686
41	1687
25	1688
71	1689
134	1690
938	1691
113	1692
124	1693
575	1694
315	1695
509	1696
22	1697
230	1698
22	1699
398	1700
1	1701
88	1702
140	1703
64	1704
51	1705
7	1706
26	1707
172	1708
309	1709
14	1710
393	1711
1	1712
210	1713
775	1714
564	1715
269	1716
31	1717
36	1718
1	1719
86	1720
466	1721
13	1722
596	1723
80	1724
735	1725
34	1726
34	1727
133	1728
59	1729
2	1730
33	1731
279	1732
43	1733
12	1734
79	1735
42	1736
174	1737
420	1738
1	1739
11	1740
2	1741
3	1742
362	1743
267	1744
125	1745
206	1746
210	1747
7	1748
55	1749
206	1750
125	1751
44	1752
18	1753
110	1754
12	1755
12	1756
12	1757
45	1758
91	1759
80	1760
30	1761
244	1762
322	1763
258	1764
421	1765
52	1766
14	1767
22	1768
8	1769
266	1770
14	1771
14	1772
17	1773
36	1774
31	1775
30	1776
12	1777
1	1778
1	1779
32	1780
44	1781
45	1782
76	1783
94	1784
460	1785
390	1786
219	1787
240	1788
21	1789
12	1790
76	1791
42	1792
70	1793
79	1794
53	1795
653	1796
155	1797
40	1798
1	1799
6	1800
89	1801
32	1802
21	1803
32	1804
36	1805
36	1806
31	1807
36	1808
36	1809
31	1810
31	1811
31	1812
31	1813
308	1814
30	1815
21	1816
45	1817
129	1818
44	1819
20	1820
114	1821
32	1822
129	1823
81	1824
55	1825
343	1826
604	1827
552	1828
454	1829
457	1830
455	1831
36	1832
12	1833
32	1834
71	1835
497	1836
21	1837
8	1838
183	1839
32	1840
44	1841
21	1842
32	1843
1	1844
30	1845
50	1846
53	1847
71	1848
53	1849
278	1850
369	1851
31	1852
1	1853
1	1854
1	1855
1	1856
201	1857
658	1858
201	1859
32	1860
1611	1861
248	1862
21	1863
244	1864
44	1865
657	1866
453	1867
182	1868
1	1869
11	1870
8	1871
12	1872
322	1873
228	1874
45	1875
1	1876
35	1877
113	1878
416	1879
69	1880
130	1881
391	1882
125	1883
125	1884
125	1885
12	1886
43	1887
340	1888
932	1889
31	1890
89	1891
1	1892
19	1893
1	1894
19	1895
175	1896
574	1897
29	1898
1	1899
70	1900
12	1901
12	1902
43	1903
68	1904
91	1905
45	1906
45	1907
119	1908
31	1909
36	1910
44	1911
274	1912
171	1913
171	1914
285	1915
9	1916
573	1917
1	1918
210	1919
7	1920
1	1921
61	1922
1	1923
114	1924
106	1925
78	1926
87	1927
852	1928
1	1929
15	1930
18	1931
619	1932
461	1933
226	1934
30	1935
194	1936
194	1937
224	1938
513	1939
94	1940
16	1941
736	1942
9	1943
82	1944
82	1945
25	1946
204	1947
57	1948
16	1949
16	1950
57	1951
190	1952
156	1953
249	1954
96	1955
199	1956
178	1957
94	1958
151	1959
156	1960
206	1961
275	1962
1	1963
11	1964
206	1965
85	1966
206	1967
226	1968
633	1969
295	1970
101	1971
195	1972
123	1973
123	1974
82	1975
247	1976
461	1977
114	1978
209	1979
154	1980
438	1981
206	1982
520	1983
894	1984
440	1985
256	1986
522	1987
627	1988
332	1989
411	1990
555	1991
372	1992
813	1993
330	1994
365	1995
232	1996
488	1997
625	1998
269	1999
656	2000
587	2001
531	2002
362	2003
487	2004
292	2005
491	2006
413	2007
275	2008
306	2009
492	2010
257	2011
443	2012
415	2013
412	2014
581	2015
291	2016
168	2017
343	2018
66	2019
835	2020
455	2021
325	2022
81	2023
256	2024
205	2025
57	2026
67	2027
145	2028
899	2029
42	2030
327	2031
7	2032
241	2033
88	2034
7	2035
210	2036
155	2037
184	2038
251	2039
346	2040
1	2041
181	2042
181	2043
340	2044
16	2045
151	2046
23	2047
1	2048
2	2049
82	2050
20	2051
20	2052
20	2053
282	2054
76	2055
20	2056
448	2057
179	2058
140	2059
270	2060
69	2061
513	2062
224	2063
935	2064
172	2065
20	2066
386	2067
56	2068
92	2069
230	2070
238	2071
336	2072
593	2073
425	2074
193	2075
128	2076
155	2077
425	2078
16	2079
672	2080
128	2081
87	2082
713	2083
203	2084
98	2085
187	2086
233	2087
694	2088
204	2089
160	2090
32	2091
9	2092
8	2093
9	2094
9	2095
160	2096
349	2097
143	2098
98	2099
49	2100
208	2101
32	2102
227	2103
337	2104
337	2105
337	2106
337	2107
337	2108
337	2109
205	2110
1	2111
166	2112
194	2113
71	2114
12	2115
312	2116
504	2117
110	2118
254	2119
307	2120
240	2121
482	2122
32	2123
50	2124
21	2125
95	2126
207	2127
18	2128
619	2129
318	2130
491	2131
68	2132
277	2133
461	2134
128	2135
9	2136
174	2137
32	2138
118	2139
151	2140
402	2141
57	2142
330	2143
26	2144
66	2145
4	2146
955	2147
168	2148
279	2149
9	2150
335	2151
104	2152
199	2153
161	2154
202	2155
92	2156
56	2157
331	2158
41	2159
308	2160
579	2161
930	2162
142	2163
82	2164
402	2165
336	2166
1	2167
23	2168
1	2169
70	2170
402	2171
111	2172
14	2173
215	2174
728	2175
1030	2176
551	2177
130	2178
8	2179
9	2180
128	2181
307	2182
76	2183
161	2184
96	2185
347	2186
224	2187
75	2188
480	2189
248	2190
218	2191
9	2192
133	2193
276	2194
655	2195
487	2196
168	2197
704	2198
292	2199
522	2200
387	2201
439	2202
441	2203
488	2204
154	2205
516	2206
370	2207
623	2208
385	2209
437	2210
365	2211
438	2212
526	2213
330	2214
634	2215
101	2216
101	2217
547	2218
385	2219
452	2220
305	2221
182	2222
193	2223
57	2224
325	2225
220	2226
58	2227
30	2228
16	2229
16	2230
104	2231
421	2232
4	2233
480	2234
58	2235
149	2236
1	2237
61	2238
8	2239
570	2240
303	2241
99	2242
501	2243
82	2244
57	2245
195	2246
1	2247
84	2248
134	2249
88	2250
780	2251
292	2252
224	2253
148	2254
420	2255
116	2256
336	2257
146	2258
155	2259
257	2260
154	2261
152	2262
97	2263
162	2264
1	2265
232	2266
436	2267
154	2268
517	2269
291	2270
521	2271
520	2272
532	2273
524	2274
560	2275
695	2276
257	2277
527	2278
819	2279
637	2280
413	2281
460	2282
634	2283
374	2284
373	2285
526	2286
415	2287
516	2288
450	2289
292	2290
330	2291
168	2292
442	2293
387	2294
306	2295
371	2296
76	2297
119	2298
128	2299
1	2300
6	2301
172	2302
595	2303
30	2304
832	2305
731	2306
545	2307
496	2308
82	2309
516	2310
22	2311
283	2312
30	2313
311	2314
30	2315
85	2316
1	2317
86	2318
8	2319
148	2320
3	2321
3	2322
28	2323
37	2324
598	2325
207	2326
303	2327
219	2328
90	2329
591	2330
121	2331
284	2332
204	2333
568	2334
243	2335
213	2336
99	2337
236	2338
297	2339
297	2340
297	2341
266	2342
9	2343
277	2344
277	2345
75	2346
612	2347
26	2348
600	2349
620	2350
603	2351
121	2352
284	2353
2	2354
3	2355
340	2356
129	2357
382	2358
71	2359
433	2360
404	2361
537	2362
254	2363
121	2364
5	2365
39	2366
30	2367
69	2368
364	2369
53	2370
880	2371
301	2372
277	2373
241	2374
43	2375
16	2376
110	2377
47	2378
175	2379
220	2380
83	2381
13	2382
208	2383
57	2384
421	2385
226	2386
195	2387
209	2388
334	2389
22	2390
22	2391
4	2392
4	2393
183	2394
16	2395
315	2396
83	2397
1	2398
11	2399
61	2400
1	2401
310	2402
277	2403
1	2404
109	2405
190	2406
156	2407
900	2408
8	2409
187	2410
197	2411
197	2412
215	2413
22	2414
197	2415
468	2416
569	2417
25	2418
610	2419
129	2420
141	2421
328	2422
57	2423
24	2424
24	2425
113	2426
14	2427
1	2428
11	2429
1	2430
61	2431
1	2432
42	2433
1	2434
1	2435
48	2436
1	2437
19	2438
6	2439
1	2440
6	2441
1	2442
42	2443
1	2444
349	2445
18	2446
1	2447
6	2448
109	2449
1	2450
1	2451
23	2452
67	2453
6	2454
1	2455
6	2456
1	2457
1	2458
1	2459
48	2460
55	2461
15	2462
1	2463
19	2464
53	2465
364	2466
184	2467
83	2468
250	2469
1	2470
54	2471
18	2472
1	2473
48	2474
1	2475
11	2476
1	2477
42	2478
1	2479
11	2480
1	2481
42	2482
1	2483
185	2484
1	2485
6	2486
19	2487
1	2488
69	2489
1	2490
30	2491
19	2492
133	2493
1	2494
48	2495
1	2496
61	2497
1	2498
7	2499
260	2500
35	2501
1	2502
1	2503
86	2504
1	2505
74	2506
185	2507
2	2508
2	2509
82	2510
19	2511
1	2512
1	2513
1	2514
48	2515
1	2516
84	2517
1	2518
84	2519
184	2520
19	2521
1	2522
42	2523
1	2524
1	2525
18	2526
1	2527
29	2528
3	2529
9	2530
258	2531
322	2532
183	2533
274	2534
254	2535
81	2536
269	2537
106	2538
318	2539
294	2540
363	2541
352	2542
41	2543
49	2544
16	2545
94	2546
2	2547
32	2548
47	2549
70	2550
406	2551
58	2552
158	2553
47	2554
193	2555
110	2556
172	2557
515	2558
368	2559
674	2560
274	2561
358	2562
75	2563
113	2564
113	2565
328	2566
57	2567
825	2568
2	2569
160	2570
158	2571
355	2572
96	2573
433	2574
493	2575
78	2576
312	2577
103	2578
222	2579
134	2580
156	2581
67	2582
53	2583
101	2584
4	2585
4	2586
4	2587
224	2588
53	2589
28	2590
42	2591
510	2592
81	2593
308	2594
162	2595
218	2596
17	2597
82	2598
391	2599
122	2600
111	2601
43	2602
81	2603
904	2604
444	2605
26	2606
77	2607
427	2608
28	2609
98	2610
262	2611
313	2612
163	2613
58	2614
47	2615
101	2616
662	2617
51	2618
359	2619
178	2620
197	2621
287	2622
567	2623
566	2624
693	2625
276	2626
645	2627
83	2628
110	2629
241	2630
246	2631
30	2632
155	2633
174	2634
277	2635
174	2636
155	2637
83	2638
99	2639
55	2640
326	2641
58	2642
1601	2643
206	2644
66	2645
60	2646
344	2647
294	2648
25	2649
119	2650
128	2651
421	2652
481	2653
459	2654
249	2655
81	2656
544	2657
284	2658
83	2659
28	2660
1	2661
11	2662
1	2663
11	2664
123	2665
53	2666
332	2667
64	2668
13	2669
469	2670
219	2671
1	2672
42	2673
20	2674
8	2675
1	2676
11	2677
1	2678
730	2679
1329	2680
1331	2681
1330	2682
1332	2683
989	2684
1333	2685
1122	2686
1282	2687
1170	2688
1072	2689
1334	2690
1335	2691
1336	2692
1288	2693
1287	2694
1337	2695
1338	2696
1022	2697
1339	2698
1340	2699
1341	2700
1342	2701
984	2702
1192	2703
1071	2704
1343	2705
1344	2706
1231	2707
1345	2708
1346	2709
1067	2710
1175	2711
974	2712
961	2713
1347	2714
1223	2715
1348	2716
1205	2717
1256	2718
1278	2719
1349	2720
1140	2721
1174	2722
1202	2723
1350	2724
997	2725
1162	2726
1351	2727
1010	2728
1352	2729
1275	2730
1353	2731
1354	2732
1355	2733
1356	2734
971	2735
1133	2736
972	2737
1357	2738
1038	2739
1360	2740
1359	2741
1361	2742
1362	2743
1039	2744
1138	2745
1296	2746
1078	2747
1059	2748
1215	2749
1363	2750
1364	2751
1365	2752
1326	2753
1290	2754
1254	2755
1099	2756
1051	2757
1366	2758
1227	2759
1004	2760
968	2761
1367	2762
1020	2763
996	2764
1177	2765
1368	2766
1369	2767
976	2768
1106	2769
1266	2770
1279	2771
1370	2772
1372	2773
1171	2774
1373	2775
1024	2776
1013	2777
1371	2778
1058	2779
985	2780
1374	2781
1154	2782
1139	2783
1156	2784
1375	2785
969	2786
970	2787
1253	2788
1159	2789
1028	2790
1376	2791
1087	2792
1377	2793
1153	2794
1088	2795
1378	2796
1053	2797
1379	2798
1098	2799
1061	2800
1380	2801
1381	2802
1382	2803
1217	2804
1383	2805
1060	2806
1384	2807
1358	2808
1289	2809
1155	2810
1295	2811
1100	2812
1210	2813
1386	2814
1385	2815
1387	2816
1216	2817
991	2818
1284	2819
1388	2820
1389	2821
992	2822
1276	2823
1196	2824
1390	2825
1281	2826
1255	2827
966	2828
1169	2829
1224	2830
1391	2831
1260	2832
1268	2833
983	2834
1225	2835
1392	2836
1393	2837
1394	2838
1395	2839
1396	2840
1397	2841
1398	2842
1003	2843
1023	2844
1399	2845
1400	2846
1401	2847
1048	2848
1036	2849
1272	2850
1402	2851
1292	2852
1403	2853
1405	2854
1201	2855
1404	2856
1406	2857
1237	2858
1407	2859
1408	2860
1409	2861
1410	2862
1411	2863
1412	2864
1413	2865
1064	2866
978	2867
1414	2868
1328	2869
1416	2870
1415	2871
994	2872
1181	2873
1417	2874
1019	2875
963	2876
988	2877
1418	2878
1419	2879
1420	2880
1327	2881
1421	2882
1423	2883
1422	2884
975	2885
1424	2886
1257	2887
964	2888
1277	2889
1427	2890
1428	2891
1426	2892
1209	2893
1425	2894
1250	2895
973	2896
1050	2897
1429	2898
1430	2899
1431	2900
1145	2901
1432	2902
1433	2903
1434	2904
1241	2905
1110	2906
1111	2907
1113	2908
1142	2909
1002	2910
1114	2911
1436	2912
1115	2913
1435	2914
1006	2915
1437	2916
1438	2917
1146	2918
1439	2919
1109	2920
1148	2921
1441	2922
1112	2923
1173	2924
1440	2925
1108	2926
1149	2927
1150	2928
1107	2929
1442	2930
1151	2931
1032	2932
1443	2933
1193	2934
1444	2935
1445	2936
1009	2937
1189	2938
1446	2939
1447	2940
1448	2941
1283	2942
1449	2943
1188	2944
1158	2945
1452	2946
1161	2947
1454	2948
1453	2949
1197	2950
990	2951
1450	2952
1451	2953
1095	2954
1455	2955
1456	2956
1457	2957
1045	2958
1086	2959
1459	2960
1057	2961
1460	2962
1246	2963
1458	2964
1176	2965
1461	2966
1245	2967
1462	2968
1001	2969
1538	2970
1043	2971
1463	2972
1464	2973
1103	2974
1249	2975
1293	2976
1465	2977
1294	2978
1068	2979
1466	2980
1212	2981
1468	2982
1124	2983
1467	2984
1104	2985
1040	2986
1469	2987
1470	2988
1076	2989
1472	2990
1251	2991
1471	2992
1094	2993
1473	2994
1244	2995
1261	2996
1047	2997
1186	2998
1075	2999
1474	3000
1271	3001
1475	3002
1476	3003
1477	3004
1539	3005
1084	3006
960	3007
1117	3008
1270	3009
1269	3010
977	3011
1478	3012
1144	3013
1248	3014
965	3015
1479	3016
1247	3017
1480	3018
1052	3019
986	3020
1141	3021
1481	3022
1080	3023
1143	3024
1166	3025
1482	3026
1102	3027
1190	3028
1484	3029
1485	3030
1121	3031
1483	3032
1487	3033
1234	3034
1488	3035
1119	3036
1489	3037
1490	3038
1491	3039
1486	3040
1118	3041
1090	3042
1152	3043
1027	3044
1239	3045
1164	3046
967	3047
1492	3048
1213	3049
1172	3050
1054	3051
1116	3052
1101	3053
1011	3054
1494	3055
1493	3056
1089	3057
1147	3058
1496	3059
1495	3060
1214	3061
1167	3062
1498	3063
1499	3064
1500	3065
1093	3066
1092	3067
1501	3068
1502	3069
1497	3070
981	3071
1267	3072
1503	3073
1096	3074
1033	3075
1504	3076
1505	3077
1506	3078
1507	3079
1508	3080
1073	3081
1509	3082
1510	3083
1511	3084
1512	3085
1513	3086
1091	3087
1179	3088
1514	3089
1516	3090
1517	3091
1515	3092
1518	3093
1520	3094
1077	3095
1521	3096
1041	3097
1519	3098
1037	3099
1070	3100
1165	3101
1522	3102
1523	3103
1069	3104
1524	3105
1525	3106
1203	3107
1178	3108
1081	3109
1526	3110
1105	3111
1120	3112
1198	3113
1527	3114
1163	3115
1204	3116
1083	3117
1528	3118
1529	3119
1273	3120
1265	3121
1530	3122
1222	3123
1531	3124
1242	3125
1000	3126
1532	3127
1533	3128
995	3129
1534	3130
1185	3131
959	3132
1535	3133
1537	3134
1014	3135
1536	3136
1200	3137
1540	3138
1183	3139
1541	3140
1207	3141
1012	3142
1542	3143
1228	3144
1286	3145
1560	3146
1259	3147
1262	3148
1157	3149
1561	3150
1562	3151
1079	3152
1563	3153
1097	3154
1564	3155
1565	3156
1566	3157
1567	3158
1568	3159
1570	3160
1055	3161
1569	3162
1571	3163
1572	3164
1180	3165
1573	3166
1005	3167
1211	3168
1042	3169
1574	3170
1575	3171
1297	3172
1576	3173
993	3174
1577	3175
1578	3176
1543	3177
1544	3178
1545	3179
1546	3180
1547	3181
1548	3182
1549	3183
1550	3184
1551	3185
1063	3186
1552	3187
1553	3188
1554	3189
1555	3190
1556	3191
1274	3192
982	3193
999	3194
1184	3195
1557	3196
1558	3197
1559	3198
1074	3199
1579	3200
1581	3201
1026	3202
1134	3203
1582	3204
1285	3205
1583	3206
1034	3207
1584	3208
1208	3209
1015	3210
1219	3211
1585	3212
1008	3213
1240	3214
1062	3215
1135	3216
1218	3217
1586	3218
998	3219
1580	3220
1065	3221
1587	3222
1085	3223
1137	3224
1046	3225
1031	3226
1588	3227
1589	3228
1590	3229
1591	3230
1082	3231
1592	3232
1194	3233
187	3234
66	3235
66	3236
66	3237
66	3238
213	3239
548	3240
323	3241
94	3242
1128	3243
113	3244
81	3245
71	3246
726	3247
1307	3248
1238	3249
1313	3250
1308	3251
146	3252
44	3253
1	3254
6	3255
1	3256
9	3257
23	3258
253	3259
1	3260
6	3261
1	3262
19	3263
164	3264
4	3265
4	3266
83	3267
306	3268
235	3269
21	3270
208	3271
187	3272
325	3273
911	3274
12	3275
150	3276
150	3277
233	3278
228	3279
624	3280
380	3281
140	3282
227	3283
227	3284
518	3285
306	3286
24	3287
38	3288
1	3289
137	3290
232	3291
415	3292
8	3293
229	3294
79	3295
180	3296
503	3297
108	3298
32	3299
125	3300
24	3301
30	3302
5	3303
372	3304
12	3305
413	3306
203	3307
216	3308
708	3309
138	3310
73	3311
339	3312
108	3313
131	3314
292	3315
343	3316
532	3317
160	3318
302	3319
76	3320
49	3321
418	3322
176	3323
101	3324
56	3325
92	3326
202	3327
399	3328
436	3329
8	3330
47	3331
253	3332
1	3333
191	3334
166	3335
682	3336
1	3337
86	3338
1624	3339
363	3340
1	3341
1	3342
3	3343
2	3344
125	3345
443	3346
16	3347
683	3348
33	3349
33	3350
33	3351
103	3352
43	3353
81	3354
167	3355
1	3356
74	3357
1	3358
35	3359
1	3360
11	3361
2	3362
1	3363
104	3364
100	3365
15	3366
305	3367
14	3368
17	3369
237	3370
368	3371
131	3372
719	3373
1	3374
67	3375
180	3376
1	3377
6	3378
172	3379
515	3380
63	3381
47	3382
70	3383
132	3384
132	3385
217	3386
91	3387
641	3388
853	3389
343	3390
639	3391
697	3392
821	3393
527	3394
518	3395
306	3396
29	3397
16	3398
68	3399
626	3400
269	3401
507	3402
806	3403
242	3404
88	3405
58	3406
31	3407
368	3408
490	3409
332	3410
27	3411
371	3412
698	3413
1	3414
61	3415
34	3416
17	3417
1	3418
9	3419
182	3420
296	3421
537	3422
453	3423
182	3424
182	3425
307	3426
854	3427
307	3428
296	3429
234	3430
536	3431
255	3432
240	3433
69	3434
157	3435
89	3436
584	3437
123	3438
27	3439
262	3440
20	3441
829	3442
494	3443
668	3444
473	3445
186	3446
293	3447
36	3448
79	3449
102	3450
17	3451
14	3452
217	3453
3	3454
40	3455
17	3456
46	3457
14	3458
14	3459
14	3460
10	3461
72	3462
10	3463
172	3464
244	3465
102	3466
95	3467
4	3468
757	3469
580	3470
33	3471
20	3472
227	3473
16	3474
165	3475
580	3476
574	3477
366	3478
27	3479
456	3480
179	3481
1	3482
171	3483
72	3484
10	3485
81	3486
99	3487
12	3488
32	3489
75	3490
581	3491
274	3492
34	3493
1	3494
382	3495
382	3496
482	3497
393	3498
90	3499
146	3500
123	3501
239	3502
3	3503
2	3504
40	3505
2	3506
39	3507
124	3508
206	3509
714	3510
81	3511
164	3512
32	3513
822	3514
12	3515
343	3516
59	3517
21	3518
47	3519
47	3520
440	3521
390	3522
527	3523
452	3524
632	3525
225	3526
1	3527
510	3528
1	3529
12	3530
375	3531
235	3532
21	3533
139	3534
18	3535
1	3536
18	3537
183	3538
7	3539
388	3540
176	3541
30	3542
4	3543
70	3544
198	3545
199	3546
12	3547
51	3548
150	3549
161	3550
83	3551
44	3552
105	3553
8	3554
49	3555
1291	3556
276	3557
276	3558
278	3559
1318	3560
215	3561
4	3562
5	3563
17	3564
14	3565
64	3566
1	3567
6	3568
1	3569
331	3570
576	3571
123	3572
5	3573
28	3574
298	3575
588	3576
407	3577
5	3578
1	3579
48	3580
33	3581
13	3582
13	3583
13	3584
13	3585
209	3586
541	3587
219	3588
209	3589
166	3590
586	3591
414	3592
498	3593
60	3594
278	3595
352	3596
1319	3597
228	3598
592	3599
308	3600
1	3601
659	3602
352	3603
268	3604
281	3605
412	3606
369	3607
1016	3608
5	3609
403	3610
219	3611
37	3612
31	3613
36	3614
16	3615
130	3616
777	3617
354	3618
397	3619
325	3620
131	3621
200	3622
104	3623
2	3624
370	3625
353	3626
642	3627
672	3628
370	3629
68	3630
910	3631
443	3632
593	3633
642	3634
857	3635
826	3636
727	3637
858	3638
1232	3639
575	3640
859	3641
1049	3642
16	3643
1320	3644
174	3645
61	3646
1	3647
6	3648
128	3649
74	3650
96	3651
15	3652
2	3653
39	3654
163	3655
132	3656
86	3657
58	3658
127	3659
279	3660
10	3661
46	3662
1	3663
304	3664
20	3665
33	3666
186	3667
81	3668
139	3669
50	3670
39	3671
284	3672
33	3673
34	3674
33	3675
25	3676
14	3677
115	3678
7	3679
567	3680
13	3681
199	3682
423	3683
33	3684
359	3685
13	3686
176	3687
145	3688
447	3689
13	3690
34	3691
404	3692
15	3693
179	3694
186	3695
60	3696
179	3697
131	3698
17	3699
798	3700
36	3701
281	3702
423	3703
684	3704
937	3705
299	3706
571	3707
69	3708
500	3709
962	3710
1123	3711
717	3712
828	3713
5	3714
419	3715
7	3716
1	3717
36	3718
20	3719
20	3720
20	3721
164	3722
13	3723
13	3724
338	3725
261	3726
31	3727
67	3728
592	3729
769	3730
130	3731
144	3732
178	3733
178	3734
281	3735
229	3736
886	3737
50	3738
363	3739
82	3740
226	3741
187	3742
213	3743
243	3744
296	3745
207	3746
92	3747
56	3748
347	3749
334	3750
329	3751
99	3752
150	3753
1221	3754
182	3755
10	3756
92	3757
255	3758
56	3759
698	3760
493	3761
1	3762
30	3763
23	3764
61	3765
1	3766
23	3767
7	3768
92	3769
56	3770
7	3771
192	3772
3	3773
2	3774
1	3775
19	3776
257	3777
30	3778
26	3779
1	3780
35	3781
24	3782
5	3783
65	3784
65	3785
65	3786
146	3787
39	3788
177	3789
146	3790
171	3791
799	3792
517	3793
353	3794
50	3795
50	3796
248	3797
305	3798
130	3799
694	3800
395	3801
703	3802
248	3803
75	3804
499	3805
361	3806
230	3807
268	3808
30	3809
30	3810
353	3811
175	3812
392	3813
70	3814
82	3815
193	3816
57	3817
546	3818
643	3819
782	3820
643	3821
830	3822
200	3823
200	3824
416	3825
19	3826
6	3827
202	3828
6	3829
1	3830
383	3831
537	3832
234	3833
120	3834
1322	3835
234	3836
320	3837
56	3838
606	3839
242	3840
242	3841
606	3842
341	3843
860	3844
1	3845
6	3846
544	3847
3	3848
176	3849
50	3850
17	3851
288	3852
5	3853
409	3854
8	3855
181	3856
1	3857
38	3858
529	3859
43	3860
17	3861
106	3862
20	3863
105	3864
13	3865
752	3866
389	3867
589	3868
5	3869
50	3870
16	3871
588	3872
207	3873
595	3874
70	3875
13	3876
93	3877
207	3878
9	3879
171	3880
13	3881
179	3882
64	3883
132	3884
538	3885
1	3886
93	3887
93	3888
93	3889
746	3890
508	3891
7	3892
117	3893
117	3894
1	3895
45	3896
91	3897
28	3898
4	3899
4	3900
276	3901
55	3902
1	3903
18	3904
122	3905
809	3906
12	3907
2	3908
1	3909
1	3910
327	3911
1	3912
175	3913
9	3914
49	3915
25	3916
491	3917
27	3918
27	3919
16	3920
20	3921
923	3922
432	3923
140	3924
655	3925
106	3926
19	3927
94	3928
6	3929
6	3930
109	3931
23	3932
80	3933
301	3934
37	3935
37	3936
37	3937
23	3938
98	3939
644	3940
418	3941
309	3942
123	3943
123	3944
51	3945
3	3946
149	3947
269	3948
7	3949
317	3950
295	3951
1	3952
1615	3953
565	3954
12	3955
54	3956
11	3957
1	3958
3	3959
8	3960
13	3961
485	3962
720	3963
1304	3964
20	3965
419	3966
753	3967
494	3968
2	3969
454	3970
5	3971
153	3972
898	3973
33	3974
33	3975
114	3976
29	3977
1	3978
8	3979
8	3980
14	3981
17	3982
160	3983
8	3984
1	3985
86	3986
10	3987
46	3988
180	3989
85	3990
18	3991
142	3992
1311	3993
51	3994
16	3995
85	3996
182	3997
430	3998
1	3999
1	4000
1	4001
35	4002
135	4003
152	4004
490	4005
17	4006
14	4007
21	4008
1	4009
63	4010
561	4011
1	4012
19	4013
410	4014
103	4015
103	4016
127	4017
69	4018
88	4019
79	4020
1	4021
47	4022
323	4023
183	4024
231	4025
45	4026
21	4027
26	4028
116	4029
25	4030
47	4031
12	4032
12	4033
390	4034
122	4035
405	4036
89	4037
278	4038
68	4039
24	4040
54	4041
109	4042
1	4043
1	4044
1	4045
1	4046
1	4047
19	4048
1	4049
1	4050
7	4051
11	4052
9	4053
323	4054
578	4055
3	4056
22	4057
40	4058
1	4059
41	4060
50	4061
326	4062
172	4063
239	4064
132	4065
3	4066
5	4067
354	4068
485	4069
422	4070
128	4071
201	4072
1	4073
48	4074
43	4075
7	4076
240	4077
662	4078
4	4079
266	4080
55	4081
80	4082
479	4083
53	4084
39	4085
96	4086
70	4087
51	4088
20	4089
118	4090
51	4091
558	4092
32	4093
175	4094
370	4095
196	4096
114	4097
275	4098
87	4099
268	4100
577	4101
269	4102
1	4103
19	4104
19	4105
1	4106
7	4107
16	4108
306	4109
172	4110
170	4111
646	4112
261	4113
831	4114
355	4115
437	4116
37	4117
274	4118
63	4119
160	4120
28	4121
37	4122
32	4123
28	4124
21	4125
5	4126
30	4127
381	4128
1	4129
477	4130
57	4131
182	4132
430	4133
32	4134
1	4135
61	4136
1	4137
29	4138
1	4139
29	4140
1	4141
12	4142
699	4143
568	4144
104	4145
283	4146
66	4147
3	4148
3	4149
267	4150
149	4151
165	4152
15	4153
420	4154
314	4155
1	4156
7	4157
205	4158
560	4159
56	4160
247	4161
88	4162
1	4163
86	4164
550	4165
155	4166
3	4167
7	4168
384	4169
19	4170
1	4171
1	4172
3	4173
1	4174
61	4175
40	4176
55	4177
884	4178
1	4179
1	4180
9	4181
150	4182
1	4183
1	4184
23	4185
179	4186
8	4187
1	4188
9	4189
1	4190
15	4191
8	4192
8	4193
42	4194
1	4195
42	4196
174	4197
201	4198
16	4199
53	4200
4	4201
462	4202
46	4203
33	4204
48	4205
112	4206
53	4207
6	4208
48	4209
48	4210
318	4211
30	4212
71	4213
245	4214
88	4215
316	4216
495	4217
53	4218
15	4219
9	4220
9	4221
688	4222
9	4223
9	4224
9	4225
739	4226
50	4227
638	4228
12	4229
460	4230
1	4231
1	4232
117	4233
6	4234
1	4235
8	4236
87	4237
87	4238
87	4239
87	4240
263	4241
356	4242
27	4243
469	4244
1	4245
86	4246
65	4247
23	4248
11	4249
1	4250
7	4251
1	4252
48	4253
158	4254
407	4255
207	4256
654	4257
67	4258
67	4259
67	4260
661	4261
864	4262
397	4263
397	4264
155	4265
12	4266
1	4267
12	4268
355	4269
12	4270
21	4271
404	4272
4	4273
4	4274
12	4275
33	4276
816	4277
616	4278
190	4279
156	4280
254	4281
539	4282
2	4283
315	4284
128	4285
35	4286
111	4287
15	4288
213	4289
243	4290
1220	4291
23	4292
23	4293
23	4294
1	4295
16	4296
126	4297
135	4298
135	4299
225	4300
136	4301
108	4302
73	4303
479	4304
129	4305
1	4306
549	4307
333	4308
32	4309
21	4310
523	4311
135	4312
939	4313
635	4314
647	4315
193	4316
956	4317
96	4318
562	4319
140	4320
562	4321
140	4322
44	4323
1	4324
1	4325
1	4326
1	4327
51	4328
86	4329
1	4330
5	4331
5	4332
5	4333
5	4334
5	4335
32	4336
450	4337
89	4338
622	4339
89	4340
89	4341
30	4342
1	4343
54	4344
1127	4345
47	4346
227	4347
41	4348
362	4349
30	4350
125	4351
35	4352
101	4353
101	4354
101	4355
101	4356
1	4357
11	4358
1	4359
15	4360
145	4361
1	4362
48	4363
15	4364
559	4365
1	4366
199	4367
958	4368
324	4369
49	4370
181	4371
71	4372
558	4373
139	4374
177	4375
310	4376
1	4377
280	4378
55	4379
283	4380
283	4381
33	4382
95	4383
2	4384
248	4385
67	4386
1	4387
84	4388
25	4389
143	4390
122	4391
282	4392
202	4393
145	4394
216	4395
196	4396
266	4397
196	4398
18	4399
388	4400
131	4401
18	4402
131	4403
49	4404
77	4405
121	4406
54	4407
121	4408
121	4409
158	4410
157	4411
157	4412
7	4413
7	4414
1	4415
1	4416
138	4417
138	4418
138	4419
71	4420
124	4421
85	4422
153	4423
176	4424
265	4425
101	4426
457	4427
82	4428
37	4429
238	4430
310	4431
71	4432
135	4433
16	4434
342	4435
342	4436
230	4437
3	4438
3	4439
2	4440
22	4441
264	4442
1	4443
11	4444
1	4445
1	4446
260	4447
1	4448
1	4449
74	4450
1	4451
1	4452
94	4453
7	4454
1	4455
1	4456
61	4457
25	4458
468	4459
702	4460
781	4461
1	4462
185	4463
1	4464
117	4465
256	4466
506	4467
7	4468
35	4469
1	4470
1	4471
224	4472
182	4473
505	4474
1160	4475
1628	4476
1182	4477
1596	4478
979	4479
1594	4480
1595	4481
1280	4482
1264	4483
1593	4484
441	4485
765	4486
298	4487
432	4488
298	4489
1	4490
11	4491
1	4492
11	4493
6	4494
1	4495
1	4496
112	4497
10	4498
72	4499
1	4500
11	4501
49	4502
275	4503
39	4504
173	4505
163	4506
4	4507
4	4508
70	4509
285	4510
1	4511
84	4512
1	4513
84	4514
1325	4515
5	4516
41	4517
541	4518
641	4519
365	4520
265	4521
1235	4522
11	4523
117	4524
1	4525
7	4526
96	4527
64	4528
16	4529
64	4530
51	4531
251	4532
220	4533
53	4534
130	4535
24	4536
41	4537
287	4538
25	4539
68	4540
91	4541
47	4542
129	4543
9	4544
5	4545
1	4546
117	4547
134	4548
134	4549
421	4550
134	4551
156	4552
190	4553
59	4554
59	4555
59	4556
5	4557
441	4558
45	4559
1	4560
428	4561
66	4562
16	4563
55	4564
55	4565
16	4566
55	4567
16	4568
113	4569
59	4570
59	4571
1168	4572
119	4573
119	4574
663	4575
663	4576
63	4577
352	4578
15	4579
289	4580
28	4581
286	4582
943	4583
948	4584
23	4585
530	4586
181	4587
257	4588
123	4589
143	4590
13	4591
17	4592
186	4593
3	4594
1	4595
1603	4596
67	4597
166	4598
4	4599
524	4600
175	4601
609	4602
87	4603
27	4604
27	4605
1	4606
29	4607
1	4608
35	4609
316	4610
7	4611
27	4612
35	4613
1	4614
7	4615
280	4616
35	4617
1	4618
27	4619
1	4620
280	4621
1	4622
4	4623
596	4624
466	4625
231	4626
249	4627
1	4628
117	4629
1	4630
29	4631
1	4632
29	4633
1	4634
117	4635
724	4636
1	4637
7	4638
508	4639
502	4640
502	4641
148	4642
7	4643
372	4644
327	4645
7	4646
12	4647
320	4648
383	4649
478	4650
478	4651
27	4652
68	4653
435	4654
435	4655
51	4656
174	4657
174	4658
174	4659
85	4660
4	4661
59	4662
144	4663
139	4664
13	4665
288	4666
568	4667
219	4668
98	4669
1623	4670
52	4671
19	4672
19	4673
1	4674
1	4675
19	4676
80	4677
377	4678
43	4679
55	4680
15	4681
15	4682
669	4683
113	4684
60	4685
297	4686
212	4687
279	4688
270	4689
700	4690
1	4691
48	4692
270	4693
732	4694
692	4695
481	4696
732	4697
1	4698
19	4699
756	4700
14	4701
21	4702
444	4703
444	4704
249	4705
249	4706
208	4707
587	4708
76	4709
226	4710
270	4711
295	4712
426	4713
10	4714
65	4715
40	4716
558	4717
77	4718
791	4719
524	4720
1301	4721
65	4722
3	4723
2	4724
102	4725
17	4726
949	4727
177	4728
126	4729
73	4730
136	4731
4	4732
26	4733
34	4734
149	4735
32	4736
139	4737
20	4738
3	4739
2	4740
10	4741
25	4742
3	4743
4	4744
60	4745
10	4746
17	4747
4	4748
4	4749
37	4750
5	4751
148	4752
112	4753
80	4754
921	4755
232	4756
220	4757
1	4758
167	4759
139	4760
1	4761
6	4762
708	4763
80	4764
13	4765
4	4766
557	4767
99	4768
41	4769
84	4770
1	4771
76	4772
20	4773
98	4774
1	4775
35	4776
316	4777
97	4778
177	4779
419	4780
161	4781
143	4782
215	4783
51	4784
1	4785
6	4786
147	4787
100	4788
1	4789
35	4790
326	4791
76	4792
131	4793
42	4794
1	4795
84	4796
1	4797
494	4798
7	4799
317	4800
664	4801
217	4802
177	4803
267	4804
554	4805
9	4806
865	4807
81	4808
5	4809
124	4810
142	4811
258	4812
44	4813
244	4814
645	4815
1	4816
1	4817
23	4818
74	4819
1	4820
62	4821
89	4822
790	4823
56	4824
92	4825
660	4826
499	4827
605	4828
186	4829
5	4830
223	4831
33	4832
57	4833
15	4834
87	4835
66	4836
171	4837
18	4838
1	4839
121	4840
15	4841
27	4842
20	4843
86	4844
15	4845
135	4846
465	4847
62	4848
1	4849
1	4850
5	4851
1	4852
15	4853
10	4854
46	4855
145	4856
60	4857
15	4858
159	4859
120	4860
75	4861
714	4862
252	4863
839	4864
5	4865
62	4866
5	4867
223	4868
1	4869
9	4870
71	4871
159	4872
102	4873
63	4874
78	4875
309	4876
87	4877
6	4878
1	4879
15	4880
49	4881
15	4882
88	4883
170	4884
15	4885
178	4886
339	4887
5	4888
422	4889
173	4890
157	4891
89	4892
136	4893
543	4894
319	4895
501	4896
1	4897
296	4898
536	4899
431	4900
5	4901
79	4902
603	4903
342	4904
43	4905
120	4906
44	4907
68	4908
344	4909
10	4910
72	4911
49	4912
15	4913
60	4914
515	4915
73	4916
66	4917
68	4918
309	4919
493	4920
15	4921
248	4922
152	4923
114	4924
68	4925
339	4926
344	4927
198	4928
5	4929
49	4930
113	4931
432	4932
505	4933
295	4934
1066	4935
2	4936
15	4937
14	4938
46	4939
10	4940
309	4941
401	4942
183	4943
68	4944
324	4945
10	4946
1	4947
1	4948
128	4949
310	4950
644	4951
574	4952
94	4953
12	4954
658	4955
97	4956
38	4957
788	4958
52	4959
950	4960
1	4961
84	4962
740	4963
168	4964
3	4965
951	4966
40	4967
25	4968
2	4969
65	4970
141	4971
40	4972
3	4973
300	4974
710	4975
77	4976
8	4977
116	4978
37	4979
13	4980
25	4981
68	4982
22	4983
223	4984
112	4985
10	4986
72	4987
102	4988
38	4989
13	4990
394	4991
394	4992
37	4993
4	4994
321	4995
37	4996
341	4997
321	4998
4	4999
17	5000
400	5001
58	5002
58	5003
24	5004
24	5005
24	5006
24	5007
24	5008
24	5009
24	5010
24	5011
24	5012
24	5013
24	5014
24	5015
24	5016
24	5017
363	5018
20	5019
24	5020
14	5021
22	5022
148	5023
13	5024
4	5025
1	5026
74	5027
1	5028
74	5029
1	5030
1	5031
74	5032
1	5033
941	5034
11	5035
21	5036
21	5037
184	5038
54	5039
1	5040
550	5041
25	5042
101	5043
22	5044
366	5045
4	5046
112	5047
49	5048
141	5049
229	5050
73	5051
400	5052
14	5053
8	5054
175	5055
10	5056
17	5057
22	5058
27	5059
733	5060
37	5061
30	5062
9	5063
95	5064
336	5065
1	5066
191	5067
1018	5068
103	5069
200	5070
126	5071
6	5072
1	5073
328	5074
593	5075
546	5076
671	5077
71	5078
51	5079
795	5080
239	5081
22	5082
173	5083
366	5084
299	5085
237	5086
1	5087
11	5088
135	5089
106	5090
159	5091
31	5092
36	5093
303	5094
303	5095
159	5096
388	5097
159	5098
15	5099
387	5100
290	5101
7	5102
104	5103
528	5104
289	5105
183	5106
79	5107
83	5108
78	5109
237	5110
90	5111
1613	5112
335	5113
2	5114
23	5115
121	5116
477	5117
209	5118
39	5119
15	5120
1	5121
18	5122
15	5123
901	5124
184	5125
58	5126
58	5127
58	5128
58	5129
39	5130
47	5131
323	5132
69	5133
323	5134
31	5135
172	5136
81	5137
70	5138
100	5139
1	5140
6	5141
221	5142
188	5143
23	5144
1	5145
6	5146
1	5147
180	5148
2	5149
122	5150
64	5151
335	5152
22	5153
506	5154
702	5155
22	5156
173	5157
615	5158
863	5159
494	5160
1	5161
419	5162
282	5163
1	5164
6	5165
109	5166
1	5167
47	5168
573	5169
199	5170
356	5171
10	5172
4	5173
101	5174
22	5175
234	5176
242	5177
103	5178
103	5179
9	5180
344	5181
16	5182
132	5183
41	5184
41	5185
126	5186
1	5187
84	5188
1	5189
378	5190
151	5191
76	5192
39	5193
50	5194
46	5195
112	5196
10	5197
952	5198
14	5199
13	5200
148	5201
28	5202
97	5203
33	5204
108	5205
28	5206
34	5207
133	5208
1	5209
84	5210
246	5211
49	5212
393	5213
47	5214
300	5215
216	5216
1131	5217
20	5218
47	5219
211	5220
7	5221
101	5222
312	5223
105	5224
178	5225
147	5226
329	5227
333	5228
201	5229
134	5230
517	5231
532	5232
201	5233
325	5234
1	5235
41	5236
99	5237
689	5238
233	5239
130	5240
308	5241
94	5242
303	5243
196	5244
115	5245
16	5246
69	5247
57	5248
299	5249
345	5250
13	5251
5	5252
1	5253
139	5254
1	5255
66	5256
1	5257
1	5258
1	5259
1	5260
7	5261
57	5262
1	5263
117	5264
75	5265
50	5266
217	5267
217	5268
252	5269
56	5270
446	5271
92	5272
33	5273
53	5274
36	5275
215	5276
215	5277
501	5278
75	5279
4	5280
48	5281
924	5282
205	5283
6	5284
147	5285
259	5286
75	5287
31	5288
716	5289
422	5290
1	5291
565	5292
159	5293
19	5294
8	5295
95	5296
88	5297
15	5298
15	5299
543	5300
319	5301
25	5302
28	5303
427	5304
71	5305
1	5306
231	5307
43	5308
2	5309
27	5310
464	5311
20	5312
106	5313
95	5314
9	5315
1	5316
48	5317
63	5318
188	5319
41	5320
18	5321
1	5322
11	5323
15	5324
340	5325
1	5326
245	5327
79	5328
57	5329
63	5330
11	5331
1	5332
44	5333
44	5334
33	5335
15	5336
1	5337
1	5338
18	5339
100	5340
15	5341
11	5342
1	5343
159	5344
1	5345
136	5346
15	5347
1	5348
304	5349
117	5350
2	5351
9	5352
9	5353
9	5354
40	5355
1	5356
20	5357
41	5358
97	5359
15	5360
209	5361
167	5362
203	5363
11	5364
25	5365
7	5366
530	5367
1	5368
1	5369
7	5370
259	5371
69	5372
1	5373
74	5374
395	5375
379	5376
77	5377
199	5378
288	5379
161	5380
1	5381
51	5382
117	5383
49	5384
13	5385
115	5386
506	5387
1	5388
126	5389
161	5390
272	5391
237	5392
66	5393
19	5394
1	5395
346	5396
33	5397
33	5398
3	5399
62	5400
37	5401
402	5402
600	5403
204	5404
319	5405
41	5406
57	5407
716	5408
7	5409
68	5410
116	5411
89	5412
36	5413
89	5414
31	5415
91	5416
31	5417
157	5418
31	5419
157	5420
31	5421
11	5422
1	5423
499	5424
1	5425
106	5426
43	5427
363	5428
647	5429
195	5430
2	5431
2	5432
68	5433
164	5434
72	5435
220	5436
20	5437
20	5438
678	5439
262	5440
161	5441
267	5442
105	5443
7	5444
126	5445
5	5446
104	5447
143	5448
771	5449
142	5450
519	5451
190	5452
41	5453
218	5454
479	5455
156	5456
1	5457
73	5458
85	5459
97	5460
176	5461
36	5462
58	5463
397	5464
1	5465
1	5466
16	5467
27	5468
142	5469
214	5470
37	5471
142	5472
27	5473
1	5474
43	5475
120	5476
147	5477
115	5478
75	5479
114	5480
203	5481
463	5482
320	5483
97	5484
91	5485
45	5486
116	5487
111	5488
183	5489
81	5490
111	5491
602	5492
615	5493
797	5494
22	5495
66	5496
204	5497
767	5498
130	5499
305	5500
408	5501
553	5502
687	5503
430	5504
453	5505
554	5506
489	5507
868	5508
30	5509
122	5510
115	5511
434	5512
46	5513
143	5514
267	5515
28	5516
1	5517
1	5518
62	5519
162	5520
85	5521
6	5522
1	5523
108	5524
207	5525
5	5526
95	5527
228	5528
233	5529
55	5530
19	5531
1	5532
178	5533
20	5534
270	5535
43	5536
43	5537
1	5538
6	5539
23	5540
6	5541
1	5542
1	5543
1	5544
11	5545
88	5546
1	5547
6	5548
1	5549
6	5550
1	5551
19	5552
8	5553
54	5554
9	5555
273	5556
410	5557
1	5558
115	5559
265	5560
178	5561
1	5562
48	5563
29	5564
218	5565
311	5566
145	5567
137	5568
132	5569
278	5570
2	5571
6	5572
1	5573
1	5574
566	5575
3	5576
116	5577
2	5578
16	5579
115	5580
218	5581
8	5582
14	5583
159	5584
4	5585
8	5586
52	5587
35	5588
199	5589
272	5590
40	5591
141	5592
106	5593
1	5594
11	5595
8	5596
28	5597
1	5598
11	5599
18	5600
1	5601
121	5602
15	5603
10	5604
180	5605
469	5606
64	5607
214	5608
1	5609
11	5610
108	5611
572	5612
1	5613
83	5614
4	5615
5	5616
9	5617
9	5618
217	5619
120	5620
49	5621
1	5622
109	5623
413	5624
237	5625
2	5626
27	5627
100	5628
18	5629
1	5630
40	5631
27	5632
5	5633
165	5634
159	5635
27	5636
27	5637
61	5638
1	5639
1	5640
41	5641
54	5642
42	5643
114	5644
722	5645
1	5646
6	5647
1	5648
15	5649
259	5650
1	5651
54	5652
203	5653
11	5654
1	5655
35	5656
6	5657
1	5658
267	5659
42	5660
46	5661
10	5662
54	5663
2	5664
6	5665
1	5666
1	5667
74	5668
109	5669
1	5670
1	5671
191	5672
1	5673
1	5674
61	5675
74	5676
1	5677
90	5678
74	5679
73	5680
18	5681
1	5682
469	5683
1	5684
48	5685
1	5686
61	5687
1	5688
61	5689
290	5690
170	5691
276	5692
62	5693
76	5694
43	5695
43	5696
28	5697
1	5698
138	5699
152	5700
1	5701
48	5702
1	5703
191	5704
300	5705
73	5706
1	5707
29	5708
371	5709
945	5710
4	5711
4	5712
42	5713
171	5714
41	5715
1	5716
191	5717
1	5718
314	5719
17	5720
37	5721
126	5722
147	5723
555	5724
436	5725
653	5726
67	5727
557	5728
124	5729
51	5730
124	5731
130	5732
392	5733
240	5734
648	5735
4	5736
41	5737
200	5738
207	5739
279	5740
320	5741
15	5742
1	5743
55	5744
279	5745
177	5746
90	5747
158	5748
866	5749
9	5750
1	5751
86	5752
27	5753
222	5754
664	5755
290	5756
136	5757
22	5758
744	5759
40	5760
409	5761
194	5762
269	5763
564	5764
1	5765
11	5766
270	5767
376	5768
29	5769
1	5770
138	5771
277	5772
579	5773
8	5774
667	5775
1025	5776
129	5777
120	5778
470	5779
609	5780
302	5781
121	5782
381	5783
60	5784
471	5785
242	5786
2	5787
4	5788
1604	5789
472	5790
25	5791
10	5792
72	5793
46	5794
25	5795
10	5796
3	5797
98	5798
10	5799
72	5800
37	5801
40	5802
37	5803
37	5804
60	5805
36	5806
579	5807
184	5808
264	5809
34	5810
486	5811
10	5812
72	5813
46	5814
2	5815
27	5816
1	5817
225	5818
14	5819
17	5820
100	5821
572	5822
21	5823
1	5824
18	5825
16	5826
423	5827
93	5828
16	5829
154	5830
272	5831
20	5832
20	5833
164	5834
20	5835
598	5836
15	5837
40	5838
13	5839
420	5840
129	5841
129	5842
25	5843
31	5844
66	5845
114	5846
33	5847
186	5848
2	5849
417	5850
475	5851
165	5852
401	5853
15	5854
406	5855
119	5856
69	5857
69	5858
15	5859
46	5860
406	5861
406	5862
63	5863
141	5864
56	5865
138	5866
659	5867
700	5868
56	5869
92	5870
7	5871
772	5872
40	5873
3	5874
123	5875
2	5876
65	5877
389	5878
98	5879
171	5880
422	5881
50	5882
40	5883
33	5884
43	5885
50	5886
351	5887
734	5888
351	5889
4	5890
3	5891
2	5892
3	5893
2	5894
2	5895
2	5896
25	5897
492	5898
365	5899
33	5900
493	5901
16	5902
547	5903
521	5904
810	5905
681	5906
628	5907
376	5908
374	5909
362	5910
375	5911
371	5912
635	5913
450	5914
623	5915
452	5916
443	5917
632	5918
525	5919
492	5920
257	5921
1	5922
6	5923
1	5924
61	5925
11	5926
1	5927
130	5928
157	5929
89	5930
157	5931
89	5932
60	5933
726	5934
357	5935
425	5936
721	5937
584	5938
416	5939
1607	5940
1056	5941
498	5942
1302	5943
585	5944
1303	5945
735	5946
980	5947
347	5948
718	5949
1321	5950
483	5951
1035	5952
729	5953
731	5954
1598	5955
222	5956
1600	5957
599	5958
600	5959
1627	5960
486	5961
1606	5962
737	5963
1230	5964
1252	5965
1191	5966
1132	5967
1608	5968
1614	5969
1616	5970
637	5971
376	5972
256	5973
373	5974
60	5975
194	5976
30	5977
194	5978
379	5979
341	5980
712	5981
154	5982
1	5983
185	5984
1	5985
428	5986
293	5987
288	5988
456	5989
214	5990
103	5991
72	5992
46	5993
10	5994
8	5995
834	5996
196	5997
153	5998
1	5999
315	6000
759	6001
25	6002
153	6003
115	6004
3	6005
22	6006
12	6007
275	6008
293	6009
63	6010
79	6011
19	6012
1	6013
30	6014
5	6015
424	6016
650	6017
424	6018
73	6019
43	6020
377	6021
63	6022
396	6023
63	6024
250	6025
250	6026
202	6027
56	6028
56	6029
202	6030
620	6031
307	6032
473	6033
92	6034
202	6035
56	6036
259	6037
48	6038
1602	6039
96	6040
20	6041
228	6042
233	6043
119	6044
271	6045
75	6046
114	6047
114	6048
57	6049
417	6050
218	6051
223	6052
4	6053
3	6054
2	6055
162	6056
1	6057
17	6058
108	6059
150	6060
922	6061
156	6062
210	6063
1	6064
80	6065
1	6066
11	6067
1	6068
19	6069
496	6070
5	6071
5	6072
495	6073
475	6074
12	6075
122	6076
134	6077
1	6078
1	6079
1	6080
185	6081
1	6082
400	6083
136	6084
1	6085
109	6086
1	6087
1	6088
29	6089
29	6090
1	6091
1	6092
29	6093
190	6094
1	6095
29	6096
212	6097
1	6098
13	6099
197	6100
1	6101
491	6102
57	6103
20	6104
25	6105
259	6106
68	6107
79	6108
44	6109
583	6110
115	6111
93	6112
47	6113
818	6114
285	6115
22	6116
355	6117
178	6118
394	6119
145	6120
145	6121
143	6122
179	6123
271	6124
309	6125
179	6126
265	6127
398	6128
398	6129
398	6130
204	6131
65	6132
26	6133
123	6134
39	6135
586	6136
185	6137
1	6138
19	6139
1	6140
6	6141
1	6142
1	6143
6	6144
85	6145
2	6146
500	6147
7	6148
313	6149
1	6150
414	6151
498	6152
3	6153
2	6154
150	6155
1	6156
289	6157
7	6158
1	6159
260	6160
286	6161
22	6162
535	6163
366	6164
386	6165
870	6166
590	6167
163	6168
8	6169
357	6170
601	6171
137	6172
53	6173
13	6174
243	6175
213	6176
57	6177
483	6178
164	6179
39	6180
175	6181
4	6182
14	6183
665	6184
1599	6185
585	6186
604	6187
50	6188
260	6189
55	6190
213	6191
243	6192
599	6193
483	6194
20	6195
872	6196
883	6197
665	6198
845	6199
888	6200
885	6201
871	6202
882	6203
892	6204
928	6205
805	6206
878	6207
827	6208
929	6209
877	6210
850	6211
824	6212
887	6213
849	6214
833	6215
30	6216
594	6217
355	6218
650	6219
424	6220
477	6221
32	6222
54	6223
9	6224
54	6225
54	6226
5	6227
23	6228
44	6229
91	6230
91	6231
50	6232
718	6233
168	6234
5	6235
168	6236
415	6237
229	6238
599	6239
1	6240
11	6241
575	6242
82	6243
43	6244
504	6245
1	6246
42	6247
246	6248
272	6249
126	6250
439	6251
45	6252
137	6253
27	6254
648	6255
1	6256
35	6257
416	6258
30	6259
1	6260
214	6261
1	6262
11	6263
1	6264
55	6265
349	6266
384	6267
14	6268
100	6269
15	6270
1	6271
6	6272
11	6273
1	6274
384	6275
2	6276
72	6277
10	6278
88	6279
8	6280
1	6281
3	6282
285	6283
130	6284
19	6285
32	6286
82	6287
1	6288
191	6289
52	6290
54	6291
2	6292
3	6293
2	6294
1	6295
6	6296
6	6297
1	6298
39	6299
408	6300
142	6301
149	6302
379	6303
16	6304
164	6305
69	6306
1	6307
1	6308
392	6309
75	6310
11	6311
1	6312
25	6313
1	6314
42	6315
154	6316
1	6317
1	6318
80	6319
137	6320
43	6321
11	6322
1	6323
8	6324
1	6325
4	6326
1	6327
222	6328
273	6329
851	6330
699	6331
479	6332
7	6333
67	6334
44	6335
1	6336
8	6337
27	6338
519	6339
27	6340
1	6341
86	6342
208	6343
61	6344
10	6345
403	6346
222	6347
1	6348
1	6349
74	6350
137	6351
67	6352
263	6353
104	6354
27	6355
118	6356
133	6357
19	6358
95	6359
19	6360
1	6361
55	6362
170	6363
34	6364
167	6365
41	6366
339	6367
49	6368
1	6369
1	6370
117	6371
614	6372
151	6373
45	6374
10	6375
46	6376
93	6377
1	6378
3	6379
235	6380
21	6381
151	6382
20	6383
399	6384
399	6385
399	6386
79	6387
51	6388
76	6389
842	6390
80	6391
78	6392
116	6393
58	6394
81	6395
331	6396
47	6397
237	6398
45	6399
235	6400
21	6401
144	6402
84	6403
3	6404
3	6405
408	6406
529	6407
817	6408
8	6409
717	6410
55	6411
16	6412
249	6413
410	6414
940	6415
914	6416
361	6417
667	6418
879	6419
542	6420
533	6421
1	6422
131	6423
72	6424
10	6425
151	6426
17	6427
331	6428
666	6429
147	6430
90	6431
331	6432
17	6433
325	6434
211	6435
5	6436
5	6437
105	6438
434	6439
424	6440
483	6441
1	6442
5	6443
5	6444
5	6445
5	6446
301	6447
454	6448
907	6449
1	6450
19	6451
396	6452
1	6453
60	6454
25	6455
621	6456
31	6457
176	6458
214	6459
28	6460
13	6461
112	6462
112	6463
10	6464
46	6465
5	6466
760	6467
3	6468
3	6469
376	6470
118	6471
23	6472
5	6473
253	6474
1	6475
11	6476
137	6477
346	6478
1	6479
2	6480
125	6481
293	6482
2	6483
127	6484
13	6485
1	6486
7	6487
42	6488
24	6489
42	6490
2	6491
3	6492
5	6493
5	6494
1	6495
6	6496
3	6497
2	6498
4	6499
4	6500
3	6501
2	6502
1	6503
6	6504
169	6505
4	6506
572	6507
37	6508
141	6509
141	6510
50	6511
20	6512
53	6513
341	6514
250	6515
166	6516
23	6517
19	6518
1	6519
251	6520
838	6521
251	6522
2	6523
28	6524
28	6525
23	6526
5	6527
76	6528
5	6529
16	6530
43	6531
227	6532
163	6533
19	6534
1	6535
275	6536
387	6537
127	6538
77	6539
53	6540
149	6541
13	6542
3	6543
14	6544
14	6545
3	6546
1323	6547
2	6548
3	6549
2	6550
30	6551
96	6552
3	6553
40	6554
1	6555
35	6556
86	6557
1	6558
6	6559
1	6560
50	6561
1	6562
185	6563
1	6564
84	6565
3	6566
2	6567
9	6568
59	6569
27	6570
3	6571
2	6572
133	6573
2	6574
112	6575
34	6576
17	6577
14	6578
52	6579
3	6580
40	6581
1	6582
84	6583
59	6584
56	6585
42	6586
241	6587
2	6588
125	6589
300	6590
59	6591
38	6592
13	6593
2	6594
52	6595
13	6596
59	6597
3	6598
2	6599
2	6600
3	6601
2	6602
2	6603
2	6604
34	6605
38	6606
52	6607
59	6608
167	6609
38	6610
4	6611
38	6612
52	6613
59	6614
919	6615
387	6616
206	6617
300	6618
28	6619
4	6620
324	6621
63	6622
3	6623
3	6624
3	6625
4	6626
169	6627
3	6628
41	6629
185	6630
1	6631
194	6632
194	6633
129	6634
227	6635
3	6636
1	6637
2	6638
802	6639
1	6640
1	6641
1	6642
23	6643
23	6644
78	6645
873	6646
13	6647
34	6648
1	6649
1	6650
26	6651
465	6652
197	6653
24	6654
24	6655
2	6656
34	6657
133	6658
19	6659
1	6660
511	6661
5	6662
2	6663
4	6664
169	6665
232	6666
9	6667
1	6668
11	6669
70	6670
28	6671
166	6672
1	6673
15	6674
5	6675
85	6676
24	6677
59	6678
162	6679
4	6680
195	6681
20	6682
105	6683
162	6684
39	6685
13	6686
70	6687
15	6688
85	6689
13	6690
124	6691
394	6692
197	6693
78	6694
85	6695
77	6696
28	6697
51	6698
14	6699
125	6700
125	6701
490	6702
178	6703
268	6704
1	6705
23	6706
23	6707
40	6708
22	6709
2	6710
44	6711
55	6712
71	6713
418	6714
475	6715
69	6716
155	6717
174	6718
416	6719
1	6720
24	6721
412	6722
255	6723
207	6724
510	6725
1	6726
86	6727
1	6728
105	6729
188	6730
3	6731
2	6732
140	6733
1	6734
11	6735
1187	6736
148	6737
112	6738
874	6739
78	6740
59	6741
481	6742
473	6743
734	6744
430	6745
453	6746
134	6747
64	6748
76	6749
576	6750
478	6751
92	6752
56	6753
225	6754
65	6755
470	6756
12	6757
587	6758
724	6759
629	6760
18	6761
257	6762
152	6763
291	6764
60	6765
219	6766
265	6767
343	6768
297	6769
108	6770
12	6771
1	6772
32	6773
21	6774
32	6775
5	6776
73	6777
751	6778
65	6779
59	6780
59	6781
164	6782
266	6783
200	6784
30	6785
25	6786
65	6787
157	6788
89	6789
22	6790
37	6791
41	6792
271	6793
17	6794
14	6795
3	6796
17	6797
17	6798
14	6799
17	6800
34	6801
10	6802
17	6803
14	6804
17	6805
14	6806
17	6807
14	6808
14	6809
72	6810
17	6811
10	6812
112	6813
749	6814
17	6815
112	6816
5	6817
5	6818
5	6819
5	6820
5	6821
5	6822
5	6823
5	6824
5	6825
5	6826
5	6827
5	6828
5	6829
5	6830
5	6831
48	6832
1	6833
28	6834
11	6835
1	6836
19	6837
76	6838
41	6839
63	6840
15	6841
252	6842
60	6843
1	6844
11	6845
148	6846
62	6847
59	6848
64	6849
266	6850
5	6851
1	6852
1	6853
192	6854
11	6855
1	6856
11	6857
1	6858
1	6859
7	6860
1	6861
11	6862
1	6863
11	6864
1	6865
11	6866
1	6867
6	6868
1	6869
11	6870
1	6871
11	6872
11	6873
1	6874
43	6875
451	6876
126	6877
55	6878
30	6879
212	6880
1	6881
1	6882
29	6883
29	6884
1	6885
1	6886
29	6887
29	6888
1	6889
1	6890
29	6891
63	6892
29	6893
1	6894
212	6895
1	6896
212	6897
7	6898
29	6899
1	6900
1	6901
29	6902
1	6903
29	6904
29	6905
1	6906
1	6907
212	6908
104	6909
820	6910
31	6911
36	6912
265	6913
220	6914
27	6915
4	6916
8	6917
160	6918
8	6919
501	6920
1	6921
349	6922
1	6923
6	6924
238	6925
198	6926
311	6927
5	6928
800	6929
124	6930
338	6931
128	6932
856	6933
345	6934
20	6935
123	6936
122	6937
13	6938
166	6939
1	6940
340	6941
1	6942
39	6943
1	6944
1	6945
122	6946
26	6947
1	6948
122	6949
164	6950
13	6951
39	6952
64	6953
39	6954
261	6955
468	6956
336	6957
96	6958
571	6959
1	6960
117	6961
71	6962
70	6963
14	6964
153	6965
89	6966
51	6967
7	6968
88	6969
3	6970
40	6971
105	6972
139	6973
13	6974
522	6975
1	6976
6	6977
240	6978
165	6979
124	6980
49	6981
203	6982
64	6983
102	6984
66	6985
110	6986
9	6987
152	6988
111	6989
49	6990
90	6991
51	6992
63	6993
31	6994
31	6995
1	6996
89	6997
157	6998
25	6999
103	7000
103	7001
203	7002
299	7003
58	7004
66	7005
170	7006
73	7007
46	7008
33	7009
255	7010
15	7011
115	7012
178	7013
203	7014
64	7015
136	7016
170	7017
3	7018
14	7019
18	7020
310	7021
10	7022
1	7023
6	7024
1	7025
11	7026
3	7027
2	7028
2	7029
3	7030
1	7031
19	7032
46	7033
339	7034
25	7035
3	7036
73	7037
13	7038
73	7039
102	7040
87	7041
103	7042
10	7043
618	7044
197	7045
145	7046
9	7047
19	7048
1	7049
1	7050
15	7051
45	7052
15	7053
50	7054
51	7055
152	7056
170	7057
31	7058
252	7059
50	7060
710	7061
5	7062
157	7063
24	7064
20	7065
136	7066
5	7067
345	7068
2	7069
108	7070
50	7071
5	7072
102	7073
89	7074
66	7075
14	7076
6	7077
1	7078
17	7079
66	7080
15	7081
10	7082
210	7083
7	7084
1	7085
72	7086
10	7087
54	7088
58	7089
80	7090
17	7091
252	7092
73	7093
171	7094
36	7095
102	7096
8	7097
36	7098
10	7099
85	7100
31	7101
36	7102
219	7103
97	7104
290	7105
94	7106
16	7107
48	7108
259	7109
96	7110
60	7111
12	7112
299	7113
477	7114
13	7115
225	7116
102	7117
87	7118
59	7119
542	7120
31	7121
358	7122
358	7123
261	7124
7	7125
1	7126
426	7127
56	7128
92	7129
106	7130
135	7131
218	7132
62	7133
62	7134
208	7135
335	7136
31	7137
31	7138
78	7139
77	7140
14	7141
5	7142
34	7143
2	7144
123	7145
2	7146
238	7147
14	7148
97	7149
64	7150
4	7151
4	7152
28	7153
162	7154
213	7155
4	7156
55	7157
99	7158
548	7159
2	7160
3	7161
2	7162
150	7163
30	7164
297	7165
51	7166
64	7167
238	7168
13	7169
113	7170
891	7171
12	7172
28	7173
28	7174
392	7175
139	7176
24	7177
111	7178
17	7179
17	7180
188	7181
1	7182
48	7183
27	7184
200	7185
452	7186
14	7187
14	7188
17	7189
21	7190
26	7191
30	7192
332	7193
105	7194
375	7195
628	7196
373	7197
21	7198
440	7199
227	7200
32	7201
507	7202
184	7203
30	7204
235	7205
21	7206
547	7207
926	7208
9	7209
99	7210
27	7211
349	7212
147	7213
328	7214
207	7215
281	7216
93	7217
26	7218
484	7219
171	7220
26	7221
126	7222
50	7223
556	7224
556	7225
71	7226
755	7227
37	7228
3	7229
105	7230
21	7231
357	7232
67	7233
71	7234
57	7235
40	7236
5	7237
18	7238
62	7239
1	7240
97	7241
9	7242
9	7243
6	7244
1	7245
1	7246
6	7247
1	7248
35	7249
61	7250
1	7251
6	7252
1	7253
1	7254
6	7255
8	7256
5	7257
1	7258
191	7259
18	7260
5	7261
875	7262
784	7263
53	7264
67	7265
131	7266
286	7267
4	7268
165	7269
131	7270
131	7271
9	7272
1	7273
86	7274
1	7275
4	7276
120	7277
418	7278
162	7279
242	7280
234	7281
202	7282
334	7283
216	7284
160	7285
9	7286
205	7287
423	7288
13	7289
166	7290
354	7291
666	7292
354	7293
88	7294
245	7295
100	7296
381	7297
381	7298
209	7299
28	7300
34	7301
147	7302
49	7303
340	7304
46	7305
417	7306
541	7307
209	7308
83	7309
196	7310
144	7311
180	7312
162	7313
677	7314
294	7315
25	7316
45	7317
91	7318
736	7319
380	7320
110	7321
64	7322
77	7323
30	7324
420	7325
435	7326
83	7327
1	7328
277	7329
377	7330
377	7331
83	7332
155	7333
193	7334
1	7335
130	7336
103	7337
85	7338
192	7339
7	7340
12	7341
174	7342
119	7343
1	7344
194	7345
241	7346
1	7347
6	7348
83	7349
83	7350
840	7351
95	7352
12	7353
389	7354
60	7355
177	7356
607	7357
97	7358
472	7359
97	7360
97	7361
9	7362
132	7363
11	7364
1	7365
18	7366
327	7367
21	7368
230	7369
158	7370
19	7371
32	7372
1	7373
1	7374
6	7375
1	7376
61	7377
19	7378
1	7379
1	7380
1	7381
19	7382
1	7383
52	7384
8	7385
180	7386
19	7387
199	7388
685	7389
75	7390
43	7391
18	7392
142	7393
22	7394
222	7395
486	7396
28	7397
7	7398
263	7399
464	7400
13	7401
254	7402
467	7403
30	7404
27	7405
142	7406
920	7407
12	7408
264	7409
82	7410
90	7411
419	7412
495	7413
145	7414
262	7415
262	7416
313	7417
262	7418
624	7419
180	7420
2	7421
5	7422
40	7423
578	7424
671	7425
51	7426
1	7427
77	7428
70	7429
8	7430
425	7431
41	7432
613	7433
96	7434
268	7435
159	7436
132	7437
15	7438
121	7439
158	7440
50	7441
695	7442
462	7443
284	7444
1126	7445
20	7446
43	7447
268	7448
223	7449
499	7450
70	7451
75	7452
1	7453
48	7454
104	7455
95	7456
9	7457
549	7458
14	7459
405	7460
49	7461
210	7462
1	7463
48	7464
48	7465
259	7466
1	7467
37	7468
189	7469
189	7470
189	7471
189	7472
189	7473
189	7474
31	7475
90	7476
13	7477
131	7478
218	7479
26	7480
26	7481
60	7482
26	7483
66	7484
117	7485
1	7486
449	7487
927	7488
768	7489
132	7490
24	7491
149	7492
125	7493
302	7494
50	7495
9	7496
66	7497
1	7498
18	7499
1	7500
15	7501
2	7502
3	7503
282	7504
581	7505
9	7506
39	7507
43	7508
557	7509
18	7510
333	7511
5	7512
79	7513
26	7514
124	7515
88	7516
41	7517
11	7518
1	7519
241	7520
611	7521
89	7522
157	7523
25	7524
90	7525
90	7526
237	7527
26	7528
26	7529
446	7530
92	7531
218	7532
4	7533
53	7534
368	7535
149	7536
295	7537
295	7538
707	7539
132	7540
104	7541
7	7542
25	7543
147	7544
74	7545
30	7546
249	7547
163	7548
163	7549
260	7550
1	7551
16	7552
151	7553
1	7554
61	7555
163	7556
238	7557
70	7558
467	7559
96	7560
220	7561
226	7562
526	7563
178	7564
1597	7565
675	7566
445	7567
296	7568
431	7569
80	7570
201	7571
381	7572
582	7573
91	7574
31	7575
140	7576
803	7577
18	7578
9	7579
1	7580
18	7581
18	7582
1	7583
21	7584
159	7585
89	7586
43	7587
1	7588
84	7589
58	7590
11	7591
1	7592
45	7593
47	7594
244	7595
53	7596
53	7597
45	7598
2	7599
41	7600
10	7601
15	7602
12	7603
35	7604
125	7605
11	7606
1	7607
2	7608
1	7609
11	7610
188	7611
45	7612
155	7613
69	7614
47	7615
44	7616
60	7617
45	7618
50	7619
435	7620
350	7621
2	7622
233	7623
228	7624
236	7625
119	7626
113	7627
47	7628
406	7629
36	7630
110	7631
1	7632
42	7633
106	7634
55	7635
175	7636
127	7637
77	7638
333	7639
604	7640
250	7641
721	7642
158	7643
588	7644
27	7645
458	7646
7	7647
162	7648
108	7649
116	7650
171	7651
47	7652
22	7653
8	7654
103	7655
22	7656
380	7657
42	7658
70	7659
167	7660
1	7661
61	7662
26	7663
180	7664
154	7665
172	7666
47	7667
10	7668
174	7669
134	7670
764	7671
16	7672
94	7673
1258	7674
1	7675
74	7676
7	7677
388	7678
616	7679
63	7680
278	7681
9	7682
9	7683
276	7684
670	7685
1	7686
48	7687
1	7688
3	7689
131	7690
34	7691
47	7692
323	7693
78	7694
81	7695
151	7696
239	7697
73	7698
96	7699
125	7700
59	7701
2	7702
451	7703
45	7704
1	7705
11	7706
1	7707
29	7708
1	7709
1	7710
1	7711
1	7712
1	7713
8	7714
3	7715
2	7716
59	7717
59	7718
59	7719
1	7720
1	7721
48	7722
34	7723
3	7724
193	7725
59	7726
1	7727
35	7728
1	7729
124	7730
239	7731
11	7732
1	7733
1	7734
68	7735
1	7736
23	7737
26	7738
26	7739
26	7740
26	7741
26	7742
26	7743
1	7744
35	7745
1	7746
1	7747
11	7748
35	7749
1	7750
1	7751
118	7752
26	7753
28	7754
1	7755
6	7756
1	7757
24	7758
88	7759
3	7760
1	7761
54	7762
36	7763
3	7764
2	7765
75	7766
251	7767
1	7768
6	7769
149	7770
1	7771
26	7772
106	7773
34	7774
15	7775
15	7776
386	7777
34	7778
1	7779
1626	7780
13	7781
27	7782
123	7783
2	7784
47	7785
34	7786
12	7787
75	7788
715	7789
167	7790
50	7791
17	7792
123	7793
8	7794
98	7795
281	7796
47	7797
68	7798
30	7799
261	7800
261	7801
188	7802
32	7803
1	7804
34	7805
72	7806
10	7807
59	7808
1	7809
57	7810
1	7811
1	7812
125	7813
154	7814
91	7815
1	7816
1	7817
1	7818
23	7819
47	7820
34	7821
19	7822
13	7823
40	7824
3	7825
1	7826
29	7827
65	7828
5	7829
33	7830
65	7831
65	7832
65	7833
5	7834
79	7835
4	7836
466	7837
8	7838
79	7839
226	7840
221	7841
221	7842
250	7843
1233	7844
1306	7845
1309	7846
1317	7847
686	7848
91	7849
91	7850
9	7851
165	7852
221	7853
196	7854
239	7855
204	7856
204	7857
696	7858
6	7859
1	7860
1	7861
1	7862
70	7863
221	7864
221	7865
221	7866
1	7867
11	7868
1	7869
42	7870
42	7871
1	7872
29	7873
317	7874
934	7875
1	7876
7	7877
327	7878
1	7879
19	7880
16	7881
16	7882
170	7883
27	7884
427	7885
26	7886
9	7887
57	7888
559	7889
149	7890
490	7891
425	7892
357	7893
60	7894
646	7895
44	7896
58	7897
44	7898
44	7899
254	7900
796	7901
44	7902
44	7903
68	7904
30	7905
44	7906
44	7907
71	7908
94	7909
212	7910
130	7911
690	7912
905	7913
402	7914
1	7915
9	7916
638	7917
626	7918
400	7919
98	7920
713	7921
223	7922
696	7923
216	7924
13	7925
13	7926
13	7927
472	7928
1195	7929
685	7930
261	7931
373	7932
709	7933
146	7934
11	7935
1	7936
1	7937
1	7938
19	7939
25	7940
105	7941
27	7942
144	7943
85	7944
9	7945
76	7946
39	7947
9	7948
1236	7949
1312	7950
1310	7951
254	7952
254	7953
8	7954
1	7955
1622	7956
7	7957
313	7958
262	7959
32	7960
20	7961
1	7962
4	7963
912	7964
2	7965
38	7966
170	7967
328	7968
328	7969
57	7970
272	7971
115	7972
18	7973
225	7974
35	7975
136	7976
6	7977
1	7978
47	7979
58	7980
54	7981
1	7982
170	7983
9	7984
39	7985
152	7986
51	7987
87	7988
66	7989
26	7990
88	7991
148	7992
44	7993
693	7994
414	7995
197	7996
7	7997
1	7998
1	7999
54	8000
445	8001
1	8002
1	8003
1	8004
23	8005
62	8006
16	8007
78	8008
128	8009
787	8010
54	8011
844	8012
226	8013
97	8014
49	8015
102	8016
401	8017
1	8018
1	8019
359	8020
669	8021
1129	8022
1	8023
42	8024
185	8025
313	8026
272	8027
391	8028
147	8029
147	8030
62	8031
727	8032
1	8033
918	8034
786	8035
74	8036
1	8037
115	8038
1	8039
1	8040
29	8041
29	8042
1	8043
158	8044
1	8045
326	8046
55	8047
1	8048
74	8049
4	8050
4	8051
1	8052
357	8053
200	8054
128	8055
30	8056
906	8057
5	8058
407	8059
776	8060
14	8061
14	8062
17	8063
17	8064
14	8065
45	8066
35	8067
1	8068
176	8069
77	8070
31	8071
23	8072
158	8073
338	8074
14	8075
69	8076
301	8077
181	8078
181	8079
843	8080
8	8081
14	8082
14	8083
46	8084
217	8085
298	8086
4	8087
9	8088
7	8089
1	8090
211	8091
1	8092
42	8093
1	8094
1	8095
6	8096
1	8097
1	8098
595	8099
14	8100
14	8101
153	8102
10	8103
8	8104
545	8105
14	8106
276	8107
245	8108
245	8109
456	8110
482	8111
144	8112
305	8113
99	8114
1	8115
232	8116
1	8117
86	8118
172	8119
71	8120
122	8121
2	8122
3	8123
3	8124
3	8125
3	8126
2	8127
3	8128
25	8129
3	8130
225	8131
3	8132
3	8133
98	8134
5	8135
3	8136
3	8137
3	8138
3	8139
58	8140
8	8141
44	8142
235	8143
55	8144
1	8145
6	8146
32	8147
1	8148
77	8149
53	8150
1	8151
1	8152
1	8153
1	8154
1	8155
1	8156
1	8157
1	8158
1	8159
7	8160
1	8161
1	8162
1	8163
1	8164
88	8165
44	8166
46	8167
10	8168
2	8169
1	8170
298	8171
144	8172
4	8173
23	8174
185	8175
10	8176
10	8177
14	8178
72	8179
807	8180
21	8181
129	8182
129	8183
610	8184
215	8185
27	8186
27	8187
38	8188
9	8189
223	8190
680	8191
14	8192
2	8193
216	8194
307	8195
82	8196
20	8197
9	8198
109	8199
1	8200
54	8201
1	8202
1	8203
33	8204
181	8205
198	8206
361	8207
361	8208
342	8209
33	8210
236	8211
91	8212
489	8213
140	8214
722	8215
53	8216
621	8217
34	8218
34	8219
228	8220
41	8221
16	8222
274	8223
133	8224
34	8225
57	8226
1	8227
102	8228
244	8229
93	8230
158	8231
165	8232
304	8233
233	8234
534	8235
312	8236
98	8237
466	8238
286	8239
4	8240
69	8241
89	8242
1	8243
21	8244
257	8245
188	8246
578	8247
29	8248
1	8249
47	8250
15	8251
8	8252
63	8253
561	8254
561	8255
63	8256
63	8257
63	8258
63	8259
63	8260
79	8261
69	8262
79	8263
63	8264
183	8265
274	8266
770	8267
1299	8268
1625	8269
50	8270
97	8271
64	8272
9	8273
189	8274
100	8275
100	8276
651	8277
140	8278
705	8279
82	8280
1612	8281
47	8282
651	8283
111	8284
79	8285
152	8286
4	8287
59	8288
138	8289
876	8290
120	8291
329	8292
148	8293
12	8294
617	8295
156	8296
190	8297
51	8298
676	8299
2	8300
3	8301
3	8302
40	8303
2	8304
2	8305
3	8306
2	8307
3	8308
253	8309
3	8310
40	8311
3	8312
40	8313
761	8314
40	8315
40	8316
3	8317
40	8318
2	8319
3	8320
2	8321
368	8322
16	8323
94	8324
58	8325
16	8326
177	8327
16	8328
96	8329
94	8330
70	8331
837	8332
94	8333
83	8334
83	8335
272	8336
78	8337
62	8338
318	8339
378	8340
91	8341
161	8342
75	8343
5	8344
152	8345
177	8346
177	8347
109	8348
1	8349
1	8350
4	8351
4	8352
4	8353
118	8354
118	8355
229	8356
137	8357
367	8358
4	8359
300	8360
28	8361
4	8362
4	8363
13	8364
219	8365
141	8366
141	8367
13	8368
28	8369
137	8370
197	8371
141	8372
141	8373
792	8374
4	8375
367	8376
263	8377
1609	8378
4	8379
219	8380
367	8381
28	8382
1610	8383
51	8384
175	8385
45	8386
32	8387
100	8388
285	8389
273	8390
2	8391
465	8392
24	8393
24	8394
379	8395
63	8396
1	8397
147	8398
69	8399
346	8400
133	8401
139	8402
172	8403
30	8404
9	8405
9	8406
121	8407
75	8408
64	8409
449	8410
7	8411
1	8412
1	8413
304	8414
49	8415
95	8416
95	8417
83	8418
6	8419
1	8420
551	8421
23	8422
60	8423
733	8424
189	8425
33	8426
315	8427
5	8428
358	8429
108	8430
138	8431
92	8432
56	8433
92	8434
56	8435
351	8436
179	8437
33	8438
460	8439
129	8440
45	8441
129	8442
138	8443
231	8444
231	8445
69	8446
68	8447
186	8448
187	8449
33	8450
417	8451
13	8452
464	8453
245	8454
314	8455
319	8456
314	8457
543	8458
105	8459
1	8460
6	8461
4	8462
916	8463
1	8464
29	8465
55	8466
347	8467
908	8468
9	8469
33	8470
75	8471
2	8472
132	8473
427	8474
28	8475
28	8476
287	8477
214	8478
580	8479
195	8480
39	8481
214	8482
28	8483
24	8484
24	8485
24	8486
24	8487
76	8488
28	8489
24	8490
24	8491
24	8492
24	8493
28	8494
309	8495
39	8496
8	8497
8	8498
263	8499
164	8500
571	8501
903	8502
329	8503
296	8504
475	8505
37	8506
49	8507
47	8508
33	8509
62	8510
203	8511
660	8512
167	8513
225	8514
108	8515
354	8516
356	8517
144	8518
410	8519
56	8520
121	8521
284	8522
247	8523
186	8524
52	8525
247	8526
350	8527
20	8528
377	8529
217	8530
33	8531
711	8532
138	8533
74	8534
426	8535
187	8536
187	8537
209	8538
322	8539
258	8540
30	8541
49	8542
186	8543
101	8544
3	8545
43	8546
247	8547
329	8548
294	8549
106	8550
5	8551
5	8552
82	8553
68	8554
119	8555
22	8556
173	8557
27	8558
37	8559
37	8560
37	8561
43	8562
272	8563
5	8564
5	8565
5	8566
5	8567
15	8568
5	8569
5	8570
5	8571
917	8572
171	8573
502	8574
43	8575
33	8576
503	8577
182	8578
56	8579
14	8580
56	8581
202	8582
16	8583
359	8584
429	8585
108	8586
102	8587
612	8588
75	8589
471	8590
2	8591
915	8592
592	8593
230	8594
15	8595
577	8596
90	8597
248	8598
146	8599
471	8600
60	8601
152	8602
43	8603
652	8604
208	8605
208	8606
208	8607
45	8608
193	8609
429	8610
408	8611
222	8612
222	8613
222	8614
222	8615
457	8616
245	8617
605	8618
234	8619
1	8620
957	8621
106	8622
715	8623
350	8624
87	8625
10	8626
678	8627
265	8628
90	8629
104	8630
334	8631
104	8632
701	8633
94	8634
165	8635
334	8636
1	8637
99	8638
559	8639
57	8640
31	8641
1	8642
19	8643
36	8644
36	8645
31	8646
58	8647
785	8648
13	8649
260	8650
173	8651
366	8652
535	8653
286	8654
30	8655
946	8656
139	8657
5	8658
18	8659
1	8660
198	8661
13	8662
221	8663
67	8664
188	8665
37	8666
49	8667
49	8668
5	8669
9	8670
9	8671
59	8672
144	8673
521	8674
302	8675
1	8676
109	8677
2	8678
12	8679
12	8680
12	8681
32	8682
119	8683
157	8684
89	8685
21	8686
31	8687
4	8688
12	8689
139	8690
5	8691
474	8692
674	8693
5	8694
5	8695
5	8696
311	8697
101	8698
16	8699
394	8700
55	8701
226	8702
24	8703
793	8704
24	8705
418	8706
31	8707
98	8708
37	8709
341	8710
158	8711
21	8712
67	8713
67	8714
67	8715
67	8716
1	8717
193	8718
60	8719
69	8720
71	8721
4	8722
1	8723
191	8724
602	8725
100	8726
762	8727
57	8728
56	8729
649	8730
563	8731
63	8732
293	8733
108	8734
98	8735
21	8736
293	8737
110	8738
62	8739
1	8740
48	8741
1	8742
6	8743
167	8744
21	8745
87	8746
39	8747
36	8748
35	8749
474	8750
77	8751
7	8752
1017	8753
4	8754
12	8755
143	8756
41	8757
13	8758
166	8759
164	8760
20	8761
392	8762
122	8763
230	8764
691	8765
166	8766
76	8767
93	8768
93	8769
93	8770
93	8771
19	8772
1	8773
13	8774
264	8775
221	8776
188	8777
95	8778
739	8779
234	8780
202	8781
50	8782
182	8783
62	8784
18	8785
26	8786
26	8787
1	8788
118	8789
22	8790
1	8791
6	8792
1	8793
102	8794
1	8795
204	8796
118	8797
40	8798
3	8799
1	8800
18	8801
1	8802
6	8803
103	8804
135	8805
120	8806
64	8807
96	8808
96	8809
591	8810
429	8811
87	8812
60	8813
359	8814
349	8815
284	8816
318	8817
151	8818
449	8819
503	8820
841	8821
258	8822
258	8823
194	8824
288	8825
214	8826
503	8827
314	8828
53	8829
19	8830
145	8831
73	8832
136	8833
1	8834
26	8835
167	8836
16	8837
114	8838
73	8839
31	8840
10	8841
10	8842
72	8843
10	8844
34	8845
34	8846
34	8847
34	8848
20	8849
62	8850
46	8851
72	8852
10	8853
485	8854
10	8855
72	8856
17	8857
71	8858
143	8859
312	8860
34	8861
62	8862
106	8863
361	8864
126	8865
26	8866
719	8867
14	8868
87	8869
34	8870
598	8871
51	8872
13	8873
34	8874
41	8875
78	8876
87	8877
62	8878
73	8879
78	8880
78	8881
67	8882
25	8883
3	8884
2	8885
39	8886
34	8887
58	8888
152	8889
98	8890
172	8891
85	8892
13	8893
173	8894
22	8895
22	8896
173	8897
235	8898
697	8899
375	8900
12	8901
332	8902
39	8903
135	8904
631	8905
577	8906
68	8907
98	8908
116	8909
37	8910
240	8911
33	8912
119	8913
119	8914
68	8915
122	8916
84	8917
1	8918
203	8919
8	8920
1	8921
529	8922
182	8923
345	8924
102	8925
120	8926
315	8927
675	8928
242	8929
234	8930
723	8931
62	8932
730	8933
627	8934
438	8935
187	8936
794	8937
87	8938
237	8939
386	8940
119	8941
251	8942
111	8943
111	8944
36	8945
31	8946
542	8947
17	8948
112	8949
10	8950
3	8951
200	8952
654	8953
738	8954
738	8955
602	8956
1	8957
304	8958
5	8959
1	8960
251	8961
42	8962
1	8963
45	8964
45	8965
45	8966
45	8967
45	8968
91	8969
63	8970
244	8971
241	8972
358	8973
358	8974
292	8975
261	8976
32	8977
896	8978
636	8979
748	8980
750	8981
895	8982
815	8983
801	8984
55	8985
909	8986
684	8987
497	8988
673	8989
670	8990
686	8991
680	8992
324	8993
390	8994
306	8995
1617	8996
120	8997
861	8998
186	8999
330	9000
897	9001
555	9002
436	9003
36	9004
461	9005
16	9006
168	9007
682	9008
79	9009
523	9010
244	9011
553	9012
553	9013
433	9014
404	9015
687	9016
448	9017
448	9018
231	9019
45	9020
236	9021
47	9022
80	9023
144	9024
132	9025
282	9026
45	9027
45	9028
25	9029
566	9030
288	9031
53	9032
82	9033
1	9034
42	9035
42	9036
1	9037
987	9038
83	9039
23	9040
1	9041
449	9042
1	9043
1	9044
12	9045
12	9046
21	9047
20	9048
78	9049
1	9050
6	9051
228	9052
114	9053
114	9054
1	9055
211	9056
1	9057
251	9058
1	9059
1	9060
1	9061
1	9062
1	9063
42	9064
211	9065
407	9066
395	9067
447	9068
7	9069
78	9070
1	9071
46	9072
326	9073
53	9074
364	9075
3	9076
1	9077
80	9078
80	9079
8	9080
36	9081
16	9082
1	9083
1	9084
1	9085
1	9086
1	9087
280	9088
1	9089
1	9090
299	9091
1	9092
42	9093
130	9094
7	9095
160	9096
57	9097
118	9098
241	9099
12	9100
12	9101
372	9102
139	9103
57	9104
61	9105
1	9106
185	9107
35	9108
99	9109
35	9110
509	9111
246	9112
1199	9113
246	9114
35	9115
35	9116
35	9117
35	9118
1	9119
84	9120
1	9121
84	9122
211	9123
35	9124
1	9125
317	9126
9	9127
73	9128
62	9129
78	9130
39	9131
201	9132
1	9133
117	9134
10	9135
6	9136
1	9137
184	9138
29	9139
1	9140
1	9141
33	9142
44	9143
12	9144
1	9145
1	9146
53	9147
21	9148
120	9149
82	9150
12	9151
58	9152
1	9153
6	9154
110	9155
2	9156
22	9157
13	9158
3	9159
2	9160
95	9161
385	9162
104	9163
83	9164
16	9165
1324	9166
605	9167
279	9168
66	9169
28	9170
1	9171
55	9172
525	9173
45	9174
85	9175
12	9176
76	9177
359	9178
237	9179
268	9180
47	9181
324	9182
346	9183
238	9184
195	9185
1	9186
6	9187
174	9188
16	9189
28	9190
569	9191
41	9192
4	9193
90	9194
127	9195
28	9196
183	9197
8	9198
312	9199
4	9200
52	9201
1	9202
54	9203
243	9204
213	9205
15	9206
205	9207
95	9208
23	9209
15	9210
43	9211
116	9212
90	9213
205	9214
49	9215
11	9216
1	9217
8	9218
378	9219
15	9220
15	9221
1	9222
19	9223
15	9224
271	9225
68	9226
1	9227
6	9228
173	9229
485	9230
11	9231
1	9232
1	9233
1	9234
84	9235
41	9236
61	9237
1	9238
22	9239
217	9240
29	9241
1	9242
271	9243
196	9244
2	9245
291	9246
120	9247
164	9248
64	9249
1	9250
43	9251
36	9252
36	9253
156	9254
190	9255
1	9256
19	9257
376	9258
23	9259
1	9260
8	9261
116	9262
119	9263
350	9264
3	9265
2	9266
1	9267
61	9268
85	9269
66	9270
496	9271
181	9272
29	9273
1	9274
16	9275
28	9276
187	9277
181	9278
597	9279
3	9280
2	9281
40	9282
3	9283
21	9284
8	9285
51	9286
12	9287
692	9288
8	9289
8	9290
5	9291
378	9292
151	9293
91	9294
91	9295
399	9296
108	9297
22	9298
352	9299
159	9300
33	9301
728	9302
3	9303
21	9304
741	9305
1	9306
6	9307
403	9308
138	9309
925	9310
247	9311
36	9312
31	9313
36	9314
224	9315
468	9316
106	9317
136	9318
76	9319
108	9320
103	9321
50	9322
152	9323
36	9324
78	9325
126	9326
344	9327
126	9328
115	9329
62	9330
290	9331
103	9332
78	9333
73	9334
225	9335
106	9336
108	9337
136	9338
345	9339
62	9340
108	9341
102	9342
62	9343
73	9344
135	9345
106	9346
73	9347
78	9348
339	9349
60	9350
345	9351
115	9352
98	9353
126	9354
135	9355
126	9356
62	9357
39	9358
39	9359
97	9360
153	9361
586	9362
74	9363
147	9364
679	9365
264	9366
1	9367
153	9368
26	9369
26	9370
179	9371
1	9372
5	9373
216	9374
519	9375
142	9376
148	9377
21	9378
253	9379
28	9380
14	9381
533	9382
270	9383
556	9384
2	9385
405	9386
1621	9387
2	9388
14	9389
65	9390
65	9391
65	9392
141	9393
3	9394
411	9395
111	9396
52	9397
115	9398
1130	9399
95	9400
197	9401
300	9402
103	9403
1	9404
35	9405
4	9406
37	9407
37	9408
5	9409
38	9410
1	9411
705	9412
405	9413
205	9414
102	9415
1	9416
192	9417
379	9418
240	9419
188	9420
188	9421
613	9422
31	9423
49	9424
49	9425
31	9426
33	9427
201	9428
101	9429
240	9430
195	9431
163	9432
1	9433
29	9434
29	9435
1	9436
338	9437
246	9438
39	9439
4	9440
132	9441
75	9442
214	9443
28	9444
316	9445
1	9446
657	9447
455	9448
497	9449
552	9450
673	9451
457	9452
316	9453
52	9454
140	9455
234	9456
242	9457
120	9458
9	9459
307	9460
90	9461
281	9462
281	9463
331	9464
384	9465
64	9466
12	9467
49	9468
51	9469
278	9470
239	9471
93	9472
1	9473
1605	9474
725	9475
504	9476
190	9477
156	9478
462	9479
101	9480
384	9481
199	9482
25	9483
70	9484
77	9485
124	9486
13	9487
13	9488
13	9489
13	9490
113	9491
150	9492
150	9493
79	9494
17	9495
79	9496
1243	9497
60	9498
79	9499
113	9500
113	9501
210	9502
1	9503
11	9504
1	9505
1	9506
84	9507
545	9508
459	9509
459	9510
459	9511
75	9512
85	9513
170	9514
187	9515
98	9516
52	9517
52	9518
37	9519
38	9520
170	9521
364	9522
51	9523
128	9524
3	9525
73	9526
474	9527
25	9528
10	9529
17	9530
474	9531
25	9532
37	9533
37	9534
548	9535
128	9536
9	9537
10	9538
246	9539
140	9540
18	9541
42	9542
1	9543
17	9544
431	9545
296	9546
254	9547
120	9548
224	9549
563	9550
513	9551
15	9552
287	9553
7	9554
347	9555
242	9556
3	9557
215	9558
64	9559
39	9560
110	9561
28	9562
502	9563
1	9564
86	9565
1	9566
6	9567
287	9568
9	9569
1	9570
149	9571
6	9572
1	9573
65	9574
13	9575
13	9576
24	9577
127	9578
24	9579
41	9580
100	9581
4	9582
133	9583
17	9584
17	9585
14	9586
186	9587
14	9588
46	9589
467	9590
39	9591
431	9592
536	9593
2	9594
75	9595
1	9596
508	9597
369	9598
25	9599
7	9600
317	9601
81	9602
14	9603
396	9604
933	9605
224	9606
701	9607
334	9608
278	9609
1	9610
140	9611
58	9612
511	9613
4	9614
4	9615
321	9616
511	9617
17	9618
106	9619
136	9620
202	9621
152	9622
279	9623
109	9624
1	9625
23	9626
589	9627
23	9628
1	9629
1	9630
6	9631
1	9632
1	9633
1	9634
304	9635
71	9636
251	9637
668	9638
473	9639
23	9640
61	9641
1	9642
546	9643
1	9644
1	9645
109	9646
2	9647
2	9648
10	9649
22	9650
393	9651
1	9652
35	9653
62	9654
703	9655
289	9656
9	9657
56	9658
99	9659
18	9660
361	9661
12	9662
109	9663
91	9664
91	9665
518	9666
352	9667
505	9668
354	9669
179	9670
93	9671
7	9672
191	9673
54	9674
144	9675
1	9676
11	9677
44	9678
113	9679
79	9680
244	9681
258	9682
10	9683
46	9684
1	9685
144	9686
8	9687
45	9688
45	9689
149	9690
39	9691
87	9692
470	9693
564	9694
9	9695
95	9696
81	9697
120	9698
1	9699
192	9700
138	9701
303	9702
1305	9703
1136	9704
305	9705
180	9706
252	9707
256	9708
138	9709
189	9710
725	9711
161	9712
288	9713
13	9714
104	9715
199	9716
405	9717
143	9718
11	9719
1	9720
32	9721
335	9722
25	9723
17	9724
20	9725
13	9726
196	9727
223	9728
247	9729
247	9730
247	9731
294	9732
294	9733
677	9734
294	9735
16	9736
2	9737
15	9738
40	9739
180	9740
78	9741
496	9742
565	9743
64	9744
67	9745
21	9746
33	9747
390	9748
12	9749
487	9750
235	9751
102	9752
158	9753
67	9754
50	9755
23	9756
353	9757
597	9758
12	9759
424	9760
99	9761
1	9762
12	9763
59	9764
137	9765
44	9766
77	9767
127	9768
208	9769
8	9770
87	9771
100	9772
465	9773
37	9774
389	9775
253	9776
141	9777
112	9778
2	9779
374	9780
291	9781
2	9782
8	9783
256	9784
2	9785
2	9786
27	9787
25	9788
154	9789
27	9790
229	9791
229	9792
263	9793
263	9794
401	9795
98	9796
17	9797
72	9798
10	9799
263	9800
250	9801
99	9802
433	9803
404	9804
446	9805
92	9806
255	9807
881	9808
255	9809
255	9810
124	9811
60	9812
954	9813
203	9814
2	9815
14	9816
3	9817
72	9818
46	9819
10	9820
3	9821
46	9822
12	9823
168	9824
362	9825
1	9826
6	9827
597	9828
7	9829
4	9830
4	9831
34	9832
198	9833
569	9834
287	9835
312	9836
78	9837
3	9838
132	9839
676	9840
156	9841
190	9842
422	9843
98	9844
5	9845
5	9846
374	9847
177	9848
13	9849
41	9850
153	9851
274	9852
336	9853
100	9854
391	9855
131	9856
58	9857
70	9858
18	9859
18	9860
1	9861
211	9862
7	9863
428	9864
388	9865
7	9866
7	9867
1	9868
19	9869
1	9870
1	9871
29	9872
690	9873
69	9874
54	9875
220	9876
1	9877
175	9878
290	9879
138	9880
355	9881
56	9882
4	9883
2	9884
351	9885
39	9886
1	9887
74	9888
92	9889
398	9890
7	9891
428	9892
1	9893
1	9894
7	9895
18	9896
7	9897
259	9898
7	9899
1	9900
18	9901
1	9902
86	9903
27	9904
16	9905
311	9906
134	9907
549	9908
69	9909
134	9910
315	9911
243	9912
213	9913
214	9914
1	9915
18	9916
43	9917
264	9918
1	9919
100	9920
576	9921
8	9922
607	9923
606	9924
134	9925
266	9926
181	9927
147	9928
143	9929
264	9930
297	9931
862	9932
231	9933
607	9934
27	9935
531	9936
173	9937
22	9938
168	9939
8	9940
8	9941
8	9942
8	9943
160	9944
8	9945
8	9946
8	9947
38	9948
52	9949
8	9950
34	9951
206	9952
223	9953
936	9954
302	9955
12	9956
302	9957
96	9958
215	9959
112	9960
538	9961
118	9962
467	9963
12	9964
196	9965
196	9966
15	9967
2	9968
287	9969
16	9970
299	9971
55	9972
36	9973
111	9974
111	9975
111	9976
514	9977
514	9978
137	9979
239	9980
265	9981
198	9982
18	9983
236	9984
169	9985
12	9986
745	9987
310	9988
