3149	1
1798	2
1473	3
5035	4
7132	5
4299	6
4081	7
497	8
3347	9
1907	10
6551	11
8397	12
3062	13
5755	14
1859	15
419	16
5404	17
1923	18
4550	19
367	20
417	21
71	22
952	23
6613	24
2574	25
408	26
2484	27
9187	28
9124	29
6226	30
5560	31
9327	32
4976	33
6957	34
349	35
3190	36
488	37
6788	38
3690	39
209	40
2229	41
3360	42
407	43
7636	44
7014	45
8039	46
4822	47
2268	48
9362	49
24	50
6255	51
6201	52
3063	53
271	54
8625	55
145	56
1946	57
5946	58
2535	59
1708	60
6835	61
747	62
3337	63
9119	64
8839	65
758	66
5185	67
3463	68
4466	69
148	70
8670	71
2205	72
7454	73
4706	74
6514	75
8318	76
8355	77
4835	78
250	79
4099	80
460	81
3318	82
8341	83
351	84
393	85
524	86
538	87
7932	88
7551	89
5547	90
5287	91
7479	92
5942	93
3735	94
7939	95
495	96
6862	97
511	98
2009	99
246	100
7670	101
5598	102
2441	103
6620	104
5625	105
6561	106
900	107
177	108
439	109
2719	110
4286	111
7750	112
360	113
2187	114
4980	115
8968	116
9275	117
8757	118
336	119
6412	120
7072	121
1136	122
950	123
8700	124
2203	125
5621	126
8036	127
293	128
5401	129
3202	130
5016	131
34	132
187	133
6078	134
3369	135
2875	136
201	137
8352	138
308	139
6969	140
3363	141
4826	142
842	143
760	144
610	145
6783	146
1306	147
5961	148
5957	149
2825	150
2148	151
1501	152
3598	153
3265	154
9378	155
6349	156
932	157
9292	158
1868	159
579	160
2175	161
3458	162
300	163
1438	164
2037	165
6120	166
9220	167
4246	168
6400	169
5418	170
1504	171
8121	172
9161	173
3584	174
649	175
8483	176
8345	177
2679	178
8473	179
2087	180
8168	181
1362	182
7730	183
4639	184
108	185
543	186
5929	187
5978	188
2489	189
2504	190
3127	191
958	192
5492	193
1262	194
2937	195
1666	196
1752	197
8256	198
59	199
68	200
2791	201
8990	202
6630	203
7960	204
561	205
8363	206
2681	207
5441	208
8868	209
6597	210
5523	211
8041	212
8567	213
5616	214
5144	215
23	216
9054	217
6906	218
5178	219
3810	220
8770	221
5574	222
5891	223
6721	224
6801	225
5488	226
5356	227
4407	228
5610	229
8737	230
517	231
3520	232
4663	233
5575	234
4455	235
3338	236
5199	237
7062	238
7608	239
7125	240
1205	241
5657	242
7392	243
4933	244
8791	245
1577	246
1217	247
7965	248
48	249
4270	250
8454	251
8110	252
5769	253
3540	254
712	255
375	256
3468	257
1065	258
1765	259
206	260
51	261
5417	262
7327	263
430	264
1523	265
4169	266
7126	267
3813	268
3215	269
381	270
318	271
5349	272
41	273
4787	274
3913	275
3846	276
341	277
7869	278
3967	279
8790	280
5600	281
5230	282
2246	283
8641	284
101	285
3074	286
8237	287
2228	288
7462	289
4071	290
189	291
2809	292
5375	293
9212	294
8815	295
8587	296
5284	297
1661	298
5181	299
3856	300
8412	301
6540	302
6230	303
2244	304
7015	305
3240	306
5691	307
8774	308
7605	309
5271	310
1384	311
5114	312
7963	313
5292	314
8809	315
3597	316
3533	317
3232	318
3070	319
4086	320
1339	321
426	322
933	323
1059	324
5033	325
113	326
4634	327
7841	328
486	329
388	330
486	331
5005	332
3880	333
4653	334
4060	335
1992	336
3196	337
4832	338
7203	339
261	340
4494	341
560	342
161	343
474	344
7604	345
7990	346
7480	347
6003	348
42	349
6357	350
5926	351
5428	352
4996	353
283	354
391	355
1014	356
3270	357
2084	358
9009	359
3310	360
844	361
1756	362
1435	363
20	364
8515	365
7584	366
8467	367
6095	368
1673	369
4468	370
4606	371
531	372
8366	373
7201	374
247	375
3207	376
7720	377
1707	378
6681	379
9210	380
2498	381
3242	382
4554	383
6804	384
569	385
7238	386
4785	387
1965	388
3099	389
4938	390
5229	391
3371	392
6550	393
151	394
2161	395
1453	396
6777	397
530	398
5551	399
3663	400
843	401
3480	402
9250	403
8479	404
8797	405
1360	406
232	407
4064	408
445	409
1131	410
246	411
5944	412
3002	413
8480	414
128	415
3098	416
5687	417
315	418
8743	419
357	420
122	421
8080	422
3028	423
931	424
4411	425
4315	426
4436	427
2631	428
5990	429
7108	430
6208	431
3888	432
6558	433
44	434
8348	435
1741	436
1929	437
6518	438
3183	439
8752	440
5085	441
8176	442
6404	443
1023	444
3494	445
6538	446
4481	447
5444	448
7873	449
8611	450
941	451
5073	452
9045	453
180	454
908	455
4320	456
6911	457
1031	458
7193	459
6317	460
4457	461
7915	462
3635	463
2588	464
1429	465
2104	466
2943	467
8655	468
1502	469
1090	470
8644	471
5918	472
1570	473
913	474
7110	475
1358	476
6068	477
5585	478
8511	479
1876	480
1050	481
5260	482
9376	483
5464	484
3859	485
6650	486
4422	487
5465	488
6365	489
2281	490
6573	491
1505	492
1126	493
245	494
3401	495
7275	496
3803	497
4024	498
498	499
5543	500
8897	501
7763	502
5331	503
1531	504
5723	505
8756	506
6213	507
8098	508
2841	509
2180	510
5708	511
4096	512
3532	513
270	514
6752	515
7107	516
6856	517
7774	518
5955	519
7968	520
956	521
7718	522
2077	523
2776	524
5590	525
4652	526
6444	527
3591	528
9120	529
8469	530
4998	531
2434	532
4348	533
9049	534
1424	535
3251	536
510	537
6161	538
395	539
28	540
8336	541
8037	542
512	543
3030	544
5736	545
3255	546
3996	547
1942	548
7477	549
6153	550
254	551
2376	552
767	553
6087	554
3320	555
148	556
6994	557
2510	558
1912	559
334	560
5211	561
8656	562
1582	563
4541	564
8300	565
3212	566
1088	567
5499	568
4129	569
7195	570
369	571
5693	572
466	573
2284	574
4979	575
7155	576
1468	577
6142	578
6799	579
3580	580
6140	581
3244	582
7674	583
5711	584
8958	585
7977	586
9129	587
5391	588
515	589
4536	590
8485	591
5351	592
3245	593
6232	594
5077	595
8122	596
1491	597
8663	598
2970	599
3060	600
4496	601
1066	602
3593	603
8762	604
3951	605
1313	606
7434	607
4067	608
8637	609
8568	610
4660	611
3685	612
1028	613
8303	614
1920	615
5567	616
8150	617
8147	618
7204	619
5902	620
5921	621
1978	622
3806	623
921	624
7891	625
427	626
2670	627
7348	628
4971	629
5983	630
8957	631
6846	632
2599	633
153	634
8269	635
297	636
3263	637
302	638
3589	639
9007	640
3795	641
3246	642
7094	643
8945	644
1174	645
8242	646
3807	647
6415	648
3389	649
6480	650
1560	651
194	652
8494	653
9266	654
1470	655
2433	656
8490	657
826	658
3248	659
2067	660
7553	661
9273	662
4080	663
2966	664
1701	665
4900	666
3755	667
4458	668
6598	669
7028	670
7071	671
7489	672
9030	673
1485	674
5090	675
7974	676
5851	677
1572	678
8569	679
6961	680
917	681
4123	682
8935	683
2297	684
2382	685
8946	686
3111	687
8207	688
1621	689
1541	690
6009	691
2171	692
5059	693
9231	694
6243	695
5368	696
3619	697
6533	698
1950	699
6652	700
1111	701
8240	702
6090	703
3388	704
6959	705
5962	706
3197	707
2360	708
5098	709
4756	710
912	711
9111	712
221	713
4949	714
2250	715
6359	716
8596	717
8498	718
3160	719
4	720
5118	721
2359	722
7352	723
2273	724
4445	725
8548	726
2422	727
1382	728
3667	729
6745	730
6552	731
2451	732
4568	733
6137	734
3184	735
7576	736
6039	737
8728	738
3058	739
4573	740
8234	741
7302	742
5892	743
6608	744
327	745
2507	746
8562	747
5449	748
6591	749
4238	750
1223	751
1710	752
7092	753
2397	754
8411	755
1970	756
2120	757
4343	758
1983	759
2176	760
4103	761
175	762
7837	763
2667	764
158	765
333	766
1123	767
5380	768
8231	769
623	770
1008	771
2054	772
8526	773
2821	774
7847	775
605	776
967	777
681	778
1307	779
50	780
3596	781
8925	782
7386	783
170	784
1292	785
1345	786
2220	787
2946	788
1253	789
8891	790
2121	791
170	792
387	793
5210	794
5641	795
4002	796
6304	797
9317	798
2463	799
4222	800
6162	801
4026	802
1902	803
9	804
3335	805
6483	806
4069	807
3590	808
4155	809
1032	810
22	811
8838	812
255	813
6519	814
5426	815
5642	816
1506	817
2022	818
1310	819
4919	820
4240	821
5491	822
7764	823
4195	824
6861	825
8559	826
9328	827
909	828
8778	829
2912	830
2834	831
6983	832
455	833
16	834
5454	835
492	836
8048	837
3075	838
3152	839
7581	840
8219	841
5808	842
173	843
8065	844
2233	845
3478	846
864	847
292	848
1190	849
6157	850
5589	851
6837	852
1763	853
8177	854
154	855
8603	856
3979	857
7409	858
6010	859
126	860
8607	861
6989	862
5566	863
9204	864
8132	865
8881	866
8475	867
6792	868
7291	869
258	870
3707	871
5058	872
7705	873
5173	874
5629	875
2974	876
2735	877
5438	878
152	879
535	880
879	881
9019	882
7933	883
2341	884
5627	885
286	886
4794	887
4632	888
400	889
1586	890
5819	891
2183	892
3396	893
3565	894
1552	895
4228	896
3454	897
1620	898
3214	899
6109	900
5261	901
328	902
1334	903
6124	904
3087	905
9209	906
4969	907
4180	908
3204	909
7956	910
4829	911
1431	912
568	913
665	914
6649	915
4959	916
1080	917
6851	918
3638	919
2539	920
865	921
3004	922
6760	923
7882	924
7616	925
287	926
9372	927
6052	928
92	929
269	930
8605	931
1326	932
7856	933
2519	934
3329	935
6127	936
2561	937
7979	938
526	939
1302	940
7	941
235	942
5943	943
7237	944
3223	945
2520	946
3794	947
37	948
4176	949
1651	950
2384	951
9271	952
3998	953
9258	954
4079	955
1260	956
4865	957
2119	958
7563	959
104	960
5133	961
8195	962
2480	963
963	964
1510	965
3115	966
7160	967
8602	968
4224	969
2710	970
7496	971
7552	972
4538	973
8371	974
4463	975
1824	976
335	977
5834	978
848	979
8572	980
5659	981
5743	982
7637	983
6672	984
5296	985
6639	986
7398	987
1690	988
8189	989
473	990
6018	991
1535	992
6711	993
6679	994
9349	995
186	996
7429	997
178	998
1388	999
9057	1000
2262	1001
7948	1002
468	1003
403	1004
340	1005
7450	1006
7272	1007
470	1008
9067	1009
9031	1010
8283	1011
4514	1012
6717	1013
7471	1014
245	1015
1176	1016
7181	1017
3198	1018
1392	1019
754	1020
5673	1021
5925	1022
7845	1023
7669	1024
5924	1025
5128	1026
2922	1027
3885	1028
4223	1029
8394	1030
190	1031
4788	1032
1160	1033
6098	1034
2856	1035
435	1036
6945	1037
5392	1038
8892	1039
9188	1040
1857	1041
7037	1042
4132	1043
466	1044
8749	1045
20	1046
3423	1047
4669	1048
1610	1049
1998	1050
6638	1051
4797	1052
7157	1053
359	1054
6399	1055
9087	1056
572	1057
4283	1058
3892	1059
1539	1060
2408	1061
4908	1062
6860	1063
1359	1064
2274	1065
2159	1066
1391	1067
3711	1068
8130	1069
3600	1070
2308	1071
2238	1072
5371	1073
8118	1074
184	1075
1001	1076
8510	1077
80	1078
1879	1079
3622	1080
8853	1081
132	1082
2567	1083
440	1084
5221	1085
7943	1086
3103	1087
6056	1088
5420	1089
9218	1090
1982	1091
7387	1092
1244	1093
8151	1094
4587	1095
3355	1096
176	1097
5866	1098
8442	1099
992	1100
2142	1101
375	1102
1678	1103
3841	1104
8346	1105
231	1106
3527	1107
8018	1108
7335	1109
2230	1110
708	1111
6842	1112
2370	1113
7641	1114
6776	1115
3364	1116
5972	1117
285	1118
4687	1119
5406	1120
6338	1121
2190	1122
2057	1123
119	1124
5224	1125
97	1126
9177	1127
1521	1128
6029	1129
1427	1130
606	1131
5546	1132
1919	1133
2605	1134
5733	1135
3612	1136
3148	1137
1216	1138
6785	1139
4666	1140
4390	1141
7762	1142
8543	1143
5329	1144
6604	1145
6076	1146
6130	1147
3864	1148
4699	1149
3621	1150
3542	1151
4819	1152
977	1153
1060	1154
4354	1155
2234	1156
7989	1157
9342	1158
8712	1159
2425	1160
6682	1161
7819	1162
7582	1163
4048	1164
6902	1165
3386	1166
7802	1167
3403	1168
1559	1169
4637	1170
7972	1171
1583	1172
6237	1173
7356	1174
5153	1175
8719	1176
7067	1177
389	1178
8324	1179
8696	1180
4413	1181
8979	1182
5213	1183
2736	1184
2125	1185
5461	1186
886	1187
2772	1188
9058	1189
6903	1190
7656	1191
8992	1192
6054	1193
3703	1194
8639	1195
3968	1196
819	1197
8367	1198
4648	1199
31	1200
197	1201
7619	1202
420	1203
6749	1204
5782	1205
8827	1206
1565	1207
1558	1208
5709	1209
2363	1210
8216	1211
7507	1212
2490	1213
4917	1214
1980	1215
4399	1216
464	1217
1828	1218
5620	1219
6148	1220
7942	1221
5086	1222
6172	1223
8084	1224
62	1225
5433	1226
3545	1227
7639	1228
288	1229
8361	1230
5263	1231
352	1232
1443	1233
8615	1234
4475	1235
42	1236
3350	1237
2812	1238
7250	1239
7360	1240
785	1241
8012	1242
2293	1243
9379	1244
479	1245
3412	1246
3728	1247
3987	1248
6023	1249
1067	1250
7723	1251
1150	1252
77	1253
7032	1254
7220	1255
2647	1256
904	1257
3278	1258
5092	1259
4025	1260
3092	1261
7648	1262
1770	1263
1922	1264
2775	1265
8034	1266
7088	1267
3947	1268
8023	1269
4522	1270
3617	1271
3206	1272
5393	1273
8847	1274
219	1275
476	1276
4035	1277
9299	1278
2149	1279
2660	1280
2754	1281
1299	1282
5592	1283
4005	1284
797	1285
910	1286
4909	1287
927	1288
698	1289
3834	1290
6701	1291
3762	1292
1052	1293
1112	1294
9150	1295
2852	1296
1669	1297
1009	1298
7361	1299
2848	1300
7503	1301
3482	1302
6373	1303
4201	1304
9324	1305
2169	1306
5102	1307
346	1308
6190	1309
2372	1310
408	1311
284	1312
9038	1313
8883	1314
5040	1315
3758	1316
8288	1317
5959	1318
6915	1319
2349	1320
710	1321
1287	1322
5041	1323
1696	1324
1433	1325
2387	1326
298	1327
2312	1328
5065	1329
4379	1330
73	1331
7105	1332
8877	1333
735	1334
5234	1335
8705	1336
5911	1337
4088	1338
8022	1339
7065	1340
8385	1341
4953	1342
5257	1343
5445	1344
6700	1345
9322	1346
5382	1347
542	1348
450	1349
2278	1350
707	1351
224	1352
1266	1353
4570	1354
4640	1355
3262	1356
2592	1357
916	1358
7438	1359
2766	1360
9331	1361
1561	1362
117	1363
2887	1364
7436	1365
4073	1366
8354	1367
817	1368
3870	1369
1767	1370
5719	1371
773	1372
9140	1373
5787	1374
3647	1375
2264	1376
3486	1377
2265	1378
9345	1379
3611	1380
2329	1381
2827	1382
6884	1383
2792	1384
2804	1385
6138	1386
1996	1387
2533	1388
4966	1389
5638	1390
2401	1391
212	1392
4765	1393
7240	1394
4986	1395
771	1396
9330	1397
8826	1398
2189	1399
9042	1400
4954	1401
3672	1402
7163	1403
2172	1404
4892	1405
2184	1406
6099	1407
3519	1408
1757	1409
1764	1410
3715	1411
5831	1412
7846	1413
7744	1414
409	1415
6967	1416
2453	1417
558	1418
1774	1419
6722	1420
1278	1421
1611	1422
6605	1423
374	1424
5870	1425
7677	1426
151	1427
8054	1428
7288	1429
5826	1430
7084	1431
7303	1432
436	1433
3279	1434
27	1435
1733	1436
2971	1437
1107	1438
6876	1439
6165	1440
5250	1441
5631	1442
5249	1443
7161	1444
46	1445
6378	1446
21	1447
437	1448
2534	1449
3912	1450
8055	1451
6737	1452
2085	1453
454	1454
4221	1455
5110	1456
3285	1457
364	1458
7300	1459
7364	1460
2050	1461
8529	1462
9078	1463
3289	1464
4924	1465
8536	1466
7811	1467
6787	1468
3339	1469
7453	1470
2544	1471
226	1472
8027	1473
793	1474
2449	1475
2174	1476
2805	1477
6972	1478
6439	1479
684	1480
4220	1481
1911	1482
6909	1483
4907	1484
8576	1485
1328	1486
6319	1487
5717	1488
8527	1489
2867	1490
8400	1491
5540	1492
6309	1493
4529	1494
4928	1495
1225	1496
1044	1497
1127	1498
7673	1499
1329	1500
8879	1501
2543	1502
631	1503
766	1504
965	1505
8374	1506
8180	1507
129	1508
2530	1509
231	1510
1934	1511
7754	1512
4854	1513
1101	1514
5858	1515
6464	1516
3547	1517
3499	1518
4492	1519
669	1520
3163	1521
7212	1522
76	1523
3113	1524
4824	1525
66	1526
2366	1527
6869	1528
9370	1529
306	1530
5307	1531
1896	1532
253	1533
7755	1534
718	1535
5564	1536
1372	1537
9133	1538
3144	1539
5526	1540
3628	1541
4371	1542
2790	1543
9069	1544
1061	1545
22	1546
7680	1547
7490	1548
2796	1549
4881	1550
6364	1551
4319	1552
3877	1553
8936	1554
8001	1555
926	1556
200	1557
3237	1558
17	1559
337	1560
4184	1561
7739	1562
8823	1563
3057	1564
431	1565
6222	1566
3450	1567
6221	1568
4011	1569
6908	1570
74	1571
2079	1572
1463	1573
6859	1574
924	1575
7741	1576
2066	1577
4650	1578
5996	1579
4635	1580
6843	1581
3829	1582
8333	1583
3603	1584
1977	1585
220	1586
8777	1587
1188	1588
4600	1589
3631	1590
4565	1591
6424	1592
6057	1593
4266	1594
2136	1595
3243	1596
4731	1597
467	1598
1564	1599
9122	1600
8604	1601
8315	1602
9320	1603
2098	1604
289	1605
7384	1606
6857	1607
2582	1608
493	1609
21	1610
2926	1611
512	1612
2461	1613
9131	1614
397	1615
7407	1616
2411	1617
7526	1618
5123	1619
2615	1620
1588	1621
7372	1622
4261	1623
7	1624
2628	1625
7883	1626
5747	1627
1768	1628
8779	1629
24	1630
2253	1631
4171	1632
3943	1633
5164	1634
208	1635
3283	1636
4089	1637
5514	1638
1952	1639
6617	1640
8489	1641
8062	1642
5636	1643
7949	1644
8384	1645
851	1646
3785	1647
7495	1648
1988	1649
7574	1650
630	1651
4792	1652
7804	1653
1633	1654
1373	1655
6386	1656
6719	1657
3441	1658
8733	1659
7442	1660
9142	1661
3986	1662
4750	1663
937	1664
3422	1665
1518	1666
483	1667
3467	1668
1636	1669
7981	1670
9339	1671
7632	1672
9282	1673
6152	1674
5275	1675
1368	1676
7870	1677
534	1678
3781	1679
4443	1680
5106	1681
8553	1682
125	1683
1322	1684
1399	1685
5024	1686
1880	1687
5025	1688
1041	1689
7070	1690
8691	1691
6167	1692
7183	1693
7717	1694
4412	1695
2386	1696
8506	1697
3629	1698
584	1699
738	1700
6461	1701
5429	1702
3084	1703
296	1704
7459	1705
8075	1706
7523	1707
6362	1708
4741	1709
5055	1710
3001	1711
8996	1712
8734	1713
3234	1714
5854	1715
3686	1716
2146	1717
1516	1718
529	1719
9343	1720
5952	1721
3930	1722
4879	1723
4174	1724
1114	1725
6311	1726
9291	1727
496	1728
440	1729
58	1730
2706	1731
6742	1732
2035	1733
682	1734
7478	1735
2822	1736
3166	1737
9044	1738
3509	1739
2167	1740
2400	1741
6216	1742
2556	1743
6260	1744
3655	1745
2960	1746
3194	1747
3100	1748
7458	1749
7644	1750
4902	1751
45	1752
8087	1753
6976	1754
224	1755
8083	1756
2560	1757
3740	1758
7016	1759
4217	1760
5119	1761
4684	1762
6075	1763
4987	1764
193	1765
4633	1766
3670	1767
1308	1768
6470	1769
350	1770
8601	1771
3489	1772
2559	1773
261	1774
2072	1775
934	1776
7863	1777
6586	1778
7162	1779
494	1780
6596	1781
2374	1782
5879	1783
9196	1784
3630	1785
5067	1786
4440	1787
8425	1788
2023	1789
8789	1790
5180	1791
3798	1792
538	1793
1247	1794
2193	1795
5615	1796
885	1797
8046	1798
660	1799
3844	1800
11	1801
4761	1802
306	1803
4515	1804
648	1805
7144	1806
6527	1807
7173	1808
3433	1809
70	1810
1233	1811
4727	1812
2858	1813
5764	1814
4235	1815
3440	1816
1276	1817
3210	1818
4427	1819
4175	1820
4963	1821
2261	1822
4709	1823
5889	1824
6066	1825
6179	1826
3019	1827
4437	1828
4254	1829
1605	1830
4367	1831
8640	1832
2043	1833
3252	1834
1316	1835
1627	1836
8298	1837
7232	1838
7147	1839
856	1840
3555	1841
6532	1842
6248	1843
1641	1844
1975	1845
8113	1846
1540	1847
6916	1848
54	1849
9043	1850
3505	1851
1314	1852
2402	1853
8514	1854
570	1855
4389	1856
7622	1857
5622	1858
2479	1859
1877	1860
1882	1861
1376	1862
4723	1863
939	1864
2932	1865
9107	1866
1966	1867
8360	1868
1807	1869
8086	1870
478	1871
2199	1872
6690	1873
1274	1874
1197	1875
1182	1876
8678	1877
70	1878
1806	1879
7650	1880
4985	1881
7187	1882
99	1883
1822	1884
8357	1885
1	1886
714	1887
6443	1888
7704	1889
880	1890
5206	1891
6036	1892
2758	1893
1476	1894
103	1895
3566	1896
1563	1897
4138	1898
3055	1899
9083	1900
4509	1901
13	1902
5862	1903
5697	1904
5054	1905
5568	1906
402	1907
2576	1908
8560	1909
835	1910
614	1911
3066	1912
555	1913
7935	1914
5920	1915
2818	1916
2742	1917
9153	1918
6754	1919
3177	1920
678	1921
1403	1922
837	1923
7371	1924
114	1925
149	1926
7814	1927
5143	1928
1261	1929
1508	1930
323	1931
4813	1932
3705	1933
4508	1934
6044	1935
86	1936
425	1937
6410	1938
1265	1939
8050	1940
2379	1941
4760	1942
9260	1943
259	1944
1209	1945
3528	1946
5822	1947
2345	1948
709	1949
4400	1950
2774	1951
625	1952
6904	1953
8577	1954
7447	1955
8254	1956
1325	1957
5160	1958
4415	1959
4977	1960
6457	1961
5811	1962
4321	1963
223	1964
5184	1965
679	1966
332	1967
1170	1968
6063	1969
8609	1970
1219	1971
4697	1972
2130	1973
318	1974
7050	1975
6077	1976
6901	1977
8126	1978
7013	1979
2225	1980
962	1981
5282	1982
8387	1983
2029	1984
6806	1985
8564	1986
9096	1987
6205	1988
1003	1989
5511	1990
4185	1991
2529	1992
1861	1993
2044	1994
5235	1995
1017	1996
1093	1997
2088	1998
7233	1999
7853	2000
6942	2001
5450	2002
1201	2003
4664	2004
2985	2005
5640	2006
260	2007
7410	2008
3065	2009
4498	2010
5451	2011
7395	2012
4059	2013
9125	2014
4401	2015
4689	2016
3421	2017
7603	2018
7778	2019
4728	2020
43	2021
4503	2022
8768	2023
7098	2024
5578	2025
4733	2026
2508	2027
4540	2028
7901	2029
2030	2030
1842	2031
2665	2032
2078	2033
7229	2034
2717	2035
370	2036
4345	2037
1655	2038
2708	2039
3485	2040
2740	2041
2362	2042
4177	2043
1622	2044
2242	2045
1354	2046
1900	2047
5026	2048
8750	2049
7099	2050
8636	2051
3708	2052
3488	2053
3607	2054
5792	2055
7058	2056
5646	2057
796	2058
922	2059
2074	2060
4690	2061
5236	2062
7791	2063
5498	2064
8612	2065
8739	2066
147	2067
2263	2068
3284	2069
3420	2070
2008	2071
8191	2072
195	2073
8452	2074
8578	2075
5043	2076
5237	2077
468	2078
17	2079
9025	2080
6807	2081
6611	2082
146	2083
2793	2084
87	2085
4450	2086
384	2087
5933	2088
829	2089
5218	2090
6333	2091
7712	2092
3126	2093
4931	2094
140	2095
1905	2096
4817	2097
7839	2098
8697	2099
2600	2100
243	2101
2587	2102
6880	2103
7655	2104
5203	2105
8908	2106
7209	2107
4916	2108
9336	2109
3171	2110
344	2111
6108	2112
2368	2113
673	2114
4329	2115
7795	2116
46	2117
6088	2118
4278	2119
6947	2120
5639	2121
5562	2122
1419	2123
5839	2124
9022	2125
4719	2126
6615	2127
670	2128
7488	2129
260	2130
3973	2131
2755	2132
33	2133
2202	2134
4206	2135
1847	2136
287	2137
8937	2138
8895	2139
8204	2140
5768	2141
6332	2142
5970	2143
3366	2144
7273	2145
6281	2146
490	2147
2294	2148
5112	2149
4793	2150
461	2151
355	2152
4007	2153
2208	2154
6323	2155
1550	2156
192	2157
9355	2158
8869	2159
6239	2160
7481	2161
8049	2162
889	2163
9347	2164
9077	2165
1850	2166
9149	2167
5706	2168
617	2169
6071	2170
7547	2171
9175	2172
2934	2173
3331	2174
399	2175
2659	2176
3048	2177
1639	2178
5576	2179
4567	2180
7354	2181
506	2182
1890	2183
4193	2184
3677	2185
4889	2186
901	2187
2661	2188
1520	2189
5301	2190
2990	2191
3151	2192
5094	2193
2876	2194
5731	2195
1517	2196
5653	2197
1259	2198
8786	2199
116	2200
5613	2201
1635	2202
4599	2203
8413	2204
938	2205
803	2206
6668	2207
4310	2208
5727	2209
6496	2210
2123	2211
230	2212
2069	2213
3500	2214
5818	2215
8443	2216
4812	2217
1613	2218
5272	2219
6263	2220
5583	2221
8761	2222
3553	2223
8004	2224
546	2225
9165	2226
6219	2227
2459	2228
536	2229
3556	2230
6738	2231
4268	2232
6043	2233
144	2234
5606	2235
5931	2236
3840	2237
1947	2238
3139	2239
3436	2240
3217	2241
4001	2242
4125	2243
784	2244
523	2245
7122	2246
5141	2247
7008	2248
8928	2249
776	2250
2944	2251
9308	2252
304	2253
1404	2254
4368	2255
6826	2256
1711	2257
7631	2258
8179	2259
6080	2260
219	2261
1869	2262
65	2263
1196	2264
5696	2265
567	2266
2614	2267
2005	2268
2031	2269
3790	2270
6504	2271
3427	2272
6033	2273
4109	2274
8224	2275
7020	2276
1235	2277
7799	2278
1293	2279
5658	2280
1512	2281
4106	2282
8421	2283
5274	2284
3054	2285
3327	2286
7077	2287
6234	2288
7708	2289
4844	2290
2465	2291
4331	2292
500	2293
2020	2294
8984	2295
8112	2296
2769	2297
5475	2298
320	2299
8620	2300
7806	2301
523	2302
172	2303
2780	2304
7829	2305
6497	2306
8092	2307
4486	2308
49	2309
532	2310
4108	2311
7231	2312
2094	2313
7469	2314
1410	2315
322	2316
5319	2317
4918	2318
8043	2319
2412	2320
6384	2321
9198	2322
4402	2323
3700	2324
7998	2325
4795	2326
6022	2327
9272	2328
7913	2329
1662	2330
361	2331
3723	2332
2715	2333
2815	2334
6920	2335
3626	2336
3549	2337
5216	2338
2672	2339
626	2340
1167	2341
4	2342
1642	2343
6306	2344
3867	2345
3381	2346
5937	2347
4594	2348
1801	2349
4582	2350
253	2351
7213	2352
5537	2353
7277	2354
2327	2355
5817	2356
1179	2357
8660	2358
2012	2359
5080	2360
2316	2361
7541	2362
3863	2363
195	2364
277	2365
2249	2366
8264	2367
6091	2368
1228	2369
7127	2370
6390	2371
8183	2372
30	2373
365	2374
4910	2375
3085	2376
2429	2377
1595	2378
154	2379
1082	2380
528	2381
9357	2382
7831	2383
8642	2384
3340	2385
3451	2386
5761	2387
2300	2388
6006	2389
2929	2390
5430	2391
6273	2392
401	2393
7719	2394
4244	2395
1409	2396
8956	2397
2413	2398
9323	2399
2491	2400
7810	2401
4743	2402
4334	2403
7196	2404
7485	2405
5125	2406
310	2407
2839	2408
1810	2409
789	2410
62	2411
7315	2412
2335	2413
5707	2414
7518	2415
7881	2416
8407	2417
1369	2418
7394	2419
199	2420
4241	2421
2162	2422
218	2423
8100	2424
6498	2425
1906	2426
2993	2427
7247	2428
1437	2429
5701	2430
3306	2431
7412	2432
4324	2433
3720	2434
6923	2435
7078	2436
8784	2437
2515	2438
363	2439
25	2440
4562	2441
5840	2442
248	2443
8828	2444
7038	2445
5856	2446
6049	2447
9194	2448
2547	2449
5316	2450
3108	2451
1981	2452
1603	2453
5829	2454
8916	2455
7130	2456
7111	2457
5293	2458
1640	2459
4698	2460
47	2461
4239	2462
4439	2463
509	2464
6705	2465
12	2466
6555	2467
1022	2468
2652	2469
8924	2470
1527	2471
6343	2472
8665	2473
762	2474
8069	2475
258	2476
1704	2477
8667	2478
5874	2479
8973	2480
6953	2481
8446	2482
8668	2483
6396	2484
4151	2485
3644	2486
6589	2487
7877	2488
3064	2489
8981	2490
503	2491
2842	2492
4732	2493
1867	2494
9287	2495
4532	2496
56	2497
2081	2498
2811	2499
4790	2500
4110	2501
5377	2502
214	2503
4373	2504
7055	2505
146	2506
2668	2507
8855	2508
6447	2509
7833	2510
507	2511
763	2512
9138	2513
7362	2514
7369	2515
6743	2516
4362	2517
4781	2518
6020	2519
2389	2520
8228	2521
7797	2522
6392	2523
303	2524
1129	2525
4469	2526
358	2527
5385	2528
2669	2529
7009	2530
4318	2531
633	2532
4391	2533
1714	2534
5626	2535
9337	2536
8321	2537
5093	2538
4308	2539
6459	2540
4825	2541
8727	2542
4313	2543
8747	2544
2537	2545
92	2546
1012	2547
4579	2548
445	2549
3317	2550
2757	2551
8223	2552
5489	2553
6508	2554
533	2555
496	2556
2693	2557
1664	2558
4693	2559
142	2560
4141	2561
8175	2562
1914	2563
168	2564
2831	2565
6771	2566
7816	2567
167	2568
519	2569
128	2570
711	2571
1580	2572
3167	2573
326	2574
7996	2575
4683	2576
8651	2577
7039	2578
8854	2579
8628	2580
5481	2581
8686	2582
6580	2583
244	2584
4312	2585
833	2586
342	2587
9305	2588
744	2589
6055	2590
6026	2591
4326	2592
3835	2593
905	2594
8829	2595
1782	2596
9158	2597
180	2598
8913	2599
770	2600
7945	2601
4737	2602
6164	2603
7413	2604
548	2605
9248	2606
4006	2607
8963	2608
591	2609
8675	2610
5463	2611
9005	2612
1318	2613
6478	2614
8108	2615
9217	2616
2404	2617
7318	2618
7696	2619
428	2620
4392	2621
2033	2622
6084	2623
8116	2624
8114	2625
703	2626
1343	2627
4978	2628
2762	2629
2060	2630
6898	2631
15	2632
6863	2633
3394	2634
2339	2635
7947	2636
2414	2637
4807	2638
5228	2639
3564	2640
505	2641
6238	2642
3837	2643
274	2644
4896	2645
9093	2646
8840	2647
331	2648
225	2649
5538	2650
4502	2651
7821	2652
3072	2653
6100	2654
330	2655
5864	2656
6714	2657
268	2658
4092	2659
7500	2660
4236	2661
1915	2662
4386	2663
2513	2664
2650	2665
8591	2666
6254	2667
8563	2668
332	2669
1659	2670
2133	2671
846	2672
521	2673
4182	2674
7271	2675
372	2676
4245	2677
398	2678
8502	2679
3791	2680
2350	2681
775	2682
6979	2683
6968	2684
8209	2685
9200	2686
3818	2687
9278	2688
404	2689
422	2690
7082	2691
2948	2692
6570	2693
6921	2694
5618	2695
6515	2696
734	2697
2964	2698
8212	2699
7598	2700
3543	2701
7539	2702
7545	2703
9136	2704
2629	2705
9295	2706
6139	2707
3487	2708
8931	2709
8687	2710
7323	2711
59	2712
392	2713
7738	2714
6546	2715
1537	2716
5363	2717
396	2718
6997	2719
2	2720
5710	2721
142	2722
4811	2723
3256	2724
4462	2725
9099	2726
6116	2727
2906	2728
2622	2729
9066	2730
1852	2731
3999	2732
3490	2733
8465	2734
8383	2735
5175	2736
8765	2737
4527	2738
218	2739
825	2740
2083	2741
250	2742
836	2743
586	2744
8769	2745
7875	2746
580	2747
818	2748
1493	2749
4880	2750
3645	2751
181	2752
1454	2753
4020	2754
1106	2755
1415	2756
3461	2757
7729	2758
2355	2759
262	2760
8613	2761
642	2762
9283	2763
6145	2764
7359	2765
8666	2766
2215	2767
4877	2768
4434	2769
7497	2770
3730	2771
4074	2772
8127	2773
7742	2774
3786	2775
8095	2776
6141	2777
999	2778
412	2779
7735	2780
251	2781
8128	2782
2070	2783
3574	2784
7732	2785
6314	2786
1156	2787
26	2788
26	2789
1860	2790
6946	2791
8985	2792
2829	2793
4161	2794
7711	2795
4601	2796
3328	2797
2980	2798
9199	2799
7577	2800
9203	2801
2439	2802
6986	2803
7104	2804
9143	2805
7230	2806
32	2807
4688	2808
6629	2809
7944	2810
4757	2811
4782	2812
822	2813
2207	2814
1652	2815
2732	2816
1921	2817
6021	2818
9126	2819
8690	2820
5759	2821
3895	2822
5785	2823
5559	2824
5619	2825
317	2826
7012	2827
3050	2828
485	2829
7249	2830
6765	2831
13	2832
2385	2833
3891	2834
6262	2835
6625	2836
1574	2837
7940	2838
3768	2839
8382	2840
3026	2841
3130	2842
3904	2843
2632	2844
7281	2845
5692	2846
2201	2847
1459	2848
5909	2849
1723	2850
7662	2851
8471	2852
8934	2853
204	2854
3632	2855
641	2856
1049	2857
858	2858
2059	2859
2919	2860
1385	2861
8117	2862
8754	2863
8865	2864
4137	2865
2371	2866
2188	2867
3571	2868
7306	2869
8631	2870
2438	2871
2705	2872
422	2873
4388	2874
1796	2875
3359	2876
8906	2877
22	2878
2134	2879
9294	2880
2446	2881
4818	2882
3161	2883
5348	2884
8011	2885
382	2886
2967	2887
8239	2888
4192	2889
974	2890
7289	2891
6870	2892
7850	2893
6173	2894
5087	2895
6566	2896
1007	2897
8858	2898
1142	2899
1425	2900
2860	2901
4098	2902
2405	2903
5800	2904
5741	2905
8495	2906
7880	2907
3193	2908
3653	2909
5737	2910
255	2911
1691	2912
8017	2913
7345	2914
8811	2915
2506	2916
274	2917
6058	2918
2476	2919
5495	2920
453	2921
205	2922
4372	2923
6917	2924
9367	2925
9254	2926
2352	2927
2786	2928
7826	2929
8899	2930
75	2931
536	2932
5126	2933
351	2934
8481	2935
8096	2936
1478	2937
3409	2938
2630	2939
3372	2940
8472	2941
552	2942
5597	2943
8419	2944
8547	2945
7848	2946
6557	2947
4409	2948
6308	2949
6307	2950
1604	2951
3453	2952
5745	2953
2554	2954
338	2955
6704	2956
6793	2957
1490	2958
6227	2959
426	2960
7772	2961
7443	2962
9225	2963
6715	2964
5528	2965
2393	2966
6918	2967
8558	2968
206	2969
7528	2970
8534	2971
5345	2972
8007	2973
7312	2974
161	2975
257	2976
8703	2977
7189	2978
8353	2979
8685	2980
7415	2981
8673	2982
1818	2983
9206	2984
1189	2985
1874	2986
661	2987
6398	2988
5127	2989
291	2990
1997	2991
8834	2992
8885	2993
7959	2994
4170	2995
792	2996
8368	2997
3513	2998
8149	2999
3745	3000
6944	3001
1511	3002
5411	3003
361	3004
5165	3005
884	3006
6766	3007
3078	3008
550	3009
7876	3010
619	3011
7000	3012
2361	3013
130	3014
3767	3015
3205	3016
4808	3017
8115	3018
8710	3019
59	3020
5684	3021
6910	3022
7683	3023
2572	3024
2553	3025
2954	3026
1743	3027
1507	3028
1887	3029
1596	3030
9197	3031
6330	3032
6822	3033
2403	3034
4191	3035
1286	3036
2545	3037
8225	3038
5462	3039
697	3040
7626	3041
5932	3042
34	3043
772	3044
657	3045
12	3046
5431	3047
3345	3048
1290	3049
239	3050
1121	3051
2153	3052
6284	3053
3552	3054
1854	3055
1833	3056
5121	3057
2900	3058
5688	3059
518	3060
7120	3061
2571	3062
7121	3063
5029	3064
5565	3065
1848	3066
2025	3067
272	3068
3483	3069
5718	3070
4049	3071
5982	3072
2450	3073
8950	3074
8863	3075
7924	3076
7596	3077
278	3078
9073	3079
8416	3080
2666	3081
585	3082
7892	3083
4863	3084
8721	3085
294	3086
1383	3087
2625	3088
8796	3089
6614	3090
6067	3091
2836	3092
9241	3093
4974	3094
6800	3095
7034	3096
896	3097
470	3098
4576	3099
1	3100
1269	3101
4287	3102
5324	3103
5910	3104
164	3105
1933	3106
9076	3107
2896	3108
5849	3109
2226	3110
4552	3111
175	3112
7761	3113
4117	3114
2643	3115
7266	3116
1823	3117
1878	3118
6744	3119
4638	3120
1724	3121
4864	3122
8154	3123
197	3124
6267	3125
704	3126
1843	3127
2303	3128
2112	3129
4872	3130
8170	3131
618	3132
9290	3133
117	3134
5586	3135
5315	3136
4759	3137
872	3138
18	3139
6031	3140
5981	3141
6	3142
107	3143
2518	3144
1600	3145
5685	3146
7363	3147
685	3148
7543	3149
6941	3150
8156	3151
2905	3152
2541	3153
1018	3154
7783	3155
1452	3156
8715	3157
5402	3158
4891	3159
8735	3160
7768	3161
7501	3162
6416	3163
4019	3164
6853	3165
3812	3166
6383	3167
2351	3168
1140	3169
8474	3170
8850	3171
2423	3172
382	3173
5442	3174
377	3175
7564	3176
1515	3177
2086	3178
405	3179
3817	3180
1851	3181
6949	3182
3866	3183
7350	3184
7894	3185
5186	3186
689	3187
5196	3188
2333	3189
254	3190
4133	3191
6727	3192
1086	3193
4429	3194
7777	3195
8211	3196
6616	3197
7041	3198
8208	3199
2728	3200
1538	3201
8977	3202
701	3203
4521	3204
7568	3205
5437	3206
1677	3207
7251	3208
5520	3209
969	3210
8630	3211
9171	3212
506	3213
7158	3214
7807	3215
8518	3216
2890	3217
3022	3218
2428	3219
854	3220
2580	3221
7840	3222
6409	3223
2377	3224
3554	3225
2342	3226
966	3227
5030	3228
971	3229
4082	3230
3681	3231
27	3232
1073	3233
3921	3234
1341	3235
6327	3236
2850	3237
3988	3238
2870	3239
171	3240
8947	3241
6803	3242
5643	3243
4922	3244
5581	3245
7618	3246
5069	3247
9026	3248
4925	3249
6621	3250
3572	3251
5140	3252
7687	3253
4685	3254
3610	3255
5550	3256
3176	3257
7321	3258
8702	3259
5666	3260
3557	3261
1846	3262
1727	3263
4360	3264
5487	3265
4895	3266
3578	3267
7675	3268
3748	3269
7430	3270
8455	3271
371	3272
2832	3273
6688	3274
2591	3275
5314	3276
5031	3277
3481	3278
5928	3279
8187	3280
5304	3281
12	3282
3254	3283
3753	3284
5448	3285
5878	3286
2318	3287
1656	3288
4124	3289
545	3290
7925	3291
6287	3292
3857	3293
5493	3294
7265	3295
3134	3296
2103	3297
3374	3298
8833	3299
6816	3300
8163	3301
3624	3302
8120	3303
1522	3304
6695	3305
4293	3306
7128	3307
6008	3308
720	3309
4692	3310
8243	3311
2538	3312
3521	3313
2820	3314
7955	3315
5095	3316
5306	3317
3319	3318
4659	3319
8313	3320
8920	3321
6206	3322
501	3323
2953	3324
98	3325
2	3326
1284	3327
5247	3328
1042	3329
6183	3330
1342	3331
5387	3332
1245	3333
6421	3334
7341	3335
3109	3336
4847	3337
9162	3338
2920	3339
191	3340
2145	3341
327	3342
5358	3343
2209	3344
860	3345
8261	3346
7699	3347
4501	3348
7367	3349
891	3350
620	3351
6344	3352
7368	3353
6282	3354
2110	3355
8805	3356
3833	3357
1387	3358
4585	3359
4328	3360
8677	3361
5303	3362
8276	3363
88	3364
7789	3365
394	3366
4960	3367
5522	3368
373	3369
5317	3370
355	3371
6883	3372
4531	3373
1671	3374
441	3375
7569	3376
8222	3377
4111	3378
6135	3379
320	3380
4057	3381
5675	3382
2789	3383
7377	3384
1311	3385
951	3386
1713	3387
2383	3388
2823	3389
2156	3390
7725	3391
5773	3392
2904	3393
8901	3394
4495	3395
477	3396
4031	3397
4885	3398
8053	3399
8844	3400
7370	3401
4247	3402
972	3403
8802	3404
8807	3405
6005	3406
9182	3407
122	3408
5373	3409
5167	3410
5784	3411
2828	3412
3579	3413
1585	3414
3650	3415
1013	3416
8461	3417
7548	3418
1589	3419
3444	3420
6848	3421
528	3422
5750	3423
5915	3424
4053	3425
2322	3426
2287	3427
1408	3428
6537	3429
7296	3430
6428	3431
1254	3432
8915	3433
517	3434
4903	3435
4189	3436
25	3437
6610	3438
6579	3439
4718	3440
279	3441
326	3442
5714	3443
5379	3444
7064	3445
5823	3446
7235	3447
6926	3448
3535	3449
5042	3450
692	3451
5135	3452
293	3453
5089	3454
4801	3455
8078	3456
2994	3457
3662	3458
3694	3459
7531	3460
2150	3461
2646	3462
273	3463
30	3464
2027	3465
5730	3466
2795	3467
6083	3468
3404	3469
6952	3470
8044	3471
2126	3472
9181	3473
8188	3474
2248	3475
6275	3476
7494	3477
6708	3478
4068	3479
416	3480
302	3481
2847	3482
5459	3483
8370	3484
354	3485
621	3486
3682	3487
2563	3488
2653	3489
110	3490
4154	3491
6654	3492
2348	3493
5352	3494
1257	3495
3826	3496
8955	3497
4260	3498
5778	3499
8832	3500
2623	3501
821	3502
6211	3503
5682	3504
2288	3505
5934	3506
9249	3507
15	3508
252	3509
3247	3510
1657	3511
2654	3512
8818	3513
3714	3514
222	3515
5202	3516
4677	3517
19	3518
8009	3519
78	3520
7530	3521
2460	3522
7091	3523
8799	3524
8491	3525
2893	3526
9147	3527
3182	3528
8138	3529
5527	3530
7512	3531
5530	3532
5678	3533
9110	3534
6322	3535
8995	3536
5034	3537
5018	3538
4860	3539
7575	3540
4994	3541
4888	3542
7579	3543
6329	3544
1040	3545
2585	3546
4215	3547
2313	3548
7884	3549
7414	3550
2956	3551
1819	3552
9115	3553
4029	3554
8741	3555
4045	3556
6246	3557
8776	3558
115	3559
4370	3560
6086	3561
5729	3562
8451	3563
5865	3564
38	3565
8192	3566
6988	3567
420	3568
2663	3569
782	3570
6276	3571
845	3572
4927	3573
8460	3574
9264	3575
5241	3576
4551	3577
688	3578
94	3579
2868	3580
1551	3581
4855	3582
3637	3583
852	3584
215	3585
321	3586
2452	3587
800	3588
3789	3589
9075	3590
2095	3591
6927	3592
8767	3593
7864	3594
8940	3595
3917	3596
2814	3597
3325	3598
357	3599
8061	3600
6645	3601
5992	3602
3853	3603
6264	3604
988	3605
5384	3606
2240	3607
6298	3608
6575	3609
3908	3610
7116	3611
390	3612
2302	3613
7030	3614
448	3615
5964	3616
736	3617
830	3618
8182	3619
3508	3620
8350	3621
3822	3622
2007	3623
3651	3624
7751	3625
1027	3626
5966	3627
4122	3628
251	3629
6778	3630
5604	3631
2849	3632
6686	3633
7592	3634
5436	3635
2090	3636
6933	3637
7135	3638
9247	3639
7437	3640
4361	3641
5001	3642
86	3643
3734	3644
5455	3645
5259	3646
5988	3647
6609	3648
4543	3649
7342	3650
6931	3651
494	3652
61	3653
67	3654
5749	3655
8410	3656
2	3657
5582	3658
4904	3659
7803	3660
6678	3661
3229	3662
7784	3663
656	3664
366	3665
1162	3666
5078	3667
5830	3668
5297	3669
8398	3670
6907	3671
8133	3672
1904	3673
407	3674
5410	3675
3585	3676
120	3677
5852	3678
7601	3679
1913	3680
169	3681
9097	3682
405	3683
9001	3684
8344	3685
5843	3686
6367	3687
1	3688
5427	3689
2101	3690
6802	3691
5453	3692
1836	3693
6215	3694
6493	3695
3970	3696
3008	3697
3712	3698
6781	3699
1046	3700
4065	3701
2982	3702
423	3703
8328	3704
5722	3705
6302	3706
4831	3707
3228	3708
5052	3709
7986	3710
4302	3711
549	3712
7684	3713
3976	3714
2938	3715
6973	3716
4077	3717
2694	3718
6789	3719
1075	3720
459	3721
9118	3722
2019	3723
3266	3724
726	3725
379	3726
8085	3727
152	3728
8626	3729
9228	3730
9	3731
60	3732
5848	3733
8	3734
7865	3735
7679	3736
3615	3737
8664	3738
3368	3739
1910	3740
9092	3741
6808	3742
3297	3743
5311	3744
4234	3745
275	3746
3516	3747
6556	3748
8766	3749
6657	3750
7492	3751
2432	3752
2686	3753
82	3754
138	3755
1999	3756
4441	3757
3727	3758
6468	3759
985	3760
8575	3761
7634	3762
3963	3763
2279	3764
7331	3765
7328	3766
7463	3767
3430	3768
4097	3769
1091	3770
10	3771
5176	3772
1897	3773
7851	3774
6180	3775
5549	3776
4510	3777
5130	3778
1185	3779
7920	3780
2687	3781
383	3782
3919	3783
8773	3784
368	3785
9326	3786
7907	3787
1153	3788
6697	3789
4830	3790
4023	3791
6730	3792
6763	3793
2305	3794
7358	3795
9101	3796
1446	3797
1645	3798
4607	3799
5163	3800
185	3801
5916	3802
4623	3803
7053	3804
1143	3805
6041	3806
1298	3807
7308	3808
69	3809
5715	3810
4378	3811
8070	3812
942	3813
5515	3814
3725	3815
6121	3816
9033	3817
4952	3818
4488	3819
8657	3820
3424	3821
2782	3822
5044	3823
8780	3824
49	3825
9116	3826
514	3827
8376	3828
9369	3829
8907	3830
5432	3831
3784	3832
7595	3833
6790	3834
1192	3835
8870	3836
7671	3837
6618	3838
156	3839
3586	3840
3800	3841
5240	3842
4868	3843
2168	3844
1514	3845
2107	3846
8923	3847
4848	3848
7653	3849
8922	3850
2093	3851
6641	3852
4629	3853
133	3854
756	3855
8878	3856
1837	3857
4592	3858
8458	3859
7817	3860
6388	3861
61	3862
7332	3863
3983	3864
9059	3865
702	3866
3515	3867
3691	3868
26	3869
7483	3870
6517	3871
183	3872
5244	3873
288	3874
4614	3875
650	3876
8760	3877
9351	3878
645	3879
2655	3880
8589	3881
1805	3882
2418	3883
4598	3884
8516	3885
4646	3886
1698	3887
1173	3888
4028	3889
9261	3890
452	3891
6525	3892
7404	3893
6648	3894
8738	3895
5938	3896
5824	3897
1720	3898
7470	3899
4449	3900
5233	3901
5624	3902
2440	3903
4586	3904
2137	3905
3475	3906
2128	3907
1486	3908
1624	3909
5100	3910
115	3911
1745	3912
757	3913
8172	3914
4242	3915
1790	3916
4898	3917
2962	3918
2983	3919
362	3920
4251	3921
6366	3922
4404	3923
9193	3924
386	3925
9303	3926
1125	3927
7536	3928
8418	3929
145	3930
344	3931
348	3932
7154	3933
2062	3934
5660	3935
4912	3936
8504	3937
5751	3938
991	3939
1637	3940
4380	3941
6283	3942
8487	3943
1246	3944
9166	3945
4289	3946
7432	3947
460	3948
871	3949
3659	3950
7346	3951
2763	3952
6692	3953
6896	3954
1749	3955
2878	3956
1674	3957
8967	3958
6462	3959
6370	3960
7033	3961
1268	3962
4168	3963
16	3964
6897	3965
32	3966
3071	3967
2499	3968
3186	3969
7129	3970
415	3971
2388	3972
3749	3973
6832	3974
6810	3975
8792	3976
8871	3977
565	3978
3924	3979
1407	3980
89	3981
9315	3982
7900	3983
3226	3984
7205	3985
4617	3986
8523	3987
7649	3988
9148	3989
7672	3990
5207	3991
721	3992
1422	3993
1964	3994
6280	3995
4814	3996
4257	3997
6680	3998
2122	3999
8758	4000
1467	4001
8441	4002
3373	4003
8964	4004
7269	4005
2021	4006
6774	4007
749	4008
8035	4009
7408	4010
1130	4011
8810	4012
1349	4013
5577	4014
6369	4015
8720	4016
8079	4017
1962	4018
90	4019
5353	4020
5036	4021
1395	4022
1623	4023
416	4024
6382	4025
5999	4026
6449	4027
6696	4028
442	4029
1234	4030
7578	4031
1941	4032
1653	4033
4447	4034
7849	4035
14	4036
5809	4037
43	4038
2806	4039
6375	4040
2213	4041
5355	4042
5634	4043
7642	4044
1524	4045
2714	4046
11	4047
127	4048
859	4049
347	4050
5227	4051
2550	4052
5698	4053
1969	4054
3507	4055
6007	4056
9062	4057
6250	4058
597	4059
2464	4060
118	4061
363	4062
7952	4063
6310	4064
8205	4065
2018	4066
4451	4067
2111	4068
7609	4069
8972	4070
1700	4071
4767	4072
8909	4073
4721	4074
4729	4075
5421	4076
6847	4077
3432	4078
1593	4079
2907	4080
2525	4081
6186	4082
276	4083
1776	4084
7136	4085
6114	4086
3477	4087
3112	4088
543	4089
360	4090
6474	4091
9134	4092
1074	4093
1746	4094
2221	4095
7307	4096
5628	4097
5376	4098
867	4099
4857	4100
2217	4101
2702	4102
5294	4103
2315	4104
3688	4105
1426	4106
7017	4107
6299	4108
1119	4109
2147	4110
7076	4111
8386	4112
8552	4113
2739	4114
5120	4115
4076	4116
477	4117
5794	4118
6240	4119
632	4120
1135	4121
4827	4122
2830	4123
3311	4124
850	4125
2902	4126
227	4127
5232	4128
456	4129
1599	4130
4387	4131
4484	4132
4344	4133
1601	4134
7493	4135
740	4136
7228	4137
5011	4138
242	4139
311	4140
4523	4141
6182	4142
5017	4143
5269	4144
5084	4145
5887	4146
1319	4147
7835	4148
7591	4149
4350	4150
1865	4151
1568	4152
5525	4153
140	4154
17	4155
158	4156
887	4157
2381	4158
7378	4159
5469	4160
4717	4161
3068	4162
6324	4163
7532	4164
7701	4165
5177	4166
8462	4167
1258	4168
3241	4169
7902	4170
6209	4171
6925	4172
7908	4173
3889	4174
778	4175
3007	4176
4148	4177
7366	4178
1243	4179
434	4180
4479	4181
3832	4182
6761	4183
144	4184
415	4185
7722	4186
1215	4187
3045	4188
1875	4189
1344	4190
193	4191
166	4192
3732	4193
9098	4194
5217	4195
863	4196
3952	4197
5434	4198
2191	4199
5810	4200
4654	4201
68	4202
7446	4203
8340	4204
8427	4205
6565	4206
5580	4207
3502	4208
1625	4209
18	4210
264	4211
8285	4212
5633	4213
1089	4214
6305	4215
252	4216
7555	4217
83	4218
9222	4219
169	4220
3125	4221
8286	4222
28	4223
280	4224
4686	4225
7004	4226
6529	4227
396	4228
2689	4229
5998	4230
5062	4231
6089	4232
1976	4233
3797	4234
4875	4235
75	4236
109	4237
3742	4238
3525	4239
8659	4240
1412	4241
4506	4242
5484	4243
7769	4244
5338	4245
7753	4246
7151	4247
6836	4248
6653	4249
8535	4250
7337	4251
2802	4252
5326	4253
6841	4254
978	4255
7475	4256
2417	4257
2949	4258
3159	4259
2701	4260
4861	4261
7215	4262
9359	4263
8081	4264
247	4265
5712	4266
3029	4267
7694	4268
737	4269
1236	4270
9173	4271
5298	4272
6236	4273
5699	4274
9184	4275
3449	4276
7785	4277
9185	4278
5407	4279
3128	4280
3296	4281
4304	4282
5513	4283
6773	4284
3636	4285
6105	4286
4561	4287
6739	4288
7260	4289
779	4290
3273	4291
5197	4292
1543	4293
8861	4294
8082	4295
8028	4296
4044	4297
1100	4298
8014	4299
1487	4300
2756	4301
4100	4302
2178	4303
6955	4304
6535	4305
9167	4306
3738	4307
540	4308
2200	4309
7298	4310
4383	4311
5591	4312
397	4313
4353	4314
5300	4315
9240	4316
177	4317
7941	4318
3309	4319
368	4320
8917	4321
5010	4322
29	4323
7056	4324
1918	4325
6269	4326
3114	4327
2488	4328
400	4329
895	4330
2222	4331
6204	4332
6331	4333
5020	4334
7620	4335
5320	4336
139	4337
5328	4338
1863	4339
8904	4340
4095	4341
4473	4342
8396	4343
6117	4344
5908	4345
3315	4346
8849	4347
2039	4348
6523	4349
5021	4350
24	4351
1021	4352
2426	4353
2958	4354
5542	4355
8305	4356
7727	4357
601	4358
5558	4359
8142	4360
780	4361
3122	4362
5777	4363
3024	4364
6748	4365
9269	4366
5806	4367
1481	4368
2045	4369
2527	4370
1092	4371
3456	4372
5299	4373
295	4374
6458	4375
4294	4376
3809	4377
2768	4378
3102	4379
121	4380
2301	4381
981	4382
5725	4383
502	4384
5383	4385
48	4386
479	4387
1679	4388
434	4389
4036	4390
8800	4391
5134	4392
5953	4393
2861	4394
9017	4395
7046	4396
629	4397
8356	4398
7140	4399
6500	4400
4941	4401
8019	4402
4233	4403
556	4404
7216	4405
8921	4406
2364	4407
5108	4408
1858	4409
730	4410
4322	4411
8021	4412
8278	4413
2319	4414
444	4415
275	4416
7766	4417
6062	4418
3143	4419
1607	4420
2328	4421
1327	4422
4052	4423
6358	4424
1200	4425
281	4426
3792	4427
199	4428
5656	4429
4200	4430
5099	4431
4641	4432
8698	4433
9095	4434
464	4435
7721	4436
3158	4437
7602	4438
7334	4439
1663	4440
7401	4441
1943	4442
8259	4443
2001	4444
5888	4445
8683	4446
6094	4447
2048	4448
6674	4449
283	4450
2177	4451
8173	4452
3594	4453
49	4454
5072	4455
7916	4456
8090	4457
9168	4458
406	4459
1138	4460
2995	4461
3165	4462
1078	4463
9164	4464
2942	4465
6111	4466
5032	4467
8310	4468
1547	4469
3778	4470
9257	4471
429	4472
8145	4473
5270	4474
184	4475
5357	4476
2483	4477
6335	4478
6993	4479
8190	4480
491	4481
881	4482
644	4483
810	4484
7422	4485
1120	4486
1689	4487
4252	4488
6034	4489
7256	4490
6531	4491
2516	4492
4774	4493
9060	4494
6144	4495
6346	4496
5105	4497
3944	4498
1337	4499
8550	4500
4143	4501
8555	4502
8016	4503
5995	4504
7167	4505
5863	4506
5501	4507
3938	4508
438	4509
1548	4510
8896	4511
4563	4512
7047	4513
6687	4514
5936	4515
627	4516
9205	4517
8051	4518
2419	4519
7330	4520
2925	4521
1187	4522
1829	4523
1985	4524
5195	4525
5215	4526
25	4527
6554	4528
5720	4529
1872	4530
2746	4531
2053	4532
6814	4533
8740	4534
7141	4535
6731	4536
995	4537
5149	4538
7029	4539
2427	4540
4625	4541
6590	4542
1631	4543
7660	4544
3181	4545
3674	4546
6571	4547
1546	4548
4237	4549
7003	4550
3235	4551
1460	4552
2918	4553
914	4554
157	4555
4748	4556
1058	4557
5694	4558
1418	4559
4369	4560
5881	4561
4789	4562
1866	4563
1152	4564
3425	4565
983	4566
604	4567
664	4568
385	4569
7406	4570
4446	4571
9297	4572
2747	4573
1735	4574
6644	4575
9108	4576
4557	4577
2144	4578
9015	4579
2394	4580
7587	4581
2618	4582
1206	4583
458	4584
2471	4585
2923	4586
8635	4587
1534	4588
4485	4589
7146	4590
8218	4591
55	4592
6526	4593
5302	4594
2330	4595
5179	4596
6423	4597
7420	4598
9348	4599
5088	4600
454	4601
378	4602
8365	4603
7287	4604
1616	4605
1870	4606
5162	4607
7081	4608
443	4609
3994	4610
5506	4611
807	4612
3367	4613
8136	4614
9226	4615
8540	4616
9279	4617
9159	4618
3082	4619
1026	4620
55	4621
3093	4622
6756	4623
1702	4624
143	4625
6300	4626
5602	4627
2862	4628
1891	4629
8509	4630
4816	4631
7226	4632
4307	4633
433	4634
8528	4635
8073	4636
8181	4637
3095	4638
1449	4639
5212	4640
1440	4641
943	4642
2467	4643
3009	4644
8	4645
6600	4646
3239	4647
6001	4648
6583	4649
8196	4650
8025	4651
9300	4652
4306	4653
469	4654
7143	4655
6024	4656
6905	4657
8994	4658
7590	4659
2096	4660
7472	4661
2324	4662
4279	4663
6827	4664
2895	4665
8389	4666
7558	4667
1371	4668
1250	4669
5312	4670
4452	4671
4305	4672
8544	4673
8125	4674
7464	4675
2135	4676
9341	4677
7747	4678
4227	4679
9301	4680
6694	4681
6864	4682
7549	4683
3620	4684
544	4685
6886	4686
6753	4687
2469	4688
5503	4689
6495	4690
8866	4691
4700	4692
4431	4693
774	4694
8373	4695
4947	4696
3805	4697
6585	4698
7085	4699
8184	4700
6665	4701
590	4702
6342	4703
4121	4704
1036	4705
5552	4706
7176	4707
4605	4708
5170	4709
3726	4710
322	4711
6326	4712
2771	4713
8248	4714
50	4715
4838	4716
3839	4717
2006	4718
6136	4719
4696	4720
6633	4721
8672	4722
6315	4723
121	4724
4435	4725
8157	4726
8599	4727
455	4728
2639	4729
379	4730
4418	4731
9178	4732
8369	4733
4626	4734
395	4735
4359	4736
3413	4737
7715	4738
1721	4739
8404	4740
3698	4741
537	4742
3089	4743
3383	4744
2636	4745
3744	4746
7544	4747
2455	4748
3788	4749
7654	4750
3828	4751
337	4752
944	4753
2197	4754
7936	4755
2737	4756
3843	4757
5774	4758
8618	4759
9296	4760
4704	4761
5460	4762
1370	4763
1835	4764
5668	4765
3673	4766
3539	4767
3474	4768
3849	4769
8349	4770
7	4771
2699	4772
4612	4773
7610	4774
4604	4775
4951	4776
267	4777
8499	4778
8939	4779
3073	4780
85	4781
4595	4782
589	4783
6393	4784
3536	4785
5023	4786
3457	4787
1411	4788
3633	4789
4992	4790
8267	4791
6691	4792
8848	4793
4575	4794
7444	4795
8798	4796
7182	4797
2695	4798
4016	4799
2606	4800
179	4801
6820	4802
3504	4803
2644	4804
56	4805
3225	4806
5695	4807
2132	4808
2838	4809
1778	4810
2586	4811
5579	4812
160	4813
2032	4814
2481	4815
1488	4816
1681	4817
5947	4818
1995	4819
6662	4820
38	4821
410	4822
63	4823
7825	4824
7809	4825
5841	4826
4290	4827
7535	4828
7468	4829
634	4830
947	4831
1578	4832
2241	4833
1567	4834
8910	4835
4597	4836
6053	4837
7612	4838
8236	4839
484	4840
3341	4841
7627	4842
2986	4843
1172	4844
753	4845
1146	4846
4899	4847
878	4848
961	4849
3014	4850
6403	4851
1323	4852
5783	4853
157	4854
8290	4855
1147	4856
7546	4857
6576	4858
613	4859
6321	4860
6977	4861
3992	4862
1963	4863
3105	4864
759	4865
1626	4866
599	4867
8056	4868
2931	4869
7006	4870
4839	4871
3627	4872
6482	4873
5277	4874
2691	4875
4385	4876
7760	4877
6764	4878
4499	4879
7326	4880
5553	4881
7349	4882
349	4883
7290	4884
1845	4885
7316	4886
4655	4887
1398	4888
5219	4889
6355	4890
4712	4891
6129	4892
429	4893
5664	4894
9137	4895
2186	4896
1672	4897
5374	4898
8775	4899
7118	4900
5104	4901
6569	4902
4381	4903
8497	4904
204	4905
1010	4906
4198	4907
3599	4908
4093	4909
2917	4910
3927	4911
2872	4912
1416	4913
553	4914
286	4915
7329	4916
8316	4917
2314	4918
3914	4919
5103	4920
1793	4921
1694	4922
7988	4923
6199	4924
9154	4925
240	4926
2141	4927
2299	4928
1809	4929
855	4930
2899	4931
4711	4932
4821	4933
4752	4934
1108	4935
301	4936
4291	4937
4593	4938
380	4939
1289	4940
6670	4941
1414	4942
459	4943
3377	4944
8332	4945
3344	4946
3018	4947
67	4948
7798	4949
4000	4950
6431	4951
8684	4952
4913	4953
1186	4954
2124	4955
2138	4956
2999	4957
9179	4958
6821	4959
7872	4960
2420	4961
212	4962
7283	4963
6503	4964
4442	4965
2038	4966
5188	4967
5807	4968
2641	4969
7452	4970
7417	4971
7926	4972
5113	4973
7668	4974
5772	4975
9103	4976
8707	4977
5157	4978
8551	4979
4942	4980
4276	4981
4722	4982
7676	4983
1889	4984
490	4985
8711	4986
4157	4987
451	4988
8307	4989
5518	4990
3094	4991
2532	4992
9371	4993
7448	4994
7221	4995
7114	4996
356	4997
4012	4998
4460	4999
7967	5000
6659	5001
4678	5002
2320	5003
5845	5004
5873	5005
542	5006
6210	5007
7921	5008
7540	5009
639	5010
7048	5011
6646	5012
7982	5013
2326	5014
4017	5015
2502	5016
1940	5017
3150	5018
6720	5019
313	5020
105	5021
3015	5022
4589	5023
8621	5024
6528	5025
8772	5026
882	5027
3295	5028
480	5029
2139	5030
3523	5031
4179	5032
8064	5033
3378	5034
7336	5035
3447	5036
5614	5037
6709	5038
3293	5039
2673	5040
4474	5041
4856	5042
1105	5043
7659	5044
4471	5045
8993	5046
8010	5047
8439	5048
8141	5049
7868	5050
1598	5051
725	5052
2998	5053
12	5054
40	5055
6092	5056
5096	5057
60	5058
6542	5059
1133	5060
1967	5061
7294	5062
3978	5063
5804	5064
329	5065
6723	5066
8989	5067
1053	5068
5662	5069
5395	5070
1238	5071
3898	5072
8020	5073
1748	5074
7351	5075
2568	5076
66	5077
7855	5078
1029	5079
5742	5080
7951	5081
7465	5082
5738	5083
7782	5084
271	5085
6185	5086
5075	5087
5502	5088
7119	5089
7527	5090
3216	5091
687	5092
1432	5093
2595	5094
1084	5095
7700	5096
5013	5097
7572	5098
196	5099
9011	5100
174	5101
6318	5102
600	5103
2232	5104
9000	5105
4105	5106
6196	5107
7710	5108
666	5109
2961	5110
1272	5111
1668	5112
234	5113
4840	5114
1615	5115
3984	5116
7824	5117
2511	5118
6655	5119
8508	5120
223	5121
6414	5122
6339	5123
179	5124
5008	5125
5490	5126
4804	5127
36	5128
3661	5129
347	5130
7879	5131
3562	5132
2800	5133
3933	5134
3035	5135
6294	5136
1006	5137
3213	5138
36	5139
6	5140
1051	5141
45	5142
409	5143
125	5144
8319	5145
1069	5146
6170	5147
3323	5148
1457	5149
1864	5150
35	5151
5994	5152
8233	5153
8250	5154
4448	5155
5788	5156
8214	5157
6303	5158
1812	5159
1480	5160
8836	5161
2437	5162
2306	5163
442	5164
345	5165
509	5166
4314	5167
1117	5168
5753	5169
8584	5170
2196	5171
5867	5172
7159	5173
1378	5174
182	5175
607	5176
5158	5177
7517	5178
3411	5179
9135	5180
1888	5181
8835	5182
73	5183
5097	5184
6768	5185
9255	5186
3259	5187
2354	5188
5342	5189
3086	5190
9216	5191
9041	5192
7664	5193
3932	5194
3043	5195
3911	5196
5609	5197
3916	5198
3147	5199
2334	5200
2058	5201
87	5202
9286	5203
7678	5204
6328	5205
5617	5206
2573	5207
8983	5208
1338	5209
1479	5210
7040	5211
3623	5212
3343	5213
116	5214
8837	5215
677	5216
1971	5217
8099	5218
930	5219
743	5220
6101	5221
6873	5222
6491	5223
3417	5224
8520	5225
998	5226
232	5227
5101	5228
325	5229
4292	5230
8795	5231
6924	5232
5521	5233
203	5234
3178	5235
7910	5236
2844	5237
4769	5238
3977	5239
6313	5240
5333	5241
5265	5242
7790	5243
529	5244
79	5245
9252	5246
6354	5247
8960	5248
4467	5249
47	5250
2866	5251
5654	5252
7511	5253
36	5254
2959	5255
2409	5256
925	5257
5762	5258
5985	5259
6594	5260
5279	5261
6150	5262
4764	5263
9340	5264
6577	5265
1986	5266
5183	5267
5336	5268
8507	5269
452	5270
9094	5271
4869	5272
2879	5273
1844	5274
9074	5275
8031	5276
6353	5277
8199	5278
8633	5279
7897	5280
2214	5281
6634	5282
192	5283
6852	5284
6256	5285
827	5286
525	5287
5076	5288
4158	5289
1792	5290
6106	5291
6996	5292
892	5293
1509	5294
6450	5295
8249	5296
8323	5297
4618	5298
8610	5299
6242	5300
5000	5301
462	5302
3771	5303
265	5304
7051	5305
7506	5306
9121	5307
444	5308
4216	5309
2642	5310
8893	5311
4167	5312
1164	5313
446	5314
628	5315
6432	5316
4051	5317
4263	5318
5603	5319
3431	5320
750	5321
8392	5322
4203	5323
7861	5324
6718	5325
8244	5326
3012	5327
8202	5328
1815	5329
3281	5330
2549	5331
7999	5332
3061	5333
1754	5334
7002	5335
3902	5336
2651	5337
5267	5338
3848	5339
50	5340
616	5341
2930	5342
8843	5343
3962	5344
2304	5345
1357	5346
4382	5347
6235	5348
3587	5349
4377	5350
4714	5351
8496	5352
4647	5353
5154	5354
1495	5355
4870	5356
485	5357
235	5358
5109	5359
2696	5360
1444	5361
1777	5362
8532	5363
6176	5364
8477	5365
7194	5366
1464	5367
2593	5368
3402	5369
3472	5370
5596	5371
9089	5372
3546	5373
282	5374
8525	5375
3616	5376
700	5377
5225	5378
5686	5379
6019	5380
3391	5381
5612	5382
5254	5383
5467	5384
3498	5385
4444	5386
715	5387
7889	5388
6277	5389
4560	5390
5325	5391
6928	5392
8856	5393
8422	5394
7010	5395
4355	5396
4921	5397
5440	5398
2703	5399
126	5400
2373	5401
3353	5402
8880	5403
3470	5404
1492	5405
4713	5406
9281	5407
8753	5408
8914	5409
4828	5410
1353	5411
5396	5412
8513	5413
4884	5414
6507	5415
1883	5416
1035	5417
8616	5418
3419	5419
8409	5420
6823	5421
321	5422
6441	5423
6011	5424
7629	5425
7647	5426
2089	5427
968	5428
3036	5429
1304	5430
7946	5431
7624	5432
8862	5433
9314	5434
602	5435
4799	5436
6015	5437
1670	5438
7426	5439
3741	5440
5151	5441
4136	5442
5532	5443
7815	5444
7309	5445
6093	5446
7007	5447
8238	5448
6146	5449
1394	5450
7069	5451
7044	5452
6475	5453
163	5454
5969	5455
1214	5456
4159	5457
2778	5458
3267	5459
522	5460
6027	5461
7828	5462
5048	5463
2638	5464
3724	5465
4988	5466
1573	5467
3991	5468
5557	5469
1442	5470
2833	5471
9034	5472
2325	5473
574	5474
8821	5475
513	5476
1154	5477
8941	5478
8517	5479
7740	5480
6279	5481
6593	5482
2991	5483
307	5484
1597	5485
6402	5486
1116	5487
4504	5488
6379	5489
4384	5490
7938	5491
4419	5492
7219	5493
3382	5494
4667	5495
298	5496
5362	5497
2163	5498
5223	5499
8817	5500
7895	5501
488	5502
5683	5503
4482	5504
4	5505
3354	5506
3118	5507
8751	5508
1557	5509
1804	5510
4351	5511
2684	5512
3865	5513
2036	5514
4083	5515
449	5516
8379	5517
5556	5518
2843	5519
6689	5520
1619	5521
7043	5522
167	5523
33	5524
4094	5525
3258	5526
6102	5527
2501	5528
6632	5529
4047	5530
5369	5531
6805	5532
6289	5533
8661	5534
6408	5535
3776	5536
3493	5537
2613	5538
8334	5539
2908	5540
6663	5541
4932	5542
341	5543
8140	5544
4905	5545
1347	5546
265	5547
4736	5548
8927	5549
8284	5550
1226	5551
752	5552
7611	5553
3080	5554
5690	5555
1989	5556
3220	5557
6568	5558
4341	5559
4548	5560
4780	5561
7788	5562
9310	5563
4207	5564
6352	5565
5816	5566
7223	5567
1199	5568
1421	5569
6191	5570
6734	5571
495	5572
4695	5573
3257	5574
535	5575
5857	5576
7929	5577
3869	5578
8867	5579
2889	5580
8650	5581
2683	5582
3614	5583
5903	5584
6168	5585
1609	5586
263	5587
6132	5588
6892	5589
106	5590
6607	5591
8680	5592
6887	5593
3083	5594
5859	5595
3146	5596
3929	5597
362	5598
4197	5599
8042	5600
1773	5601
23	5602
8653	5603
722	5604
1709	5605
8377	5606
5716	5607
424	5608
6048	5609
4820	5610
3195	5611
138	5612
2759	5613
9358	5614
1725	5615
8846	5616
4674	5617
272	5618
6268	5619
4628	5620
2988	5621
3702	5622
8820	5623
1584	5624
739	5625
8273	5626
41	5627
5535	5628
381	5629
6981	5630
1968	5631
5246	5632
2619	5633
8926	5634
31	5635
8335	5636
8608	5637
9253	5638
5906	5639
5061	5640
430	5641
8876	5642
2003	5643
8277	5644
1779	5645
840	5646
5882	5647
3017	5648
3852	5649
47	5650
2745	5651
9293	5652
418	5653
200	5654
168	5655
7131	5656
5825	5657
6085	5658
3961	5659
330	5660
6113	5661
8391	5662
1285	5663
9155	5664
918	5665
1676	5666
1526	5667
2969	5668
1562	5669
37	5670
8194	5671
61	5672
841	5673
3090	5674
5350	5675
7188	5676
9152	5677
3174	5678
8592	5679
53	5680
5899	5681
7759	5682
5388	5683
5063	5684
276	5685
524	5686
411	5687
4258	5688
993	5689
7416	5690
525	5691
8312	5692
4876	5693
1974	5694
449	5695
5354	5696
7852	5697
7476	5698
5255	5699
1955	5700
4393	5701
4627	5702
46	5703
973	5704
3934	5705
534	5706
7441	5707
6312	5708
3722	5709
3135	5710
498	5711
156	5712
5533	5713
8058	5714
6032	5715
187	5716
3876	5717
6982	5718
7381	5719
8912	5720
80	5721
9201	5722
5222	5723
5623	5724
6466	5725
208	5726
1229	5727
9244	5728
1241	5729
6169	5730
299	5731
1255	5732
8953	5733
3384	5734
1917	5735
6290	5736
284	5737
7467	5738
964	5739
110	5740
724	5741
6762	5742
862	5743
2783	5744
4102	5745
499	5746
5797	5747
3850	5748
10	5749
8301	5750
207	5751
4140	5752
501	5753
7615	5754
2164	5755
7396	5756
7304	5757
147	5758
256	5759
6693	5760
4556	5761
7630	5762
624	5763
849	5764
165	5765
6512	5766
3687	5767
1350	5768
733	5769
3718	5770
2158	5771
1797	5772
8652	5773
7022	5774
7978	5775
875	5776
188	5777
3695	5778
6900	5779
81	5780
6436	5781
5554	5782
3613	5783
74	5784
8746	5785
8295	5786
1335	5787
2127	5788
1958	5789
3640	5790
6212	5791
6666	5792
7928	5793
2482	5794
577	5795
112	5796
6501	5797
2375	5798
899	5799
352	5800
4194	5801
5200	5802
8722	5803
5860	5804
6702	5805
5238	5806
4130	5807
4010	5808
7502	5809
6446	5810
373	5811
6198	5812
6476	5813
419	5814
7983	5815
4770	5816
7758	5817
2399	5818
9080	5819
8390	5820
2975	5821
5524	5822
4050	5823
3473	5824
5423	5825
6797	5826
6065	5827
8974	5828
5327	5829
1827	5830
229	5831
777	5832
9183	5833
4967	5834
1993	5835
6971	5836
8975	5837
6488	5838
9377	5839
1055	5840
8105	5841
4212	5842
9071	5843
541	5844
5832	5845
4405	5846
8593	5847
139	5848
8988	5849
217	5850
5047	5851
5512	5852
3551	5853
6559	5854
4162	5855
7542	5856
424	5857
4694	5858
4777	5859
366	5860
7391	5861
8282	5862
3567	5863
6069	5864
2570	5865
2435	5866
5231	5867
8067	5868
507	5869
3699	5870
8399	5871
3939	5872
6363	5873
2824	5874
6233	5875
7333	5876
4740	5877
6477	5878
5344	5879
4805	5880
9106	5881
233	5882
1077	5883
1056	5884
8783	5885
5721	5886
1291	5887
928	5888
4887	5889
8679	5890
2859	5891
2380	5892
1249	5893
354	5894
3141	5895
533	5896
2311	5897
1545	5898
2581	5899
2396	5900
3558	5901
111	5902
5917	5903
7192	5904
2645	5905
8030	5906
7227	5907
292	5908
3390	5909
198	5910
198	5911
717	5912
6643	5913
7857	5914
8594	5915
7818	5916
6163	5917
3107	5918
3960	5919
7	5920
4810	5921
9006	5922
7773	5923
7823	5924
7347	5925
3773	5926
6975	5927
6143	5928
6025	5929
6486	5930
3974	5931
9091	5932
3032	5933
8980	5934
256	5935
178	5936
7197	5937
5904	5938
2551	5939
3692	5940
34	5941
2002	5942
655	5943
1688	5944
5258	5945
1063	5946
5632	5947
4008	5948
1033	5949
6712	5950
6875	5951
93	5952
5791	5953
3752	5954
6247	5955
3808	5956
6622	5957
3304	5958
5439	5959
4934	5960
2155	5961
588	5962
6511	5963
5571	5964
1057	5965
6257	5966
248	5967
5780	5968
5601	5969
3568	5970
6812	5971
1232	5972
380	5973
2785	5974
4114	5975
1305	5976
2725	5977
5015	5978
1800	5979
5607	5980
8579	5981
1555	5982
1401	5983
6184	5984
5136	5985
6231	5986
6651	5987
8991	5988
1542	5989
3925	5990
8476	5991
9202	5992
3392	5993
1930	5994
7866	5995
4751	5996
6467	5997
7180	5998
2656	5999
5973	6000
7499	6001
3625	6002
2496	6003
5398	6004
4766	6005
5869	6006
6858	6007
296	6008
4535	6009
166	6010
462	6011
6998	6012
3897	6013
7474	6014
1799	6015
4038	6016
8158	6017
8299	6018
4702	6019
8645	6020
1686	6021
4248	6022
1134	6023
2454	6024
659	6025
4056	6026
755	6027
960	6028
4459	6029
4545	6030
5409	6031
5517	6032
4394	6033
6347	6034
8109	6035
7820	6036
6265	6037
5510	6038
4768	6039
935	6040
111	6041
3887	6042
3334	6043
9068	6044
1926	6045
6193	6046
29	6047
4841	6048
540	6049
1893	6050
510	6051
8785	6052
237	6053
134	6054
6637	6055
6494	6056
300	6057
229	6058
3153	6059
5147	6060
6667	6061
8822	6062
3855	6063
1104	6064
4397	6065
3646	6066
7538	6067
3997	6068
6194	6069
9053	6070
7985	6071
2950	6072
35	6073
6405	6074
1204	6075
3313	6076
5965	6077
2108	6078
7885	6079
2129	6080
3830	6081
29	6082
6438	6083
3770	6084
1820	6085
1644	6086
7606	6087
1726	6088
89	6089
1759	6090
1168	6091
9082	6092
2798	6093
903	6094
5456	6095
3909	6096
484	6097
3408	6098
7473	6099
9356	6100
1894	6101
3618	6102
5763	6103
5740	6104
7024	6105
7570	6106
7487	6107
8725	6108
2816	6109
1346	6110
4196	6111
4340	6112
2269	6113
5940	6114
2968	6115
4596	6116
6970	6117
8938	6118
123	6119
3764	6120
487	6121
2854	6122
9214	6123
748	6124
4943	6125
8539	6126
2109	6127
6207	6128
5132	6129
7456	6130
5786	6131
5079	6132
3308	6133
8072	6134
8226	6135
2495	6136
269	6137
7994	6138
9146	6139
6002	6140
4747	6141
2407	6142
443	6143
6485	6144
33	6145
4624	6146
5083	6147
6465	6148
9035	6149
8252	6150
457	6151
8331	6152
2477	6153
2996	6154
119	6155
3854	6156
3047	6157
3668	6158
5746	6159
2760	6160
3995	6161
2157	6162
9235	6163
3361	6164
7185	6165
6895	6166
5975	6167
5894	6168
3117	6169
6411	6170
6128	6171
8484	6172
970	6173
7912	6174
123	6175
573	6176
4622	6177
1436	6178
953	6179
4571	6180
2674	6181
2911	6182
8723	6183
4364	6184
838	6185
4033	6186
1951	6187
3940	6188
7148	6189
2267	6190
8585	6191
2977	6192
2131	6193
8998	6194
6188	6195
259	6196
4104	6197
2698	6198
4456	6199
1731	6200
7190	6201
4300	6202
3931	6203
9186	6204
6047	6205
3775	6206
7385	6207
8424	6208
6448	6209
2620	6210
3131	6211
7628	6212
5205	6213
7023	6214
3576	6215
3570	6216
4213	6217
8842	6218
1816	6219
4087	6220
475	6221
32	6222
3303	6223
9256	6224
96	6225
2826	6226
7145	6227
3277	6228
539	6229
7156	6230
4042	6231
8890	6232
2978	6233
1393	6234
7971	6235
8071	6236
4337	6237
316	6238
1649	6239
1155	6240
7389	6241
1849	6242
4528	6243
57	6244
1124	6245
4603	6246
9113	6247
1658	6248
7640	6249
1484	6250
7344	6251
2478	6252
6881	6253
8857	6254
4277	6255
4657	6256
2457	6257
8309	6258
3187	6259
435	6260
3660	6261
6442	6262
3238	6263
7904	6264
5068	6265
3211	6266
4363	6267
4539	6268
5056	6269
8894	6270
3981	6271
1110	6272
113	6273
5680	6274
4577	6275
7667	6276
667	6277
5812	6278
4680	6279
7052	6280
3763	6281
1528	6282
71	6283
237	6284
3170	6285
3044	6286
5053	6287
1447	6288
4134	6289
8982	6290
3292	6291
3357	6292
2198	6293
7520	6294
6505	6295
6581	6296
2277	6297
2487	6298
603	6299
1590	6300
2635	6301
6187	6302
9016	6303
3872	6304
4339	6305
5122	6306
8263	6307
8015	6308
339	6309
6051	6310
5599	6311
2794	6312
3124	6313
3941	6314
7234	6315
2055	6316
6325	6317
7423	6318
2721	6319
5364	6320
2810	6321
2052	6322
3397	6323
8819	6324
5650	6325
3910	6326
43	6327
7066	6328
4939	6329
3861	6330
2602	6331
7079	6332
4520	6333
7317	6334
1363	6335
7311	6336
9361	6337
5332	6338
4588	6339
4851	6340
4311	6341
2612	6342
1239	6343
4243	6344
3208	6345
7165	6346
159	6347
4775	6348
5248	6349
957	6350
3793	6351
8135	6352
7400	6353
5412	6354
5901	6355
676	6356
4477	6357
5702	6358
1795	6359
5295	6360
5340	6361
1296	6362
4301	6363
3696	6364
6673	6365
4075	6366
7239	6367
3410	6368
3937	6369
1434	6370
8005	6371
929	6372
8047	6373
3985	6374
7937	6375
2709	6376
3302	6377
9163	6378
3945	6379
3352	6380
441	6381
4116	6382
5545	6383
9070	6384
1881	6385
5989	6386
6940	6387
3893	6388
2211	6389
3563	6390
107	6391
3003	6392
1553	6393
7060	6394
7714	6395
4285	6396
2927	6397
2353	6398
10	6399
5670	6400
2558	6401
5155	6402
134	6403
6878	6404
8026	6405
6376	6406
5064	6407
8143	6408
7036	6409
211	6410
8787	6411
8717	6412
4945	6413
3746	6414
9298	6415
7562	6416
8414	6417
8266	6418
6125	6419
5129	6420
3173	6421
4815	6422
6042	6423
8542	6424
3743	6425
5837	6426
2276	6427
651	6428
6741	6429
5536	6430
2700	6431
7780	6432
4644	6433
4219	6434
5796	6435
7792	6436
6123	6437
608	6438
868	6439
2678	6440
6217	6441
1909	6442
4282	6443
3282	6444
8808	6445
5283	6446
2609	6447
527	6448
95	6449
5875	6450
693	6451
1149	6452
2569	6453
8232	6454
7433	6455
137	6456
5880	6457
3750	6458
423	6459
2803	6460
6943	6461
4739	6462
7565	6463
2194	6464
8447	6465
1076	6466
64	6467
8251	6468
4758	6469
8669	6470
4061	6471
5470	6472
4472	6473
4901	6474
3346	6475
2787	6476
3136	6477
2338	6478
2524	6479
3820	6480
7133	6481
8268	6482
544	6483
418	6484
8874	6485
6725	6486
3862	6487
202	6488
404	6489
7980	6490
244	6491
1838	6492
1489	6493
4030	6494
2378	6495
1813	6496
4675	6497
9368	6498
806	6499
7206	6500
4297	6501
1612	6502
2987	6503
3971	6504
5795	6505
2837	6506
2181	6507
5968	6508
3906	6509
2522	6510
9233	6511
3825	6512
8676	6513
2855	6514
7357	6515
492	6516
7931	6517
5912	6518
3886	6519
6746	6520
2014	6521
1594	6522
4015	6523
6195	6524
3376	6525
4853	6526
4809	6527
7486	6528
3683	6529
2813	6530
8152	6531
6381	6532
4046	6533
417	6534
761	6535
1591	6536
5505	6537
1331	6538
9065	6539
481	6540
4834	6541
516	6542
249	6543
3261	6544
210	6545
1461	6546
6868	6547
5756	6548
828	6549
412	6550
3164	6551
3260	6552
8275	6553
3648	6554
1898	6555
8271	6556
465	6557
1132	6558
9302	6559
3874	6560
1102	6561
4085	6562
2116	6563
4420	6564
4267	6565
4911	6566
9239	6567
948	6568
5689	6569
7658	6570
3701	6571
3851	6572
217	6573
2431	6574
2170	6575
519	6576
4874	6577
1716	6578
3966	6579
4398	6580
6912	6581
8724	6582
2947	6583
5885	6584
554	6585
7466	6586
334	6587
6833	6588
472	6589
716	6590
4964	6591
8900	6592
8882	6593
2963	6594
2955	6595
7707	6596
467	6597
2173	6598
473	6599
4859	6600
1956	6601
2677	6602
7521	6603
1011	6604
2421	6605
898	6606
8505	6607
7686	6608
1712	6609
7665	6610
3059	6611
7402	6612
3399	6613
7137	6614
1751	6615
7211	6616
564	6617
4284	6618
53	6619
6473	6620
8280	6621
1240	6622
1098	6623
1324	6624
5378	6625
7918	6626
1853	6627
282	6628
8059	6629
508	6630
2607	6631
448	6632
4115	6633
2239	6634
3448	6635
291	6636
3209	6637
5665	6638
1252	6639
3693	6640
6747	6641
4375	6642
7264	6643
1739	6644
8732	6645
8008	6646
84	6647
6669	6648
7765	6649
7508	6650
411	6651
1072	6652
5367	6653
4944	6654
386	6655
5529	6656
2873	6657
7301	6658
5115	6659
4127	6660
6223	6661
7510	6662
7075	6663
1085	6664
781	6665
6889	6666
5766	6667
3031	6668
8456	6669
4058	6670
2658	6671
2243	6672
325	6673
6592	6674
3330	6675
7170	6676
945	6677
3642	6678
5214	6679
923	6680
4734	6681
1647	6682
6489	6683
1530	6684
4009	6685
6160	6686
9170	6687
9090	6688
2801	6689
2957	6690
7282	6691
6543	6692
5037	6693
7063	6694
6913	6695
7388	6696
9263	6697
7808	6698
3706	6699
227	6700
1775	6701
551	6702
1356	6703
4962	6704
1931	6705
7343	6706
2788	6707
4342	6708
5337	6709
48	6710
728	6711
5192	6712
7019	6713
3783	6714
3517	6715
4961	6716
7261	6717
295	6718
7514	6719
9048	6720
3816	6721
465	6722
2753	6723
6012	6724
8291	6725
788	6726
1692	6727
7045	6728
3751	6729
8292	6730
8063	6731
3583	6732
5630	6733
2340	6734
557	6735
511	6736
526	6737
8841	6738
7554	6739
2105	6740
3192	6741
7692	6742
1083	6743
5570	6744
4186	6745
1895	6746
2712	6747
4997	6748
5071	6749
8851	6750
812	6751
5605	6752
801	6753
7709	6754
6395	6755
8748	6756
85	6757
2473	6758
109	6759
6038	6760
2472	6761
2102	6762
1885	6763
1141	6764
2182	6765
222	6766
8272	6767
3221	6768
2616	6769
2531	6770
2566	6771
6948	6772
8503	6773
2743	6774
9223	6775
7838	6776
9352	6777
9274	6778
5309	6779
243	6780
8764	6781
1280	6782
6471	6783
101	6784
3602	6785
9176	6786
1544	6787
6192	6788
1483	6789
5291	6790
7613	6791
9238	6792
4613	6793
305	6794
6259	6795
5313	6796
7175	6797
5956	6798
1973	6799
5343	6800
6340	6801
6509	6802
4665	6803
4327	6804
4014	6805
2933	6806
1494	6807
8296	6808
4188	6809
3782	6810
5584	6811
6469	6812
4062	6813
7267	6814
105	6815
8695	6816
8032	6817
839	6818
5919	6819
2475	6820
6253	6821
120	6822
5308	6823
2064	6824
456	6825
7169	6826
4893	6827
2750	6828
6595	6829
8689	6830
8364	6831
9050	6832
7775	6833
5281	6834
8402	6835
6334	6836
6919	6837
4139	6838
4897	6839
611	6840
1317	6841
72	6842
72	6843
997	6844
6562	6845
7888	6846
194	6847
323	6848
4558	6849
6181	6850
2082	6851
1532	6852
8433	6853
7645	6854
6000	6855
820	6856
1159	6857
7178	6858
6174	6859
8388	6860
4645	6861
5150	6862
129	6863
3760	6864
6097	6865
2493	6866
7832	6867
6	6868
1386	6869
8681	6870
5500	6871
4999	6872
9132	6873
1071	6874
9032	6875
1762	6876
4202	6877
6603	6878
6266	6879
5486	6880
5389	6881
7101	6882
1180	6883
4662	6884
5793	6885
436	6886
3067	6887
4950	6888
8598	6889
3896	6890
9354	6891
9012	6892
150	6893
805	6894
7035	6895
7421	6896
9236	6897
8097	6898
8742	6899
4584	6900
1497	6901
1203	6902
9190	6903
5735	6904
3582	6905
4149	6906
6110	6907
8293	6908
102	6909
401	6910
5413	6911
5318	6912
4004	6913
5922	6914
3541	6915
4681	6916
8066	6917
4779	6918
7844	6919
4	6920
7689	6921
7286	6922
3479	6923
4166	6924
1139	6925
3754	6926
7862	6927
4642	6928
3446	6929
8794	6930
6819	6931
3097	6932
6177	6933
4530	6934
346	6935
857	6936
3053	6937
1099	6938
562	6939
8435	6940
5252	6941
5976	6942
8658	6943
2260	6944
9215	6945
4145	6946
6502	6947
7254	6948
3069	6949
1377	6950
1466	6951
3756	6952
2	6953
521	6954
1024	6955
4679	6956
305	6957
8395	6958
3077	6959
1351	6960
7026	6961
8531	6962
8816	6963
6017	6964
281	6965
9192	6966
8812	6967
5273	6968
5046	6969
8281	6970
7061	6971
1062	6972
8911	6973
203	6974
7993	6975
8726	6976
4516	6977
7834	6978
6456	6979
3040	6980
6440	6981
353	6982
3049	6983
2073	6984
5939	6985
7186	6986
3051	6987
213	6988
350	6989
4725	6990
7439	6991
4958	6992
5116	6993
9245	6994
6985	6995
4995	6996
3370	6997
5251	6998
7958	6999
5182	7000
874	7001
769	7002
8716	7003
3145	7004
9307	7005
2430	7006
3548	7007
7200	7008
694	7009
35	7010
65	7011
7962	7012
5323	7013
7858	7014
6059	7015
8699	7016
6658	7017
662	7018
2526	7019
8688	7020
3460	7021
1826	7022
114	7023
6563	7024
8825	7025
7134	7026
4991	7027
545	7028
39	7029
4682	7030
2671	7031
8186	7032
8148	7033
2310	7034
1212	7035
8561	7036
1630	7037
6074	7038
520	7039
9180	7040
162	7041
162	7042
6635	7043
2494	7044
1165	7045
2416	7046
1961	7047
2395	7048
5198	7049
8692	7050
541	7051
723	7052
8662	7053
1333	7054
593	7055
2285	7056
5405	7057
3501	7058
4225	7059
4156	7060
5172	7061
893	7062
8804	7063
136	7064
959	7065
4347	7066
4878	7067
9064	7068
4549	7069
4118	7070
1729	7071
3156	7072
6425	7073
2542	7074
5174	7075
504	7076
333	7077
149	7078
3514	7079
3362	7080
102	7081
3387	7082
402	7083
18	7084
2548	7085
9010	7086
8426	7087
2212	7088
41	7089
3492	7090
5572	7091
7080	7092
2331	7093
2444	7094
6350	7095
2154	7096
4537	7097
2332	7098
8417	7099
6872	7100
1340	7101
1579	7102
2015	7103
8763	7104
4153	7105
6716	7106
2040	7107
7457	7108
566	7109
6601	7110
6685	7111
2864	7112
6642	7113
5855	7114
3037	7115
3466	7116
6103	7117
100	7118
5868	7119
3953	7120
3649	7121
4578	7122
1332	7123
5201	7124
7600	7125
7018	7126
6676	7127
5400	7128
1462	7129
6937	7130
1477	7131
5732	7132
1703	7133
7954	7134
1087	7135
7702	7136
2140	7137
8623	7138
1990	7139
6061	7140
8297	7141
1738	7142
1987	7143
3757	7144
1834	7145
9156	7146
6166	7147
9277	7148
2648	7149
8824	7150
5669	7151
5137	7152
8595	7153
3290	7154
4476	7155
9237	7156
2517	7157
8573	7158
5117	7159
2369	7160
4421	7161
7150	7162
4778	7163
2716	7164
165	7165
44	7166
1771	7167
8104	7168
7455	7169
5390	7170
367	7171
9037	7172
331	7173
7556	7174
4084	7175
7533	7176
3518	7177
8647	7178
2347	7179
1279	7180
5798	7181
6939	7182
226	7183
9109	7184
2749	7185
3721	7186
8060	7187
1406	7188
7242	7189
4672	7190
5803	7191
1275	7192
1753	7193
239	7194
3484	7195
5187	7196
1430	7197
6545	7198
421	7199
7923	7200
832	7201
2456	7202
7874	7203
1365	7204
5541	7205
4745	7206
696	7207
3799	7208
6115	7209
9311	7210
8852	7211
8731	7212
6228	7213
4163	7214
9262	7215
6451	7216
228	7217
82	7218
1400	7219
5679	7220
7418	7221
155	7222
5051	7223
4580	7224
8951	7225
6950	7226
6218	7227
5951	7228
266	7229
3972	7230
8905	7231
30	7232
8492	7233
4620	7234
582	7235
84	7236
6241	7237
8557	7238
4735	7239
5145	7240
310	7241
439	7242
5842	7243
7224	7244
376	7245
9353	7246
7973	7247
4631	7248
1	7249
4317	7250
8287	7251
5833	7252
7021	7253
503	7254
5148	7255
3179	7256
4842	7257
7100	7258
5289	7259
8445	7260
675	7261
7529	7262
6735	7263
5548	7264
5776	7265
7252	7266
8872	7267
6582	7268
7976	7269
2280	7270
190	7271
5647	7272
8519	7273
7403	7274
4513	7275
10	7276
1094	7277
6619	7278
2010	7279
3326	7280
1248	7281
3606	7282
6536	7283
3772	7284
5814	7285
658	7286
8253	7287
6016	7288
6004	7289
6490	7290
2744	7291
1043	7292
3316	7293
2298	7294
6394	7295
3365	7296
4040	7297
3901	7298
2883	7299
6574	7300
163	7301
1439	7302
8902	7303
5339	7304
7756	7305
1222	7306
8646	7307
3560	7308
907	7309
447	7310
8241	7311
3276	7312
7089	7313
4871	7314
5478	7315
1892	7316
7513	7317
2099	7318
5913	7319
3958	7320
8024	7321
3385	7322
741	7323
414	7324
4590	7325
5681	7326
3524	7327
31	7328
1944	7329
949	7330
133	7331
6374	7332
2981	7333
309	7334
581	7335
8279	7336
8406	7337
7253	7338
98	7339
1380	7340
2237	7341
500	7342
7279	7343
5667	7344
8888	7345
4396	7346
6966	7347
3801	7348
3298	7349
1734	7350
2882	7351
7992	7352
5677	7353
8215	7354
547	7355
1695	7356
8045	7357
99	7358
6220	7359
1178	7360
8405	7361
6320	7362
6463	7363
6337	7364
982	7365
3224	7366
3041	7367
2779	7368
433	7369
4112	7370
2688	7371
1634	7372
7733	7373
2500	7374
4165	7375
612	7376
8013	7377
2731	7378
2406	7379
5424	7380
45	7381
176	7382
7059	7383
9027	7384
7800	7385
4566	7386
8159	7387
5435	7388
3291	7389
6795	7390
7164	7391
8003	7392
3964	7393
1830	7394
2485	7395
7586	7396
9313	7397
791	7398
8546	7399
4772	7400
3021	7401
8162	7402
8347	7403
7310	7404
9055	7405
5131	7406
112	7407
5359	7408
2436	7409
3561	7410
6587	7411
4366	7412
7171	7413
3052	7414
1295	7415
324	7416
3123	7417
132	7418
6786	7419
1474	7420
6930	7421
2608	7422
576	7423
2509	7424
6683	7425
1002	7426
2034	7427
289	7428
1364	7429
984	7430
6118	7431
8614	7432
3349	7433
915	7434
7886	7435
3264	7436
8693	7437
7682	7438
1811	7439
8304	7440
1569	7441
9268	7442
3658	7443
2442	7444
4490	7445
1122	7446
6958	7447
8103	7448
4926	7449
7191	7450
9008	7451
1742	7452
453	7453
186	7454
4533	7455
6865	7456
751	7457
8311	7458
3336	7459
6499	7460
5987	7461
2903	7462
3684	7463
1242	7464
234	7465
2151	7466
1282	7467
3129	7468
4250	7469
8166	7470
6992	7471
7964	7472
1157	7473
8453	7474
7633	7475
5028	7476
6014	7477
6271	7478
2512	7479
4211	7480
9243	7481
504	7482
9288	7483
3119	7484
2474	7485
6772	7486
3868	7487
6251	7488
8736	7489
1193	7490
7860	7491
391	7492
38	7493
3907	7494
8033	7495
2928	7496
3676	7497
873	7498
2626	7499
9346	7500
104	7501
4424	7502
6660	7503
4414	7504
3218	7505
8339	7506
8898	7507
9046	7508
3871	7509
6780	7510
3522	7511
2216	7512
3426	7513
7779	7514
7139	7515
6628	7516
3950	7517
3104	7518
9157	7519
8457	7520
4303	7521
8235	7522
7393	7523
2765	7524
9056	7525
228	7526
3332	7527
8566	7528
883	7529
5883	7530
4749	7531
2336	7532
487	7533
578	7534
8952	7535
6419	7536
598	7537
6356	7538
4272	7539
5480	7540
3249	7541
394	7542
691	7543
9276	7544
8317	7545
2764	7546
4298	7547
2624	7548
19	7549
5479	7550
8718	7551
5948	7552
9160	7553
1684	7554
4858	7555
7697	7556
727	7557
11	7558
4656	7559
1683	7560
174	7561
3443	7562
8971	7563
9169	7564
5838	7565
76	7566
2675	7567
131	7568
8597	7569
8040	7570
4670	7571
4850	7572
8466	7573
7827	7574
2989	7575
897	7576
8144	7577
7713	7578
5876	7579
4798	7580
4330	7581
823	7582
4249	7583
4428	7584
5637	7585
563	7586
3883	7587
9081	7588
6710	7589
4975	7590
1687	7591
5771	7592
635	7593
1475	7594
1402	7595
1064	7596
4426	7597
6791	7598
8227	7599
8903	7600
5268	7601
672	7602
78	7603
5997	7604
8969	7605
2976	7606
3269	7607
7822	7608
1163	7609
8430	7610
6664	7611
7731	7612
164	7613
6064	7614
5516	7615
7484	7616
4406	7617
15	7618
5979	7619
8029	7620
5473	7621
6954	7622
5208	7623
9230	7624
7325	7625
2835	7626
1068	7627
319	7628
975	7629
4738	7630
7984	7631
345	7632
9270	7633
1533	7634
4183	7635
8420	7636
60	7637
1213	7638
671	7639
8954	7640
3375	7641
8524	7642
3665	7643
6698	7644
1648	7645
1503	7646
6612	7647
8327	7648
8203	7649
3664	7650
5923	7651
1991	7652
6934	7653
7890	7654
1472	7655
6096	7656
3219	7657
451	7658
4160	7659
2247	7660
9	7661
5156	7662
787	7663
9	7664
8137	7665
7292	7666
1294	7667
2080	7668
5189	7669
8538	7670
6406	7671
7208	7672
6564	7673
427	7674
8944	7675
2690	7676
4989	7677
3534	7678
8326	7679
189	7680
4464	7681
8530	7682
135	7683
4883	7684
6899	7685
482	7686
4505	7687
1267	7688
695	7689
587	7690
6407	7691
8436	7692
4581	7693
7482	7694
8330	7695
7011	7696
6757	7697
5446	7698
3957	7699
2160	7700
1638	7701
9013	7702
5278	7703
1984	7704
5243	7705
2685	7706
5370	7707
3137	7708
77	7709
3034	7710
5927	7711
188	7712
7399	7713
304	7714
5169	7715
3729	7716
9102	7717
668	7718
6372	7719
8074	7720
9189	7721
249	7722
8306	7723
3418	7724
5286	7725
5850	7726
1871	7727
52	7728
5635	7729
3736	7730
4365	7731
2470	7732
3155	7733
5276	7734
3529	7735
5861	7736
8860	7737
2767	7738
3342	7739
8875	7740
746	7741
1783	7742
8197	7743
6825	7744
4673	7745
1927	7746
4037	7747
9084	7748
5767	7749
5161	7750
9316	7751
474	7752
6572	7753
3641	7754
4107	7755
6671	7756
6960	7757
9195	7758
3882	7759
3949	7760
7922	7761
3878	7762
799	7763
4867	7764
4309	7765
518	7766
2562	7767
6133	7768
7524	7769
7431	7770
1441	7771
609	7772
1288	7773
7095	7774
7987	7775
8583	7776
6713	7777
571	7778
4569	7779
6203	7780
3969	7781
3356	7782
7794	7783
4894	7784
7031	7785
2410	7786
7504	7787
5895	7788
7566	7789
866	7790
4726	7791
2292	7792
2486	7793
343	7794
406	7795
9374	7796
3678	7797
5790	7798
7589	7799
9112	7800
242	7801
6420	7802
9312	7803
5958	7804
1576	7805
1148	7806
1405	7807
4150	7808
4920	7809
3180	7810
594	7811
5012	7812
285	7813
8338	7814
990	7815
7246	7816
7594	7817
457	7818
54	7819
1115	7820
508	7821
3000	7822
6479	7823
6606	7824
5082	7825
6291	7826
7451	7827
7843	7828
9051	7829
1004	7830
4280	7831
7199	7832
94	7833
6348	7834
8093	7835
3288	7836
3275	7837
2633	7838
4410	7839
3016	7840
7263	7841
7405	7842
8423	7843
4691	7844
853	7845
6779	7846
4493	7847
6866	7848
3884	7849
6758	7850
90	7851
4955	7852
447	7853
2564	7854
2851	7855
6453	7856
2692	7857
3314	7858
2565	7859
5002	7860
5587	7861
6782	7862
575	7863
4181	7864
290	7865
7745	7866
233	7867
4724	7868
173	7869
3169	7870
3140	7871
3491	7872
6285	7873
8864	7874
8380	7875
6156	7876
3716	7877
63	7878
5288	7879
8619	7880
4135	7881
316	7882
640	7883
106	7884
3189	7885
8468	7886
3280	7887
2206	7888
493	7889
3675	7890
9020	7891
3713	7892
5871	7893
2972	7894
3766	7895
1766	7896
6675	7897
1145	7898
6401	7899
9306	7900
2290	7901
8962	7902
54	7903
2272	7904
1737	7905
9251	7906
5705	7907
201	7908
6818	7909
5403	7910
5595	7911
5986	7912
5425	7913
4349	7914
680	7915
4483	7916
278	7917
7899	7918
5847	7919
97	7920
6070	7921
1103	7922
8606	7923
4500	7924
8486	7925
6513	7926
869	7927
2258	7928
4507	7929
365	7930
5334	7931
1959	7932
377	7933
2621	7934
3669	7935
7172	7936
2965	7937
3842	7938
6584	7939
847	7940
4018	7941
2909	7942
9211	7943
5482	7944
8169	7945
4526	7946
4416	7947
4754	7948
7276	7949
1079	7950
5534	7951
2627	7952
450	7953
20	7954
8193	7955
647	7956
8265	7957
5474	7958
5760	7959
8478	7960
2321	7961
4269	7962
392	7963
6397	7964
1785	7965
5765	7966
181	7967
4519	7968
273	7969
4454	7970
8255	7971
7961	7972
370	7973
3233	7974
7969	7975
4232	7976
2358	7977
9079	7978
7440	7979
5166	7980
6225	7981
2707	7982
6811	7983
5107	7984
7244	7985
5703	7986
471	7987
8961	7988
2424	7989
7115	7990
4524	7991
9280	7992
7313	7993
4274	7994
478	7995
2011	7996
3946	7997
7724	7998
3928	7999
267	8000
2231	8001
4763	8002
9227	8003
1169	8004
5950	8005
7643	8006
3881	8007
7801	8008
4833	8009
5655	8010
8622	8011
1	8012
2028	8013
6929	8014
8533	8015
8464	8016
7373	8017
4930	8018
4742	8019
9014	8020
5159	8021
6549	8022
1366	8023
1825	8024
8830	8025
8314	8026
6567	8027
6155	8028
2113	8029
811	8030
1936	8031
7505	8032
27	8033
3400	8034
1954	8035
2916	8036
7550	8037
1220	8038
1016	8039
7086	8040
9130	8041
3439	8042
8178	8043
5531	8044
1184	8045
6936	8046
4965	8047
7124	8048
8541	8049
7097	8050
8521	8051
1218	8052
8229	8053
1525	8054
2521	8055
1862	8056
2185	8057
1389	8058
4027	8059
1831	8060
6131	8061
6879	8062
3039	8063
338	8064
58	8065
5194	8066
191	8067
7859	8068
5661	8069
2584	8070
987	8071
6840	8072
6249	8073
3321	8074
4316	8075
4273	8076
3948	8077
6885	8078
5544	8079
393	8080
6732	8081
1755	8082
9365	8083
7607	8084
6588	8085
6159	8086
7646	8087
7376	8088
6703	8089
2781	8090
1571	8091
91	8092
7074	8093
4849	8094
824	8095
2874	8096
2819	8097
4984	8098
6484	8099
7153	8100
9375	8101
458	8102
1381	8103
2447	8104
3348	8105
4937	8106
8160	8107
8200	8108
7635	8109
4762	8110
1020	8111
6336	8112
4843	8113
5588	8114
8570	8115
3230	8116
8230	8117
7268	8118
2443	8119
5980	8120
7651	8121
7685	8122
7796	8123
1549	8124
2734	8125
2346	8126
8415	8127
9329	8128
6661	8129
8161	8130
2286	8131
5321	8132
8943	8133
2649	8134
3469	8135
7681	8136
7005	8137
8831	8138
8634	8139
834	8140
6430	8141
5142	8142
1458	8143
5	8144
8329	8145
6882	8146
7830	8147
171	8148
1191	8149
7025	8150
5472	8151
7588	8152
6149	8153
6295	8154
8408	8155
5397	8156
7379	8157
3116	8158
312	8159
5507	8160
9350	8161
4113	8162
3081	8163
2886	8164
5416	8165
437	8166
7293	8167
979	8168
2590	8169
7255	8170
8965	8171
7997	8172
8274	8173
7241	8174
6890	8175
5014	8176
5821	8177
4487	8178
8999	8179
9139	8180
2218	8181
2726	8182
3380	8183
6481	8184
6740	8185
1581	8186
8590	8187
7365	8188
7138	8189
2254	8190
196	8191
4720	8192
5347	8193
9114	8194
3569	8195
6422	8196
4152	8197
7583	8198
5836	8199
814	8200
1953	8201
7786	8202
3121	8203
2323	8204
2594	8205
3537	8206
5193	8207
8759	8208
3	8209
8978	8210
1210	8211
4147	8212
4800	8213
4890	8214
4055	8215
2555	8216
6769	8217
4090	8218
7805	8219
3	8220
2097	8221
2236	8222
7871	8223
314	8224
137	8225
2773	8226
3879	8227
2640	8228
56	8229
5799	8230
4744	8231
6	8232
6736	8233
2026	8234
461	8235
5124	8236
3737	8237
6729	8238
8057	8239
1908	8240
8574	8241
9003	8242
3639	8243
4173	8244
2056	8245
4262	8246
9234	8247
40	8248
6445	8249
183	8250
7736	8251
1161	8252
5290	8253
663	8254
8813	8255
8501	8256
2722	8257
7299	8258
1208	8259
9144	8260
497	8261
4730	8262
4755	8263
1602	8264
1151	8265
3823	8266
8571	8267
3530	8268
1618	8269
2227	8270
7390	8271
3779	8272
1660	8273
8580	8274
7259	8275
7117	8276
6522	8277
1496	8278
5494	8279
1717	8280
6189	8281
6521	8282
4178	8283
1808	8284
5846	8285
4973	8286
3168	8287
8942	8288
1925	8289
4518	8290
3023	8291
3305	8292
7102	8293
9128	8294
6893	8295
372	8296
7537	8297
52	8298
6134	8299
6158	8300
3923	8301
8682	8302
303	8303
3814	8304
1038	8305
729	8306
6640	8307
8459	8308
9242	8309
4497	8310
4187	8311
2546	8312
7424	8313
1722	8314
124	8315
877	8316
8201	8317
118	8318
8322	8319
5191	8320
6417	8321
8714	8322
1224	8323
1137	8324
3531	8325
2296	8326
7903	8327
3088	8328
4253	8329
6487	8330
7054	8331
3185	8332
4022	8333
4512	8334
37	8335
2117	8336
1374	8337
5853	8338
1840	8339
9289	8340
268	8341
1005	8342
808	8343
5775	8344
8131	8345
6013	8346
9334	8347
8153	8348
6784	8349
2901	8350
8701	8351
7262	8352
279	8353
5171	8354
5963	8355
1566	8356
7428	8357
52	8358
5009	8359
8694	8360
6891	8361
3982	8362
225	8363
3025	8364
51	8365
2952	8366
309	8367
6427	8368
2748	8369
7893	8370
7776	8371
2255	8372
6050	8373
1499	8374
1030	8375
2897	8376
5945	8377
4511	8378
3437	8379
2894	8380
7927	8381
1935	8382
5820	8383
4710	8384
1070	8385
463	8386
1903	8387
513	8388
5081	8389
4773	8390
4356	8391
2283	8392
5813	8393
5593	8394
6391	8395
5335	8396
5138	8397
7842	8398
7297	8399
1587	8400
438	8401
2751	8402
8976	8403
4746	8404
14	8405
7748	8406
6867	8407
6510	8408
4352	8409
615	8410
7087	8411
1300	8412
4619	8413
5905	8414
920	8415
4862	8416
9061	8417
5471	8418
2071	8419
4063	8420
315	8421
3464	8422
8247	8423
2676	8424
3	8425
1171	8426
220	8427
160	8428
3200	8429
7734	8430
7322	8431
7757	8432
6151	8433
4591	8434
5111	8435
5415	8436
4210	8437
4544	8438
6524	8439
2259	8440
6119	8441
5652	8442
51	8443
1744	8444
7585	8445
4126	8446
307	8447
2611	8448
8134	8449
6547	8450
7123	8451
3406	8452
5805	8453
980	8454
3860	8455
1536	8456
236	8457
7752	8458
7353	8459
514	8460
9366	8461
3299	8462
7793	8463
4295	8464
5264	8465
8986	8466
489	8467
6794	8468
1928	8469
13	8470
5508	8471
4376	8472
3157	8473
6437	8474
5896	8475
40	8476
241	8477
8325	8478
1693	8479
471	8480
8512	8481
9072	8482
732	8483
8245	8484
2219	8485
8674	8486
4275	8487
335	8488
5226	8489
6122	8490
6706	8491
1455	8492
7491	8493
481	8494
7515	8495
5330	8496
5447	8497
1194	8498
2468	8499
699	8500
3006	8501
7096	8502
5152	8503
5039	8504
2195	8505
3679	8506
7042	8507
5146	8508
4199	8509
9085	8510
5649	8511
3191	8512
3796	8513
1211	8514
2973	8515
9332	8516
3511	8517
2192	8518
4608	8519
3894	8520
6079	8521
8432	8522
3398	8523
319	8524
1277	8525
2727	8526
653	8527
3993	8528
7214	8529
888	8530
3287	8531
4993	8532
5360	8533
4929	8534
1575	8535
1039	8536
8111	8537
1787	8538
1817	8539
1791	8540
6539	8541
4786	8542
1699	8543
2398	8544
4784	8545
475	8546
8101	8547
5671	8548
8139	8549
2257	8550
6767	8551
8337	8552
861	8553
358	8554
5872	8555
5704	8556
1556	8557
8068	8558
3132	8559
3643	8560
4636	8561
3301	8562
989	8563
7625	8564
5569	8565
6046	8566
5497	8567
2951	8568
1315	8569
2458	8570
2528	8571
3559	8572
135	8573
1037	8574
2251	8575
230	8576
2579	8577
8438	8578
4489	8579
6914	8580
7083	8581
2604	8582
6030	8583
527	8584
8343	8585
6759	8586
6707	8587
4271	8588
4491	8589
4423	8590
6813	8591
5890	8592
7812	8593
2657	8594
6200	8595
6922	8596
7917	8597
1271	8598
9363	8599
2049	8600
8704	8601
7198	8602
4886	8603
6938	8604
9151	8605
5468	8606
690	8607
2013	8608
1719	8609
8217	8610
4776	8611
153	8612
2914	8613
7771	8614
8788	8615
491	8616
6624	8617
7623	8618
4255	8619
2730	8620
6316	8621
8581	8622
8771	8623
643	8624
5949	8625
7284	8626
55	8627
7703	8628
4043	8629
4146	8630
2223	8631
6978	8632
9267	8633
8545	8634
4054	8635
9259	8636
7975	8637
136	8638
387	8639
4923	8640
1158	8641
314	8642
1706	8643
5422	8644
1803	8645
5305	8646
95	8647
7225	8648
3415	8649
9086	8650
6850	8651
308	8652
2041	8653
9360	8654
7898	8655
8378	8656
3142	8657
3231	8658
2704	8659
277	8660
5676	8661
5898	8662
3654	8663
4716	8664
5941	8665
3831	8666
2578	8667
6274	8668
8088	8669
2596	8670
6107	8671
9100	8672
5245	8673
9145	8674
783	8675
5139	8676
8320	8677
1230	8678
1715	8679
4982	8680
5827	8681
4072	8682
5381	8683
1794	8684
3106	8685
3777	8686
8987	8687
8793	8688
6261	8689
7106	8690
2415	8691
88	8692
3717	8693
8393	8694
7706	8695
1297	8696
127	8697
2063	8698
5770	8699
5974	8700
8649	8701
8806	8702
1237	8703
5386	8704
8124	8705
312	8706
5563	8707
1667	8708
3747	8709
5877	8710
4034	8711
5372	8712
2391	8713
2945	8714
6829	8715
216	8716
1740	8717
5239	8718
4668	8719
8198	8720
4806	8721
1643	8722
2017	8723
8801	8724
2114	8725
1251	8726
804	8727
421	8728
489	8729
8450	8730
4703	8731
8076	8732
5399	8733
7716	8734
731	8735
809	8736
5744	8737
57	8738
7425	8739
4229	8740
7743	8741
6844	8742
6175	8743
103	8744
159	8745
3811	8746
2634	8747
6849	8748
7295	8749
8933	8750
3199	8751
3010	8752
328	8753
3858	8754
4621	8755
7001	8756
7217	8757
266	8758
2577	8759
8919	8760
3324	8761
4259	8762
6229	8763
3250	8764
7314	8765
6377	8766
124	8767
6894	8768
2865	8769
6854	8770
7767	8771
5594	8772
9318	8773
8654	8774
108	8775
1025	8776
324	8777
1945	8778
8632	8779
3774	8780
8107	8781
8948	8782
7728	8783
7614	8784
2092	8785
476	8786
2597	8787
1606	8788
8929	8789
4671	8790
6984	8791
7661	8792
2503	8793
4461	8794
8814	8795
3709	8796
8556	8797
6452	8798
3609	8799
385	8800
141	8801
636	8802
5886	8803
6999	8804
5310	8805
1270	8806
4231	8807
4708	8808
1231	8809
654	8810
7571	8811
4335	8812
7914	8813
683	8814
2637	8815
4078	8816
6214	8817
8091	8818
3506	8819
6082	8820
4661	8821
7557	8822
3769	8823
7218	8824
9052	8825
1675	8826
6534	8827
5801	8828
4715	8829
5361	8830
8970	8831
2924	8832
3416	8833
3414	8834
7168	8835
8146	8836
9141	8837
2252	8838
2166	8839
238	8840
6627	8841
7027	8842
1375	8843
1355	8844
257	8845
6798	8846
1198	8847
1396	8848
2915	8849
3942	8850
902	8851
4142	8852
2357	8853
5346	8854
4970	8855
3222	8856
2921	8857
3634	8858
3538	8859
5648	8860
8565	8861
9213	8862
4936	8863
8119	8864
6252	8865
6726	8866
4968	8867
2711	8868
1281	8869
4873	8870
1034	8871
3787	8872
1680	8873
185	8874
7435	8875
4983	8876
5539	8877
713	8878
3033	8879
2723	8880
7374	8881
3761	8882
280	8883
238	8884
6809	8885
6974	8886
2891	8887
3455	8888
2807	8889
7236	8890
8123	8891
976	8892
3671	8893
1445	8894
3905	8895
3429	8896
6492	8897
5066	8898
1465	8899
6578	8900
986	8901
6045	8902
7258	8903
4705	8904
5672	8905
6245	8906
7911	8907
7580	8908
6389	8909
8470	8910
813	8911
2514	8912
6796	8913
3294	8914
6699	8915
3780	8916
8431	8917
7338	8918
7112	8919
5844	8920
919	8921
3920	8922
745	8923
2738	8924
5651	8925
6434	8926
3286	8927
3704	8928
6990	8929
1423	8930
3577	8931
7210	8932
5993	8933
4676	8934
8643	8935
790	8936
2910	8937
8884	8938
637	8939
2603	8940
6991	8941
7525	8942
2940	8943
5789	8944
5457	8945
4357	8946
7319	8947
211	8948
2935	8949
311	8950
4948	8951
3046	8952
1960	8953
936	8954
1330	8955
7522	8956
1000	8957
1348	8958
6351	8959
2761	8960
6460	8961
1118	8962
7726	8963
7995	8964
463	8965
6297	8966
6072	8967
2589	8968
515	8969
7057	8970
7516	8971
5	8972
236	8973
6541	8974
3300	8975
8708	8976
8549	8977
7179	8978
7243	8979
7781	8980
1450	8981
5	8982
371	8983
2337	8984
2601	8985
8617	8986
44	8987
58	8988
9335	8989
7270	8990
5057	8991
8582	8992
6112	8993
8102	8994
8289	8995
8449	8996
6750	8997
595	8998
6433	8999
6154	9000
7340	9001
5509	9002
6272	9003
1015	9004
1256	9005
7509	9006
7278	9007
8167	9008
9246	9009
4226	9010
7957	9011
7688	9012
6684	9013
5644	9014
6770	9015
537	9016
5561	9017
6548	9018
5984	9019
5519	9020
5555	9021
5049	9022
3608	9023
7397	9024
6516	9025
1784	9026
1019	9027
7698	9028
2266	9029
5408	9030
3903	9031
5977	9032
8706	9033
1144	9034
9039	9035
6623	9036
3656	9037
2913	9038
6035	9039
403	9040
686	9041
3	9042
5914	9043
8375	9044
6341	9045
1263	9046
2466	9047
5608	9048
3666	9049
3759	9050
831	9051
3956	9052
8302	9053
8358	9054
7909	9055
4940	9056
2115	9057
7966	9058
1500	9059
6413	9060
3503	9061
5758	9062
4615	9063
1175	9064
4852	9065
2075	9066
7073	9067
8482	9068
2857	9069
6962	9070
8537	9071
954	9072
8949	9073
1428	9074
290	9075
2271	9076
8889	9077
3405	9078
210	9079
2165	9080
6560	9081
3980	9082
8959	9083
1705	9084
559	9085
7280	9086
7737	9087
4204	9088
3495	9089
1939	9090
3990	9091
6454	9092
4616	9093
3575	9094
502	9095
4288	9096
6831	9097
7560	9098
5504	9099
5004	9100
21	9101
5884	9102
1045	9103
546	9104
432	9105
2051	9106
7285	9107
16	9108
5022	9109
7693	9110
6874	9111
100	9112
3438	9113
2846	9114
4256	9115
4323	9116
1994	9117
2390	9118
7184	9119
7934	9120
1730	9121
9221	9122
1312	9123
3719	9124
7248	9125
4478	9126
539	9127
3079	9128
499	9129
1802	9130
5365	9131
9127	9132
410	9133
815	9134
1321	9135
7617	9136
3915	9137
2235	9138
7813	9139
7142	9140
1736	9141
1873	9142
4753	9143
2733	9144
4346	9145
4906	9146
9117	9147
764	9148
4701	9149
9040	9150
8258	9151
5060	9152
213	9153
2713	9154
532	9155
6270	9156
2356	9157
5341	9158
1646	9159
2462	9160
1938	9161
7867	9162
6028	9163
7274	9164
348	9165
2046	9166
1937	9167
894	9168
2877	9169
425	9170
8638	9171
9191	9172
4846	9173
7207	9174
5476	9175
516	9176
4325	9177
262	9178
1732	9179
6751	9180
4609	9181
6932	9182
4465	9183
91	9184
9024	9185
339	9186
8930	9187
3959	9188
6553	9189
9021	9190
4534	9191
8782	9192
299	9193
4630	9194
7382	9195
7068	9196
4542	9197
3697	9198
7380	9199
2204	9200
8624	9201
9029	9202
214	9203
2343	9204
876	9205
4866	9206
4432	9207
2152	9208
6371	9209
7887	9210
359	9211
8463	9212
4957	9213
1095	9214
3605	9215
1113	9216
79	9217
1109	9218
5	9219
1529	9220
9123	9221
6104	9222
1814	9223
530	9224
6171	9225
3510	9226
329	9227
8052	9228
8106	9229
1320	9230
8257	9231
7427	9232
1628	9233
4144	9234
4956	9235
6828	9236
794	9237
2682	9238
81	9239
2210	9240
2445	9241
7597	9242
4003	9243
2061	9244
6037	9245
2448	9246
141	9247
2282	9248
8089	9249
4555	9250
1181	9251
14	9252
3203	9253
955	9254
7770	9255
4836	9256
8164	9257
8002	9258
2016	9259
3955	9260
7787	9261
4990	9262
4935	9263
64	9264
1650	9265
39	9266
7593	9267
3652	9268
3573	9269
8932	9270
1361	9271
2662	9272
3175	9273
3056	9274
7519	9275
765	9276
182	9277
4610	9278
1379	9279
4131	9280
1227	9281
8803	9282
798	9283
1886	9284
592	9285
5802	9286
1758	9287
890	9288
5091	9289
6224	9290
4214	9291
646	9292
3601	9293
53	9294
3595	9295
1932	9296
4265	9297
342	9298
3918	9299
6244	9300
4164	9301
520	9302
5674	9303
1632	9304
1769	9305
6288	9306
8997	9307
3733	9308
7695	9309
9063	9310
583	9311
364	9312
1949	9313
428	9314
6126	9315
8873	9316
3351	9317
8174	9318
5781	9319
3096	9320
11	9321
6360	9322
3890	9323
6178	9324
414	9325
2523	9326
1789	9327
2853	9328
5828	9329
4845	9330
4395	9331
3465	9332
7953	9333
6871	9334
3965	9335
93	9336
5045	9337
3452	9338
413	9339
4066	9340
3657	9341
3845	9342
2797	9343
4209	9344
1448	9345
7561	9346
4525	9347
469	9348
2256	9349
6345	9350
3020	9351
8713	9352
7202	9353
802	9354
3445	9355
241	9356
96	9357
3462	9358
2664	9359
2536	9360
2367	9361
4546	9362
7109	9363
388	9364
4480	9365
3476	9366
2610	9367
5726	9368
4972	9369
1469	9370
7567	9371
1841	9372
202	9373
5443	9374
4425	9375
8372	9376
2992	9377
8006	9378
6987	9379
4438	9380
9004	9381
1761	9382
1471	9383
6544	9384
2752	9385
7222	9386
1519	9387
2881	9388
622	9389
6775	9390
5752	9391
6636	9392
1081	9393
1047	9394
2245	9395
8171	9396
5663	9397
3274	9398
8220	9399
5991	9400
9088	9401
2575	9402
8845	9403
4453	9404
4296	9405
2884	9406
906	9407
9174	9408
3027	9409
8429	9410
6361	9411
7383	9412
4611	9413
994	9414
3739	9415
2068	9416
2840	9417
7836	9418
7174	9419
3428	9420
5003	9421
6631	9422
3011	9423
6951	9424
2979	9425
5419	9426
8730	9427
3989	9428
5935	9429
1420	9430
5893	9431
2505	9432
5724	9433
1916	9434
1728	9435
8206	9436
376	9437
742	9438
5835	9439
5954	9440
3899	9441
1839	9442
5779	9443
1390	9444
5256	9445
3076	9446
39	9447
3680	9448
4218	9449
5220	9450
8294	9451
6301	9452
3710	9453
2777	9454
3395	9455
4517	9456
9105	9457
816	9458
4281	9459
5611	9460
522	9461
9002	9462
5262	9463
2270	9464
83	9465
9285	9466
3581	9467
8493	9468
3236	9469
1760	9470
7666	9471
340	9472
1482	9473
369	9474
9104	9475
5466	9476
1128	9477
7905	9478
531	9479
3821	9480
4946	9481
5728	9482
8600	9483
2583	9484
7749	9485
674	9486
13	9487
3042	9488
9018	9489
6824	9490
1780	9491
8246	9492
5483	9493
1413	9494
7854	9495
5458	9496
870	9497
8000	9498
7652	9499
706	9500
2540	9501
7906	9502
4553	9503
7657	9504
7878	9505
5280	9506
2024	9507
1856	9508
5190	9509
1629	9510
4882	9511
3138	9512
42	9513
413	9514
9344	9515
3819	9516
2941	9517
7320	9518
7411	9519
9172	9520
8648	9521
8428	9522
3227	9523
9036	9524
3120	9525
5930	9526
6060	9527
2888	9528
7103	9529
480	9530
1665	9531
6380	9532
2224	9533
23	9534
6258	9535
1608	9536
3312	9537
4707	9538
3935	9539
7970	9540
4013	9541
1682	9542
4403	9543
6387	9544
5645	9545
8586	9546
3471	9547
4559	9548
3544	9549
3333	9550
1554	9551
8745	9552
2492	9553
28	9554
4190	9555
1183	9556
6995	9557
6963	9558
6877	9559
1048	9560
8077	9561
5739	9562
7339	9563
9304	9564
2076	9565
5967	9566
3201	9567
6964	9568
7177	9569
9208	9570
4470	9571
3162	9572
4205	9573
7930	9574
2863	9575
483	9576
3731	9577
2047	9578
9207	9579
6656	9580
4574	9581
1498	9582
356	9583
6197	9584
8755	9585
7049	9586
3005	9587
1309	9588
1207	9589
5070	9590
8554	9591
1654	9592
1718	9593
7419	9594
9232	9595
1166	9596
7093	9597
1054	9598
7245	9599
2808	9600
5900	9601
2295	9602
2617	9603
3592	9604
6677	9605
3172	9606
8260	9607
2845	9608
3922	9609
1456	9610
4264	9611
6429	9612
294	9613
4101	9614
8381	9615
6956	9616
150	9617
3101	9618
3847	9619
4208	9620
5394	9621
9309	9622
1781	9623
1901	9624
482	9625
5485	9626
6506	9627
398	9628
1855	9629
6455	9630
221	9631
9047	9632
3975	9633
378	9634
389	9635
5748	9636
7460	9637
1948	9638
7498	9639
7896	9640
4358	9641
7257	9642
1097	9643
4119	9644
6368	9645
4333	9646
8155	9647
8709	9648
7638	9649
3013	9650
6728	9651
1195	9652
3512	9653
4564	9654
5452	9655
1513	9656
3827	9657
5266	9658
9333	9659
6817	9660
4021	9661
596	9662
1283	9663
9265	9664
9364	9665
6385	9666
2392	9667
6839	9668
1417	9669
2869	9670
705	9671
6838	9672
3875	9673
8185	9674
205	9675
8213	9676
4230	9677
3154	9678
3496	9679
4430	9680
2718	9681
4651	9682
5074	9683
9338	9684
7152	9685
2004	9686
5907	9687
6626	9688
4658	9689
4783	9690
390	9691
2598	9692
3836	9693
472	9694
6530	9695
3689	9696
3442	9697
3038	9698
1972	9699
4791	9700
6081	9701
1264	9702
343	9703
4915	9704
5007	9705
2680	9706
240	9707
297	9708
5366	9709
946	9710
383	9711
3271	9712
8308	9713
374	9714
5253	9715
3091	9716
9321	9717
6724	9718
4823	9719
3435	9720
6147	9721
1788	9722
4771	9723
5477	9724
4802	9725
6426	9726
8744	9727
8671	9728
1979	9729
996	9730
1821	9731
7663	9732
4649	9733
1451	9734
3936	9735
4041	9736
4374	9737
270	9738
9023	9739
3393	9740
7113	9741
2729	9742
172	9743
4128	9744
6520	9745
6202	9746
4583	9747
2720	9748
6845	9749
9325	9750
1957	9751
719	9752
8	9753
8129	9754
3954	9755
1685	9756
8966	9757
5168	9758
7573	9759
6286	9760
8165	9761
2741	9762
6293	9763
6418	9764
3526	9765
5414	9766
3815	9767
3272	9768
7149	9769
57	9770
4433	9771
6296	9772
1772	9773
1177	9774
7090	9775
264	9776
2697	9777
1336	9778
1924	9779
1397	9780
2000	9781
6602	9782
8588	9783
4408	9784
209	9785
317	9786
2997	9787
5713	9788
3434	9789
8437	9790
1221	9791
1884	9792
2892	9793
1697	9794
1303	9795
911	9796
3926	9797
4417	9798
4803	9799
5019	9800
4336	9801
8351	9802
431	9803
6292	9804
5897	9805
8342	9806
5204	9807
5754	9808
3765	9809
2091	9810
9319	9811
5322	9812
4091	9813
7324	9814
8221	9815
2770	9816
8038	9817
3824	9818
2289	9819
301	9820
795	9821
2106	9822
7305	9823
7355	9824
3379	9825
1747	9826
3407	9827
6834	9828
3133	9829
8403	9830
6073	9831
1096	9832
399	9833
2307	9834
2365	9835
6040	9836
1786	9837
652	9838
131	9839
5757	9840
4070	9841
5285	9842
2880	9843
2317	9844
2143	9845
7690	9846
8359	9847
2065	9848
1592	9849
9224	9850
8781	9851
4039	9852
2275	9853
5700	9854
2898	9855
3550	9856
5960	9857
6472	9858
1617	9859
8627	9860
2724	9861
6830	9862
4332	9863
5734	9864
8488	9865
940	9866
336	9867
8629	9868
4032	9869
4120	9870
2179	9871
2552	9872
4338	9873
505	9874
2885	9875
3459	9876
6733	9877
8859	9878
2984	9879
6965	9880
2344	9881
2118	9882
3802	9883
5242	9884
8448	9885
6888	9886
8401	9887
6278	9888
8887	9889
8262	9890
2291	9891
6855	9892
1367	9893
6599	9894
1202	9895
1301	9896
2936	9897
130	9898
4981	9899
1614	9900
3188	9901
263	9902
9373	9903
7746	9904
353	9905
19	9906
8270	9907
786	9908
3588	9909
1352	9910
7991	9911
3307	9912
9229	9913
2939	9914
2871	9915
6755	9916
8434	9917
9028	9918
768	9919
8500	9920
215	9921
638	9922
7919	9923
2042	9924
5038	9925
8729	9926
3838	9927
2309	9928
5971	9929
4643	9930
2817	9931
6647	9932
2799	9933
7534	9934
143	9935
4837	9936
7449	9937
3497	9938
5209	9939
7691	9940
6980	9941
4914	9942
313	9943
1832	9944
9219	9945
155	9946
7461	9947
446	9948
3804	9949
207	9950
3322	9951
3253	9952
5050	9953
1750	9954
3604	9955
3110	9956
8440	9957
5815	9958
3900	9959
4572	9960
2100	9961
4796	9962
6435	9963
8094	9964
7621	9965
4172	9966
384	9967
7950	9968
7559	9969
432	9970
4602	9971
8886	9972
6815	9973
7166	9974
5006	9975
3358	9976
3873	9977
8918	9978
69	9979
8210	9980
5027	9981
8522	9982
1273	9983
5496	9984
216	9985
8362	9986
4547	9987
7599	9988
2784	9989
8444	9990
6935	9991
7445	9992
2497	9993
1899	9994
2557	9995
5573	9996
7375	9997
8	9998
9284	9999
3268	10000
