124	573	7	51.85
142	150	5	19.72
103	1624	3	11.22
118	229	23	166.42
451	102	3	4.5
471	1025	4	50.55
298	421	8	91.63
104	635	6	23.87
12	2168	6	27.02
151	120	3	5.15
1920	14	3	5.97
102	4987	3	18.91
103	1071	5	20.96
113	252	6	26.37
271	1796	4	49.81
3760	12	3	11.38
680	12	6	11.17
1284	140	6	59.83
110	176	3	5.13
222	120	3	9.47
420	101	4	5.54
163	189	3	15.51
146	320	15	140.64
1169	14	4	6.75
796	1348	3	40.27
835	103	4	12.75
6091	148	3	40.13
12	846	18	99.72
413	111	5	25.77
115	588	7	47.06
121	163	3	6.6
718	146	5	42.94
114	796	3	16.21
108	243	3	7.17
125	558	3	16.48
143	159	7	33.96
12	274	22	57.24
235	103	5	6.24
450	147	8	70.55
284	778	3	30.92
140	12	29	17.33
106	627	8	49.67
962	112	3	16.99
805	146	3	23.32
102	834	4	12.22
1186	103	4	15.37
103	495	5	13.6
137	164	4	15.34
384	14	11	18.29
1496	519	4	54.11
124	933	3	19.63
12	541	8	16.32
584	104	4	11.92
1904	12	3	7.07
454	14	6	5.5
1404	14	3	4.32
592	106	3	11.98
198	164	3	16.11
117	1005	5	35.88
104	1379	4	18.87
411	334	3	28.4
5851	102	3	23.37
1257	12	3	4.9
2034	111	3	21.29
1875	12	3	7.07
153	215	6	38.6
143	1222	5	47.23
263	435	10	117.71
1503	107	4	25.91
4140	101	4	23.72
559	14	11	25.76
2780	14	3	7.61
185	110	5	14.34
587	14	5	5.01
3186	113	4	36.18
103	1598	3	11.22
12	112	61	18.12
378	116	24	212.14
6507	12	3	17.9
12	182	34	74.22
202	6619	3	44.98
184	102	18	46.34
557	803	3	35.25
1986	104	4	21.69
6167	12	3	17.9
105	277	3	5
1287	399	3	36.35
115	1052	7	56.53
5126	102	3	18.91
632	102	10	44.88
9	105	25	13.82
2107	14	4	11.64
148	139	3	8.22
2581	101	3	12.17
112	718	4	22.92
474	1207	3	36.76
123	139	3	4.1
240	1569	3	33.83
294	252	7	68.79
1307	104	4	18.12
107	733	13	105.86
1529	1943	3	46.87
107	990	3	15.53
726	148	10	105.08
3150	14	3	8.73
1606	101	3	9.06
101	335	5	6.52
166	317	6	48.66
119	1047	4	28.73
708	113	15	137.02
1816	12	3	6.41
170	519	4	33.64
171	116	3	5.56
150	1440	3	26.96
102	438	3	4.35
611	148	5	41.96
919	14	6	12.66
571	101	3	4.02
3218	107	6	61.65
1768	12	3	6.41
170	341	4	29.76
419	12	7	9.66
12	2541	6	30.17
4315	118	3	28.93
575	1110	3	37.37
820	12	4	5.87
120	548	3	15.67
438	102	6	16.21
212	825	3	28.78
105	5117	4	36.65
3246	14	3	8.73
2184	14	3	6.72
685	101	3	4.82
124	173	4	12.22
165	682	3	24.67
200	168	6	41.03
4676	14	3	12.29
2639	101	3	12.17
803	101	5	14.19
102	1383	3	10.24
1103	14	5	9.96
140	3652	3	32.12
445	9	6	29.19
681	102	4	10.69
7209	3340	3	62.9
8	2417	4	28.02
540	102	28	218.32
157	129	4	11.86
233	469	3	26.56
4300	102	4	31.16
2318	107	4	30.05
211	3732	4	55.49
1039	224	3	30.36
180	105	7	13.93
4751	14	3	12.29
57	8	18	42.84
4844	101	3	17.06
116	59	26	103.94
508	14	5	3.95
111	163	8	27.39
103	377	6	15.09
122	302	3	12.1
125	186	9	45.26
517	109	7	40.21
256	103	4	4.2
108	269	13	71.58
117	2065	4	32.2
1484	14	3	4.32
101	2247	3	11.2
126	1361	3	22.23
12	158	30	34.62
1180	158	4	37.93
877	12	4	6.26
238	102	9	19.39
5403	129	3	32.35
263	488	3	27.6
119	1508	4	31.69
443	117	3	13.34
1738	106	3	18.16
1449	14	3	4.32
4397	14	3	12.29
259	154	3	16.91
1240	12	4	8.16
12	4986	4	23.87
1330	118	10	97.51
184	136	3	11.04
184	191	3	16.93
109	2369	4	30.09
2149	159	8	109.9
306	8	3	7.2
12	153	169	930.23
132	113	4	4.06
104	4864	4	33.91
103	1381	8	48.36
165	269	7	56.11
3916	14	3	10.19
216	12	15	18.16
104	325	3	4.29
5022	104	3	20.96
164	1573	4	42.16
104	1473	6	34.41
143	1307	4	36.32
2823	14	3	7.61
127	105	18	25.13
1922	2395	4	69.2
150	189	3	13.66
115	2107	5	44.56
139	187	3	11.77
566	963	3	36.54
103	1759	3	11.85
101	238	16	43.44
166	127	6	23
151	105	10	17.8
1045	14	5	9.96
105	491	3	8.35
1188	14	4	6.75
103	3352	4	24.18
141	1581	3	26.22
114	155	6	15.22
383	110	4	17.49
118	414	3	13.02
2834	4168	4	78.09
783	12	4	5.52
390	12	10	18.79
102	590	5	14.36
136	135	5	14.39
142	4173	3	32.44
1555	101	3	9.06
102	4913	3	18.91
520	103	4	9.42
131	161	3	8.69
143	120	20	96.75
2130	14	3	6.72
109	4222	3	26.36
101	1008	6	22.4
235	117	4	14.48
4845	7424	3	66.72
500	371	3	30.26
105	758	3	10.63
134	254	6	36.42
444	102	3	4.5
102	2316	6	37.83
126	252	7	39.42
5665	703	3	53.69
102	901	8	38.01
144	147	6	26.18
103	291	4	5.13
6497	7376	3	71.22
1551	101	4	14.64
103	173	26	80.74
977	14	6	13.44
112	369	15	110.22
994	1503	3	42.28
188	105	26	124.86
103	547	13	65.09
2387	12	3	7.84
468	9	3	10.53
105	1619	4	22.37
721	186	3	26.41
112	4062	3	26
7181	125	3	35.41
109	786	9	65.2
5218	12	4	23.87
4671	107	3	26.33
102	1974	4	19
4024	14	3	10.19
5647	8	3	29.29
151	159	3	10.94
1693	14	4	9.53
104	719	7	32.26
135	110	5	6.1
983	102	8	40.48
113	192	6	21.22
120	3840	3	27.86
103	1055	4	14.76
113	343	15	106.66
104	5231	4	33.91
115	3383	3	26.35
1089	118	3	18.5
127	159	7	25.98
607	14	26	144.45
141	498	3	19.67
115	2098	3	22.52
102	2933	3	15.17
301	1499	3	34.79
502	14	5	3.95
1066	477	3	36.3
2873	106	6	60.58
497	1286	3	37.67
106	411	3	10.06
116	883	3	17.03
3293	103	3	15.6
103	6889	3	23.8
639	135	4	29.17
123	111	32	123.33
103	627	6	20.78
7637	12	3	17.9
119	2099	3	23.99
1074	844	5	72.59
9	132	8	10.88
2	9	5	4.24
118	2857	3	25.13
104	1079	7	38.85
776	301	3	31.38
105	103	55	16.22
135	563	3	19.28
101	514	6	14.73
119	807	5	35.78
9	13	3	3.91
2556	14	3	7.61
363	698	4	45.39
115	4190	3	28.57
1065	2859	3	47.89
195	1091	6	69.18
114	215	4	12.56
928	12	5	10.49
3028	12	3	9.9
1262	12	4	8.76
131	144	9	38.21
469	107	4	17.31
1884	12	3	7.07
2236	118	3	22.88
150	435	8	71.02
294	343	3	26.01
136	232	3	13.61
102	425	4	7.56
110	324	4	15.83
7357	14	3	16.66
2663	14	3	7.61
103	780	4	12.33
102	289	9	22.99
6361	14	3	16.66
103	1102	8	43.03
359	2226	3	39.02
1656	14	4	8.69
2297	12	3	7.84
5	9	3	7.77
414	104	6	19.3
5605	12	3	17.9
1130	102	3	9.27
288	111	4	15.37
109	225	6	20.71
1400	190	5	57.49
236	119	3	10.36
119	860	3	18.42
2438	14	3	7.61
101	216	18	45.92
1205	105	3	13.16
2098	14	3	6.72
168	4089	3	35.76
3652	148	4	48.52
165	363	5	40.22
103	593	5	15.02
486	12	5	5.15
173	224	4	25.56
104	1439	7	43.19
349	101	6	10.1
3001	14	3	8.73
293	120	3	11.83
4427	4596	3	62.22
1312	14	4	7.32
648	1547	6	91.97
576	178	20	260.98
112	341	16	115.61
112	266	5	20.43
271	107	3	7.67
8	7	3	11.04
779	102	3	7.16
104	502	3	6.71
886	14	5	8.17
2536	124	3	25.85
172	147	11	72.44
103	573	10	44.42
111	116	7	4.73
122	227	3	10.14
112	519	5	28.09
1008	116	5	35.45
1644	101	3	9.06
116	141	8	20.41
173	2966	3	34.41
104	217	4	4.21
4527	14	3	12.29
963	14	4	5.34
2437	524	3	42.37
129	3127	4	41.51
1510	9	3	17.27
8	327	4	12.35
517	125	3	16.26
101	645	3	4.6
351	604	13	181.04
12	127	362	1872.33
692	102	3	6.38
199	129	3	10.79
342	104	3	4.5
104	429	7	25.13
104	369	6	17.75
6529	14	3	16.66
4795	14	3	12.29
2270	14	4	11.64
823	101	4	9.96
1146	14	5	10.68
140	320	15	135.42
5	996	7	91.3
105	2052	3	16.15
112	263	11	62.95
2116	16	5	54.62
106	377	27	222.91
104	1750	3	13.42
102	422	3	4.21
2811	117	3	23.86
119	806	3	18.07
101	525	4	6.81
124	306	3	12.84
5315	14	4	22.22
121	835	3	18.15
105	137	16	30.33
632	107	12	88.91
114	2	4	4.88
7276	107	3	30.82
105	386	3	7.07
104	625	3	7.72
112	1844	4	30.22
12	1054	3	4.14
1103	113	3	17.93
618	106	7	41.27
208	545	3	26.15
139	111	4	4.68
234	616	3	28.21
103	2287	6	38.69
867	102	3	7.77
103	857	12	70.51
102	259	5	6.53
950	12	4	6.67
2282	103	5	29.2
1525	106	3	17.5
1378	14	3	4.32
107	964	5	30.91
2975	113	3	24.55
102	3056	5	33.59
106	226	47	381.74
141	1312	3	25.08
108	869	9	67.71
268	436	4	38.66
115	696	9	69.62
2653	14	3	7.61
1780	14	3	5.34
8	607	8	46.31
691	104	8	38.55
102	1416	6	30.35
229	123	3	10.6
278	142	5	31.59
156	343	3	18.86
134	631	4	28.76
102	4032	3	16.72
4905	534	3	47.43
104	1799	3	13.42
104	3595	4	28.93
1051	12	3	4.14
115	1360	5	38.88
12	3695	3	11.38
488	1021	3	36.07
1428	103	3	10.65
2328	14	4	11.64
883	554	3	35.94
5182	5429	3	62.22
103	242	8	16.95
143	105	20	51.96
101	937	4	10.85
117	5304	3	28.9
107	3759	3	24.11
1236	107	3	16.4
485	102	8	27.87
1614	12	3	5.84
121	354	3	13.11
104	135	16	20.69
338	16	3	17.04
104	341	7	21.25
119	445	6	37.99
109	2438	3	21.33
286	207	4	31.68
897	14	4	4.94
124	1019	5	39.2
1983	14	4	10.49
137	161	3	9.62
276	187	3	20.43
303	184	9	84.27
188	120	3	8.18
1354	14	4	7.97
103	344	42	311.85
111	278	4	15.09
140	356	3	17.2
621	111	4	21.8
116	291	6	29
1263	14	3	3.9
213	381	3	24.22
1398	12	3	5.34
845	12	4	5.87
101	752	3	5.29
119	467	7	47.19
190	984	4	41.01
118	674	18	176.95
177	1288	3	29.13
152	403	5	38.6
1292	14	3	3.9
129	175	3	9.11
115	468	5	27.6
115	512	3	13.98
110	5329	3	27.73
2263	14	3	6.72
108	115	251	1800.91
4353	119	3	30.05
1970	116	3	21.72
707	12	4	4.88
5549	1915	3	59.76
125	363	7	45.02
1657	12	4	10.18
197	619	4	37.79
3773	101	3	14.88
104	1339	4	18.12
103	628	9	39.37
103	2405	4	20.8
131	102	42	89.92
2118	102	5	28.49
1071	283	3	32.82
104	1027	4	16.26
3849	109	3	24.14
130	192	3	10.64
2967	12	3	9.9
105	245	3	4.37
141	5849	3	39.09
2031	511	3	40.47
516	14	8	12.97
148	110	7	16.44
657	14	5	5.65
2	8	14	32.06
881	103	3	8.16
104	2617	3	15.99
12	1026	5	11.11
2984	101	3	13.35
2483	104	3	15.99
1968	1331	8	150.62
205	220	8	68.84
105	501	4	13.62
135	111	6	9.79
103	2322	3	13.41
108	1809	3	18.7
157	125	6	19.7
207	2452	7	105.78
102	5108	4	31.16
505	106	14	100.22
365	14	7	5.77
2376	103	5	29.2
730	14	7	13.94
144	1028	5	46.44
109	5935	3	30.85
2131	2321	3	50.05
106	322	5	18.96
1414	14	4	7.97
867	122	4	27.34
427	14	8	10.27
204	103	9	16.53
112	1034	6	44.38
435	1672	3	38.71
112	1109	8	66.64
336	102	5	9.01
978	12	7	20.78
188	720	4	38.15
1934	12	3	7.07
943	12	5	10.49
101	259	12	27.92
112	7879	3	32.72
142	178	4	17.7
1744	14	3	5.34
121	962	3	18.87
316	157	5	36.15
456	14	6	5.5
104	755	3	8.73
120	119	5	4.75
1981	396	3	38.94
101	515	4	6.81
119	808	4	26.6
3896	107	3	24.11
12	678	22	123.22
104	2193	8	67.83
124	225	4	16.36
102	372	26	149.48
106	4729	4	40.38
2177	2007	3	49.18
1127	12	6	16.55
12	1946	5	17.89
103	779	19	142.95
123	154	3	5.79
1680	251	4	49.28
145	1030	4	35.08
104	3928	4	28.93
140	334	4	24.75
12	3730	5	29.84
280	104	4	6.48
482	102	3	4.81
177	121	4	11.82
104	503	3	6.71
189	2733	3	34.65
170	840	4	37.34
1692	12	3	6.41
8	6537	3	29.29
101	904	3	6.13
8	329	5	17.6
12	496	30	179.13
1976	14	3	5.97
101	827	3	5.83
1176	104	3	11.2
2584	12	3	8.76
106	763	4	20.15
145	721	3	22.3
104	428	5	14.55
652	406	4	45.69
12	3036	3	9.9
1781	12	5	16.5
121	150	4	8.6
3482	9	4	35.08
913	2350	4	62.5
176	527	4	34.15
172	3141	3	34.41
701	565	5	64.14
949	14	4	5.34
284	791	3	30.92
104	4113	5	42.39
1685	286	3	35.72
1282	14	3	3.9
108	1520	3	18.04
1229	116	3	18.67
2436	102	3	13.97
108	1166	4	24.48
1861	125	3	23.23
105	1660	3	14.76
111	117	11	15.12
542	110	3	13.38
5372	103	4	31.74
425	103	4	8.05
2814	661	3	43.57
134	363	14	124.48
108	404	8	43.97
562	102	7	24.45
108	576	16	128.31
688	12	4	4.59
104	121	21	18.16
4910	104	3	20.96
551	12	5	5.95
5109	107	3	26.33
133	12	34	20.51
1174	12	3	4.5
5799	102	3	23.37
103	1671	8	50.71
135	274	3	14.51
922	148	3	24.32
12	2149	8	47.75
103	3639	4	26.77
1999	101	4	16.59
334	148	33	391.97
127	133	4	6.96
7555	12	3	17.9
416	150	4	29.14
101	1461	3	8.51
101	1150	3	7.57
123	128	23	100.06
103	6836	3	23.8
376	14	12	21.38
5419	14	4	22.22
131	136	3	5.23
3520	147	3	33.34
347	14	7	4.86
130	103	17	13.27
102	4135	3	16.72
109	411	17	125.49
152	621	8	77.37
748	14	4	3.95
3016	103	3	15.6
648	2552	3	43.57
2089	376	3	38.45
12	679	23	137.31
1314	102	3	9.73
12	731	4	5.19
118	4829	4	44.57
181	158	47	503.1
109	458	4	17.1
186	347	14	150.71
1902	102	4	19
3075	102	3	15.17
1265	12	3	4.9
101	477	4	6.13
1766	14	3	5.34
446	14	10	18.01
112	755	3	15.65
117	142	10	30.66
127	487	3	16.13
694	140	3	21.37
1298	12	4	8.76
2004	1260	4	64.24
178	102	8	8.44
120	7537	3	34.58
103	2135	4	20.8
102	5125	3	18.91
170	1325	3	28.6
106	225	9	36.71
705	14	7	13.28
2772	14	3	7.61
105	2732	4	27.15
115	2422	3	23.54
101	124	29	17.77
557	380	4	43.69
103	5646	3	23.8
1101	12	4	7.62
1117	12	4	7.62
5737	102	3	23.37
5316	12	3	13.51
8	311	4	11.88
1367	222	4	45.63
292	120	3	11.72
1190	14	4	6.75
102	3214	3	15.17
106	2015	3	18.9
346	101	5	6.7
5687	14	3	16.66
7397	12	3	17.9
640	102	24	187.11
227	104	4	4.9
511	1174	3	37.38
103	497	4	9.17
1685	197	3	32.57
765	12	5	8.45
5754	5613	3	71.22
115	1359	6	49.57
574	119	3	15.86
2481	103	3	14.4
335	251	4	35.58
3107	14	3	8.73
879	14	6	11.95
1998	14	3	5.97
158	141	6	26.69
226	139	3	13.89
2224	14	3	6.72
352	280	3	25.98
159	223	6	40.04
12	188	96	534.68
2661	12	4	14.62
104	1861	7	47.22
12	3247	4	16.44
806	102	3	7.45
1057	140	9	96.57
203	688	4	38.79
110	2990	3	23.93
446	110	4	18.85
702	103	10	49.51
101	362	6	10.58
101	438	4	5.73
108	752	3	13.82
1133	140	6	58.66
1775	12	3	6.41
2743	118	3	23.89
119	2430	3	25.01
2912	14	4	14.83
103	1625	7	41.28
102	1597	4	17.03
2024	14	4	10.49
1218	2315	3	46.09
1124	14	5	9.96
1789	101	3	9.68
2573	836	3	45.08
6537	14	3	16.66
103	4308	3	19.34
106	224	3	5.82
105	1304	3	13.64
101	3796	3	14.88
1197	12	4	8.16
113	759	5	31.83
104	3704	3	18.76
108	3983	4	36.13
103	358	6	14.27
106	732	3	13.29
249	103	5	6.71
16	59	42	296.14
3832	105	3	20.79
103	4766	3	19.34
985	110	4	25.08
1974	101	3	10.38
195	219	3	19.01
119	586	3	16.09
106	5420	3	25.8
5805	102	3	23.37
2221	102	4	20.23
132	111	4	3.93
118	877	3	17.32
6675	102	3	23.37
115	587	8	56.28
105	741	3	10.63
170	755	3	25.43
774	168	3	25.61
998	103	5	20.22
370	14	10	13.97
120	1664	4	31.73
739	14	6	10.12
102	1022	5	19.53
111	597	8	55.32
1253	102	5	21.96
115	1129	5	36.95
1241	12	3	4.5
110	2627	3	22.69
538	5	4	41.5
1788	14	5	14.55
436	14	7	7.77
105	3328	4	29.05
12	183	66	250.84
102	7776	3	23.37
103	3891	3	17.15
108	318	4	13.94
109	1068	4	23.87
112	3837	5	54.54
110	5258	3	27.73
83	9	3	15.2
669	140	8	74.06
134	476	14	134.05
574	1354	3	38.89
8	313	4	12.03
230	119	6	28.4
119	366	9	60.77
111	219	3	7.71
5141	14	3	12.29
6139	14	3	16.66
108	1231	4	24.48
1092	12	4	7.62
107	424	4	16.58
1625	107	6	46.55
102	109	33	9.01
102	238	5	5.82
214	314	4	32.93
106	1404	3	16.9
118	3078	3	25.13
103	5708	3	23.8
117	1328	3	19.42
12	2152	3	7.84
102	1429	4	16.21
119	1046	3	19.6
156	485	3	21.29
104	4588	3	20.96
3137	107	4	33.48
608	691	4	49.08
889	14	4	4.94
117	155	6	15.96
275	129	3	13.47
736	102	3	6.88
102	356	4	6.15
118	1217	3	18.96
103	763	3	7.27
115	612	8	57.03
135	141	3	6.72
104	746	3	8.73
120	175	3	7.08
866	149	3	24.19
1786	12	5	16.5
104	2535	4	24.44
102	287	10	27.61
104	3224	4	26.33
118	1423	8	73.95
7783	207	3	45.19
102	2767	4	21.72
103	2635	6	41.91
112	840	12	106.08
102	543	10	42.16
136	121	4	6.07
123	257	6	31.19
103	786	4	12.33
1494	12	3	5.34
112	1904	9	98.23
501	181	3	24.11
435	726	3	33.71
115	919	8	64.8
1086	14	5	9.96
3705	119	4	41.06
105	149	12	24.13
1790	103	4	18.51
117	1451	3	19.97
108	698	5	28.02
211	2651	4	50.94
2529	103	3	14.4
984	8	3	14.04
599	14	7	11.03
1026	102	3	8.46
159	154	3	11.07
103	5936	3	23.8
109	7146	3	30.85
12	3875	4	18.97
104	1325	3	11.68
140	186	3	11.85
2242	9	3	19.53
1571	14	3	4.8
2504	14	6	27.71
107	3116	3	22.53
391	14	38	211.17
499	106	10	63.08
123	1026	3	19.86
12	1330	3	4.9
107	423	11	69.79
113	2516	3	23.32
377	129	3	15.69
57	9	24	75.59
103	2682	4	22.29
209	125	4	15.31
221	102	5	4.63
603	104	3	7.5
147	128	4	10.08
1938	12	3	7.07
8	267	5	15.08
124	935	3	19.63
2239	59	5	50.32
277	59	4	19.84
125	269	5	24.91
645	106	7	41.93
369	105	5	16.14
1405	14	3	4.32
338	59	4	21.71
4383	14	4	22.22
953	12	5	10.49
1516	492	4	54.4
104	3022	3	17.2
138	261	9	64.67
102	708	17	109.12
283	102	4	4.48
1520	140	6	62.61
1782	107	4	27.7
105	1765	3	15.41
521	147	4	30.23
164	103	9	10
108	1237	7	52.65
104	1474	6	34.41
1509	14	3	4.8
586	14	7	11.03
3582	509	3	44.98
158	333	3	18.76
107	260	5	17.28
101	1838	3	9.68
122	575	3	16.05
103	225	7	11.62
453	104	4	10.38
596	199	3	26.21
101	922	3	6.45
199	12	23	40.99
148	14	43	51.59
384	935	3	34.23
12	764	4	5.19
174	1503	4	41.92
102	7412	3	23.37
973	147	3	24.26
1029	14	5	9.31
372	499	4	42.89
4240	118	3	28.93
1734	12	3	6.41
103	2468	3	14.4
650	12	4	4.32
390	101	4	5.01
1339	14	3	3.9
2456	342	5	73.59
308	117	3	10.94
1835	2242	3	48.42
103	2151	5	29.2
1450	12	3	5.34
102	2935	5	33.59
1621	125	3	22.56
108	1057	3	15.96
353	102	9	27.4
122	3265	3	26.44
130	381	3	16.13
103	1706	3	11.85
251	14	17	26.37
488	1462	3	38.01
101	155	19	25.12
114	167	4	9.07
12	827	4	5.87
516	101	4	6.81
1360	14	3	4.32
242	14	12	11
1062	120	3	19.64
102	527	3	5.15
294	121	3	11.88
288	152	6	43.64
502	12	7	11.57
2080	14	4	10.49
113	189	4	10.94
115	3386	3	26.35
112	939	12	110.48
102	271	7	13.48
2854	2143	3	52.32
12	980	4	7.12
1049	12	3	4.14
1134	110	4	26.3
682	415	3	32.94
948	103	5	19.54
2387	14	3	6.72
104	1588	4	19.69
122	154	3	5.39
1126	12	3	4.14
188	102	9	13.2
1078	12	5	11.78
102	2317	5	28.49
1778	14	3	5.34
2647	14	4	13.04
1111	101	4	11.89
675	445	4	47.03
2572	14	3	7.61
114	601	3	14.57
4161	12	4	18.97
1935	12	3	7.07
12	259	9	7.85
662	104	3	7.96
5108	104	3	20.96
513	5	4	41.2
124	615	6	43.38
103	1613	3	11.22
2748	14	3	7.61
112	1460	6	48.88
143	191	3	12.58
143	136	5	16.24
1222	103	3	9.68
123	834	3	18.74
103	269	17	65.07
1475	14	3	4.32
144	164	3	11.28
119	1512	3	21.7
166	1856	3	30.24
2375	103	5	29.2
318	366	3	27.2
116	2830	3	23.6
104	1320	3	11.68
1325	102	4	15.48
3135	12	3	9.9
915	12	6	14.14
117	884	6	43.99
116	337	4	17.34
106	713	3	13
116	2	9	23.62
1329	101	4	13.13
103	592	4	10.25
911	103	6	25.16
103	389	4	7.46
187	928	3	28.15
110	911	10	82.82
1563	14	3	4.8
1343	103	3	10.14
2350	12	4	13.2
2727	140	3	29.29
5402	104	3	20.96
152	412	3	20.09
101	257	9	15.88
12	855	16	79.25
106	1418	9	77.45
740	113	13	114.67
105	1160	3	13.16
414	103	4	7.84
2022	14	3	5.97
168	2301	4	45.6
1153	3539	3	49.94
187	419	7	67.89
115	3369	3	26.35
677	12	5	7.62
102	426	3	4.21
12	2028	3	7.07
107	4459	3	26.33
2018	104	5	30.14
2142	107	7	65.92
1262	14	5	11.47
119	3372	3	27.82
197	194	6	44.72
4899	187	3	39.48
294	189	4	30.68
3268	14	4	14.83
3028	14	3	8.73
1368	12	4	9.43
1119	408	3	35.39
174	1538	4	42.78
4098	14	3	10.19
104	2004	7	49.87
4361	102	4	31.16
153	659	3	22.67
112	1743	6	52.04
6171	9	3	30.05
112	1847	4	30.22
104	4651	3	20.96
201	393	3	24.19
507	662	3	33.64
1310	14	3	3.9
104	624	3	7.72
130	166	3	8.9
246	385	3	25.78
102	5988	3	23.37
105	265	9	32.5
4603	14	3	12.29
2464	102	3	13.97
119	727	8	64.36
1736	12	4	11.03
12	629	25	149.26
12	681	11	35.06
1565	12	3	5.84
12	2079	4	12.03
220	1731	4	47.34
376	101	4	4.69
12	3347	4	16.44
103	260	8	17.86
309	164	3	19.66
2432	14	4	13.04
2144	103	3	13.41
101	1717	3	9.68
1629	14	3	4.8
335	9	4	13.45
107	225	13	65.23
12	2986	4	16.44
3241	330	3	40.59
172	192	6	40.46
12	171	13	5.11
342	103	7	17.8
12	221	76	422.86
124	614	3	17.17
3100	4562	3	58.4
152	3028	3	32.36
547	105	3	8.93
701	106	3	13
1096	103	4	14.76
125	322	3	13.21
724	140	4	31
256	118	28	226.83
2472	150	3	30.89
873	118	8	64.54
293	102	11	33.3
107	4763	4	41.09
106	735	11	82.19
122	128	7	13.74
119	1356	3	21.1
111	195	8	33.1
111	279	3	9.66
119	446	4	21.87
103	1266	8	46.36
1466	4127	3	50.99
8	9	15	4.92
216	183	6	44.57
109	714	3	13.54
129	103	25	31.76
2224	101	3	11.2
1720	14	3	5.34
273	103	4	4.59
103	3879	3	17.15
1626	224	3	32.9
102	1843	5	25.29
143	102	27	52.63
101	936	3	6.45
12	337	19	53.85
593	224	4	38.8
214	1680	4	47.14
5110	107	3	26.33
2011	118	3	22.01
129	4776	4	49.14
778	104	3	9.02
1208	12	3	4.5
103	243	33	171.91
115	1357	6	49.57
102	2244	6	37.83
140	239	15	123.84
3424	14	4	17.34
879	101	5	15.3
1588	5531	3	58.33
1410	342	7	98.78
174	301	3	20
8	1835	6	45.19
839	101	3	5.83
459	103	8	27.89
654	366	3	31.68
589	133	3	19.39
6406	12	3	17.9
315	408	4	39.62
115	1870	4	31.77
12	2487	7	41.78
105	176	8	16.48
109	508	3	11.66
2315	14	3	6.72
101	479	13	51.04
190	105	4	4.97
102	1333	6	29.09
103	1772	3	11.85
115	2420	3	23.54
8	2595	5	40.48
115	697	7	49.79
409	102	3	4.07
2653	12	4	14.62
127	179	4	13.38
103	2197	6	38.69
1365	102	7	38.44
386	181	4	32.4
103	1067	3	9.25
290	14	12	14.47
102	214	15	41.25
102	141	12	7.89
121	554	4	23.36
101	618	3	4.39
7331	2772	3	61.66
8	247	7	24.82
118	688	4	23.46
384	12	6	5.75
162	150	5	24.84
1186	104	4	17.45
188	179	3	16.5
168	546	3	23.46
116	155	3	4.22
890	14	4	4.94
104	1604	9	65.94
246	1632	4	48.19
209	392	3	24.24
116	357	3	11.69
16	589	4	29.88
140	14	58	78.16
1182	14	5	10.68
2455	102	3	13.97
4453	140	3	34.34
1713	12	3	6.41
138	1206	3	24.04
107	3000	5	45.97
3286	803	3	45.99
465	1792	4	54.82
720	118	9	70.69
120	2359	5	47.08
1055	146	7	72.43
388	103	5	11.34
108	242	3	7.17
1636	14	3	4.8
917	148	7	70.76
501	326	7	81.85
12	2486	5	21.67
933	158	3	25.16
2308	12	3	7.84
397	252	3	26.2
321	279	22	292.38
122	2318	3	24.18
2009	12	4	12.03
123	221	3	10.08
403	175	9	88.32
123	124	6	9.6
179	626	4	35.9
2265	308	4	53.53
680	14	10	25.72
2528	14	3	7.61
104	5426	3	20.96
437	14	6	5.23
103	869	9	46.82
128	113	7	10.15
895	118	6	44.05
2174	12	3	7.84
1739	116	3	20.97
1891	12	3	7.07
170	1320	3	28.6
108	857	5	29.67
109	142	15	45.78
118	119	6	5.62
115	2425	3	23.54
160	113	7	21.56
120	103	21	10.86
151	136	7	30.43
119	1048	3	19.6
101	128	32	30.07
166	142	3	10.78
133	111	17	58.97
1497	116	3	19.71
1332	12	3	4.9
318	808	3	32.08
1427	107	4	25.91
3433	2885	4	80.01
893	102	3	7.77
1303	12	3	4.9
106	336	5	19.38
6982	103	3	23.8
127	136	9	29.32
2858	14	4	14.83
558	512	3	32.87
106	592	3	11.98
397	106	4	15.46
250	103	5	6.83
792	116	7	51.56
110	137	6	9.33
101	1347	4	13.13
104	3432	3	18.76
4561	12	3	13.51
1986	103	3	12.58
115	1051	5	36.11
12	4583	4	23.87
146	239	15	129.05
12	184	71	287.24
138	369	4	25.32
184	105	4	4.51
12	2919	3	9.9
104	485	5	15.75
6381	12	3	17.9
159	129	3	7.46
105	636	3	9.59
102	3621	3	16.72
697	12	5	8.02
103	3070	4	24.18
103	2950	3	15.6
1524	102	3	10.81
896	116	5	34.07
126	121	5	6.16
664	12	4	4.32
1933	717	3	42.24
194	14	38	87.98
7592	14	3	16.66
102	1070	3	8.85
436	101	4	5.73
2946	14	4	14.83
1257	14	3	3.9
137	212	4	19.1
447	110	3	12.39
107	546	17	137.48
110	2238	4	31.91
454	12	5	4.67
109	676	3	13.27
126	1190	3	21.19
152	472	12	120.99
12	362	6	5.1
4907	14	3	12.29
101	785	3	5.55
102	2092	4	19
8	10	9	74.46
1338	14	3	3.9
119	1511	4	31.69
504	103	4	9.17
105	3271	3	19.23
8	445	5	21.17
184	120	4	12.48
475	103	7	22.88
532	158	4	31.45
1240	16	6	59.16
1484	12	5	14.27
239	140	3	14.54
169	121	6	21.25
119	415	3	14.27
102	1963	3	12.16
5761	16	3	39.09
7371	2827	3	61.66
102	182	11	18.09
103	1039	3	8.86
345	1002	4	47.67
180	102	10	14.7
5853	9	3	30.05
1072	12	3	4.14
1508	14	3	4.8
106	260	6	21.88
12	3620	5	29.84
117	436	3	13.34
429	1053	3	35.74
108	1102	3	15.96
2150	9	4	29.03
101	154	12	7.55
103	1653	3	11.22
101	578	3	4.02
3462	116	5	55.23
102	1197	5	21.07
115	4202	3	28.57
103	1976	6	36.27
105	324	7	25.1
419	14	13	28.86
130	119	6	11.33
196	103	7	8.93
107	1947	4	28.78
1133	101	3	7.57
106	574	4	18.03
1375	14	5	12.37
210	138	4	19.42
141	322	8	61.28
174	128	4	13.48
926	5855	3	55.37
103	4508	3	19.34
104	1780	8	57.88
531	738	3	34.71
996	101	4	11.35
136	191	3	11.53
390	14	10	15.34
110	103	31	15.95
102	528	13	62.07
646	106	18	155.05
2726	14	3	7.61
12	834	4	5.87
1169	125	3	20.92
7605	125	3	35.41
1321	12	5	13.35
119	2433	3	25.01
105	309	3	5.65
642	109	4	19.74
151	102	37	111.12
12	4270	3	13.51
108	1055	3	15.96
109	186	5	12.3
2941	118	4	36.95
135	12	40	34.05
105	412	4	12.19
124	389	9	64.86
104	2614	3	15.99
251	101	5	4.07
1719	14	3	5.34
6220	14	3	16.66
363	1053	4	48.85
501	532	4	45.84
110	1186	7	55.86
1339	101	4	13.13
107	2364	4	30.05
118	1426	5	39.48
5508	286	3	47.93
103	992	3	8.86
2503	14	3	7.61
127	102	69	180.05
157	112	9	28.99
122	316	3	12.45
112	485	19	166.38
122	16	3	4.03
102	6896	3	23.37
106	751	7	44.13
1858	113	3	20.68
109	782	4	21.31
107	1162	3	16.4
108	547	4	18.43
481	112	3	13.05
102	2062	3	12.16
2794	12	6	30.17
103	1504	3	10.65
804	12	4	5.52
134	317	9	67.57
842	7173	3	54.64
108	173	18	82.32
774	124	7	56.82
149	120	5	12.56
112	5100	3	28.23
104	1274	3	11.68
102	1100	8	41.89
12	1417	3	5.34
1713	101	3	9.68
118	1812	3	21.26
1880	960	3	43.92
201	1880	3	33.53
1088	147	4	36.07
905	14	7	16.23
141	2511	3	29.54
126	135	8	23.98
102	3533	3	16.72
317	292	6	60.04
312	2493	3	38.96
998	104	3	10.37
104	381	3	5.32
189	403	11	118.01
1991	14	3	5.97
12	378	19	60.25
138	340	16	147.09
1557	12	3	5.84
346	158	4	27.75
951	2026	3	43.92
164	176	4	21.49
227	106	4	10.26
111	189	3	6.53
113	718	3	15.48
355	244	5	47.29
127	122	16	52.66
127	295	3	12.89
102	3119	3	15.17
103	1006	4	14.2
2024	12	4	12.03
102	154	20	37.45
102	204	61	371.18
145	1500	4	37.79
103	7895	3	23.8
251	125	4	17.62
115	2426	3	23.54
2321	1311	3	46.59
151	122	7	22.9
109	260	5	17.33
926	2904	6	112.04
105	284	3	5.18
109	470	3	11.28
2546	14	4	13.04
109	574	3	12.29
536	140	3	19.85
103	1883	4	19.56
124	142	3	4.6
368	218	3	24.05
1291	12	5	13.35
330	12	10	14.87
102	578	13	64.49
250	210	4	30.53
1480	117	5	39.43
3775	14	3	10.19
1804	14	6	20.38
817	14	5	7.67
117	322	6	30.97
141	226	3	14.27
591	106	4	18.34
348	115	3	11.49
5441	14	3	12.29
207	964	3	29.36
12	1893	4	12.03
103	2555	3	14.4
889	12	4	6.26
103	2503	4	22.29
1660	116	4	29.82
875	102	4	12.67
115	1050	3	18.15
2804	116	3	23.6
104	877	7	35.61
104	997	3	10.37
2965	101	3	13.35
101	333	8	16.66
119	1049	3	19.6
101	198	8	7.71
1458	106	8	65.57
1573	14	3	4.8
1332	101	3	8.02
2	2883	3	30.31
103	3455	5	39.68
2124	12	3	7.84
104	742	3	8.73
12	4251	3	13.51
106	270	13	69.24
197	465	5	46.7
768	140	3	21.98
109	1571	3	18.05
127	137	4	7.32
102	157	10	8.26
113	233	3	8.64
106	850	4	21.02
103	404	27	171.64
111	121	9	12.41
3913	12	3	11.38
103	576	6	19.81
1260	1125	4	59.21
967	104	7	36.61
12	543	17	65.1
1706	1522	4	64.78
103	1166	8	44.6
110	1660	3	19.4
119	365	6	35.2
129	149	3	6.81
102	5283	3	18.91
220	264	3	21.69
106	1914	4	28.08
103	5752	3	23.8
134	173	3	9.94
1921	14	4	10.49
115	482	11	81.21
832	12	5	9.39
12	114	623	3555.8
2621	118	3	23.89
12	227	13	15.42
101	965	4	10.85
471	12	5	4.91
357	643	4	44.42
125	393	3	14.77
417	102	11	43.12
101	1723	3	9.68
377	579	3	31.08
117	664	3	15.47
3223	14	3	8.73
12	560	27	152.68
753	12	4	5.19
369	102	9	28.28
12	4716	4	23.87
3175	14	6	33.32
104	235	7	15.85
2278	126	7	77.29
256	166	5	35.98
299	398	4	39.12
4803	126	3	31.18
221	105	4	6.45
1434	12	3	5.34
303	213	6	53.99
111	104	32	32.28
113	688	6	39.45
345	9	11	60.67
103	334	6	13.52
119	1510	3	21.7
280	106	4	12.1
1026	105	3	12.31
104	355	5	12.58
134	242	5	28.15
278	2407	4	52.6
1044	14	7	19.18
115	561	11	85.01
12	238	14	20.02
112	1394	3	19.3
196	102	6	5.64
130	118	14	43.12
993	124	3	20.02
115	4201	3	28.57
119	668	4	24.93
2210	1804	3	48.42
103	1909	4	19.56
104	2129	8	67.83
110	210	3	7.02
982	9	4	22.24
294	195	3	21.58
104	1628	3	12.77
1155	349	3	34.77
127	144	3	5.3
103	2229	3	13.41
116	2485	4	34.64
102	113	53	68.94
180	103	7	7.19
465	14	7	8.11
803	14	4	4.25
4462	118	3	28.93
105	504	3	8.53
698	140	11	112.31
251	12	8	5.33
3159	12	3	9.9
108	2322	4	30.07
2059	125	3	23.98
101	307	5	5.71
379	107	3	9.94
105	2641	3	18
405	803	3	33.49
353	105	4	10.83
105	489	5	18.95
109	336	3	9.17
109	269	3	7.69
2626	14	3	7.61
106	244	7	26.8
197	551	3	25.74
218	12	37	112.72
103	871	3	8.16
102	128	28	33.33
4176	490	3	44.78
102	273	4	4.17
108	5344	3	26.35
174	182	3	15.45
102	529	5	13.27
136	137	3	6.08
1819	104	4	20.62
119	2104	3	23.99
1555	14	3	4.8
115	1675	3	20.9
269	336	17	212.48
131	159	8	35.66
650	14	5	5.65
205	486	3	25.51
104	971	4	15.74
478	14	12	26.88
108	628	11	79.02
109	592	3	12.52
5681	5557	3	71.22
148	12	18	5.48
2072	12	3	7.07
328	5	3	25.99
104	462	22	144.98
12	5040	3	13.51
12	151	177	1021.98
804	101	3	5.55
2347	117	3	22.85
453	103	6	17.35
561	110	3	13.6
103	115	352	1965.48
1885	109	3	19.46
1432	112	3	19.3
1376	12	4	9.43
122	141	4	7.22
137	120	7	17.38
2669	59	3	26.98
101	816	4	9.96
12	577	23	115.08
332	14	9	8.96
350	366	4	39.65
102	5317	4	31.16
112	3945	3	26
159	356	9	79.64
129	179	5	20.69
113	135	5	6.89
749	102	3	6.88
113	341	4	16.97
116	2575	3	23.6
103	4321	4	31.74
2835	101	3	12.17
106	155	4	4.51
107	1777	3	18.68
103	3424	3	17.15
353	159	5	37.76
619	9	3	12
101	167	13	14.65
119	977	3	19.18
516	12	7	12.01
1562	12	3	5.84
5279	12	3	13.51
103	5417	3	19.34
1588	2854	3	50.01
1810	103	4	18.51
916	1317	3	40.95
222	106	3	5.69
131	105	37	116.01
123	156	3	5.91
4010	12	3	11.38
149	181	3	13
126	325	3	13.47
109	1653	4	26.8
627	146	3	21.57
1111	12	3	4.14
561	14	5	4.72
1551	14	6	18.81
1002	1565	11	212.68
143	122	4	7.39
125	436	3	15.28
2820	105	3	18
12	143	223	1281.76
120	2376	7	74.71
12	216	14	15.4
12	319	20	56.13
292	102	7	14.81
1292	12	3	4.9
2697	14	3	7.61
101	601	6	16.04
851	380	4	47.1
440	14	16	44.17
103	1237	6	28.8
173	336	4	29.88
106	2592	4	30.86
136	2375	4	39.79
3062	12	4	16.44
182	111	4	10.08
320	102	8	20.72
188	144	3	12.99
1329	12	3	4.9
900	12	4	6.26
1176	103	3	9.68
349	14	9	9.9
468	149	3	20.53
112	2748	3	23.19
1394	1279	4	61.33
2211	12	3	7.84
101	726	3	5.29
3850	2797	4	78.09
124	692	3	17.69
510	943	3	36.09
104	2706	3	15.99
12	169	13	5
104	500	7	27.42
104	348	5	12.36
192	1415	4	43.88
4666	122	3	30.24
109	992	4	23.28
1609	14	3	4.8
915	101	3	6.13
896	103	3	8.16
194	112	4	11.01
104	6163	3	25.43
103	270	9	22.65
3800	109	4	36.14
170	1394	4	41.61
183	109	5	11.97
117	127	5	4.71
103	698	3	7
12	1945	6	24.66
103	782	7	30.15
1368	101	4	13.84
2909	14	4	14.83
460	103	3	4.84
497	544	3	32.65
255	150	3	16.46
1646	103	3	11.22
943	14	6	12.66
893	117	3	17.29
341	828	4	45.93
427	12	8	12.92
204	104	7	12.97
288	109	4	13.06
9	161	5	8.64
148	130	3	6.84
130	104	16	17.1
105	135	26	70.61
112	5229	3	28.23
106	455	6	29.64
102	4704	4	31.16
376	12	8	11.04
117	167	7	23.98
766	558	3	35.25
102	556	4	9.18
161	147	46	446.46
660	101	5	12.35
393	558	5	58.02
990	105	3	12.31
4585	14	3	12.29
380	103	4	7.11
1207	14	4	6.75
161	398	4	30.92
180	117	3	6.59
2115	14	3	6.72
12	1747	8	37.95
105	1289	5	28.65
106	199	24	138.01
643	12	4	4.32
135	129	9	32.26
220	657	4	39.18
101	271	6	7.04
1174	14	5	10.68
1228	1574	3	43.78
12	937	4	6.67
1903	103	6	36.27
109	818	3	14.46
551	14	7	10.09
963	101	3	6.45
103	1231	3	9.68
113	2024	4	31.47
4069	3938	3	57.76
1527	199	3	31.9
1527	129	3	23.99
111	181	4	10.02
2220	113	3	22.3
102	2603	6	41.04
823	14	6	11.3
1146	101	3	7.57
2569	14	3	7.61
916	899	3	38.78
103	318	8	21.44
112	261	13	78.7
166	1854	3	30.24
143	144	7	30.83
2462	116	4	34.64
435	334	3	28.76
388	149	4	28.36
12	185	92	468.7
103	1570	6	32.64
901	102	4	12.67
115	388	13	94.86
159	172	11	76.35
115	1358	3	19.64
122	4916	3	30.24
1691	300	3	36.07
3272	118	3	25.13
655	104	7	30.87
1850	109	4	27.74
1586	106	3	17.5
112	298	3	10.09
12	1402	12	71.63
103	244	11	29.93
153	110	5	9.64
227	103	6	8.69
102	649	4	10.35
103	498	6	18.5
4817	103	3	19.34
16	2	11	53.82
177	569	5	46.18
3308	12	4	16.44
507	109	9	56.19
102	3263	5	33.59
12	2677	7	41.78
104	343	8	26.43
2452	14	3	7.61
134	2893	3	29.68
103	1184	3	9.68
12	525	5	5.67
120	149	3	4.91
1101	14	4	6.23
121	1076	5	38.7
130	466	3	17.34
160	187	3	14.87
1117	14	5	9.96
1663	12	3	5.84
118	121	8	11.06
567	12	6	9.38
4600	929	4	74.11
1063	1922	4	62.89
125	611	3	17.18
145	121	6	16.06
102	316	8	20.4
766	318	4	44.94
102	257	5	6.4
4497	104	4	33.91
178	105	5	6.8
1762	103	4	18.51
103	4312	4	31.74
103	2198	4	20.8
442	103	4	8.25
1145	14	4	6.75
101	3800	4	23.72
103	2453	5	31.38
420	110	4	18.37
115	1871	3	21.66
536	197	3	25.74
7	9	3	11.76
405	924	3	34.56
103	3218	5	34.31
215	130	3	11.65
1883	14	4	10.49
964	14	5	8.71
12	2488	4	14.62
3232	14	3	8.73
115	1515	4	29.73
2379	104	3	14.99
103	385	12	48.13
2225	14	5	17.57
1068	141	4	34.77
537	148	15	162.93
258	187	3	20.03
3190	14	3	8.73
104	167	7	8.08
4378	296	3	43.66
732	342	4	45.03
984	14	4	5.76
103	1541	7	41.28
125	448	6	39.71
3340	14	3	8.73
729	103	6	23.06
3983	115	5	55.12
930	126	3	19.91
364	103	11	40.18
158	121	3	5.44
149	129	8	32.8
112	643	3	14.81
126	2591	6	65.66
110	154	4	6.34
5231	14	3	12.29
348	264	3	25.42
104	1774	5	28.67
105	319	4	9.86
130	124	20	88.09
116	1867	4	30.77
875	113	12	108.67
3185	516	3	43.61
124	181	3	8.35
175	102	14	26.18
101	144	18	16.88
109	119	38	128.52
445	14	6	5.5
2552	14	3	7.61
115	807	6	42.56
134	1074	4	33.31
108	1045	3	15.96
141	568	3	20.32
807	14	4	4.59
102	123	18	7.01
336	12	6	4.34
129	3186	4	41.51
12	1617	3	5.84
254	283	4	33.95
605	116	3	14.72
6791	12	3	17.9
104	2046	3	14.15
115	2099	3	22.52
110	4713	3	27.73
111	834	6	41.84
1339	8	3	15.39
2729	14	3	7.61
5442	687	3	48.91
129	5267	3	32.35
128	103	14	5.36
187	574	3	25.17
102	191	6	5.21
344	14	13	22.22
142	336	4	25.18
1877	581	3	40.93
831	117	3	16.94
225	102	5	5.09
120	128	8	17.18
139	7560	3	38.69
474	2713	3	41.75
104	905	3	9.65
114	102	60	92.4
598	16	3	20.56
105	169	6	8.75
12	651	6	10.68
790	194	4	39.24
881	101	5	15.3
103	730	7	29.35
116	2323	3	22.59
106	6569	3	30.28
2894	107	4	33.48
102	956	16	117.13
606	118	6	38.94
112	127	15	38.3
678	102	7	26.93
103	121	17	5.19
3077	104	3	17.2
335	130	3	15.13
767	148	12	134.16
1632	948	9	159.94
1164	14	4	6.75
102	3514	3	16.72
959	140	4	33.29
138	508	5	37.34
12	211	9	4.3
120	2379	4	35.05
1749	12	5	16.5
102	3257	4	23.6
102	3341	4	23.6
1281	14	4	7.32
292	14	8	5.04
104	317	23	128.17
3211	117	3	25.1
430	12	5	4.46
111	321	3	10.64
109	1092	5	32.45
115	445	6	35.08
1435	110	6	47.87
496	103	4	9.17
159	120	3	5.51
101	880	3	6.13
201	674	5	51.02
1829	12	3	6.41
1043	492	3	36.5
12	1608	10	53.09
314	251	4	35.06
1889	4000	3	53.03
6500	147	3	40.07
1358	14	3	4.32
602	110	5	28.44
116	105	15	8.29
782	103	5	17.75
104	1464	4	18.87
1432	103	3	10.65
119	1360	3	21.1
113	724	3	15.48
103	351	9	28.18
609	12	7	13.46
897	104	3	9.65
12	520	5	5.67
256	130	3	13.26
480	4416	3	46.81
104	187	13	34.28
2365	14	3	6.72
129	301	8	53.91
120	712	17	172.87
138	631	3	20.28
103	1616	3	11.22
3909	14	3	10.19
101	219	16	37.87
104	643	3	7.96
108	1000	8	60.18
1128	12	6	16.55
160	192	3	15.22
2300	102	3	12.99
178	12	13	6.76
102	5131	3	18.91
207	2579	4	50.74
308	101	5	5.71
5451	427	3	46.24
109	4144	3	24.14
141	220	3	13.66
131	172	7	32.99
304	163	5	38.03
108	819	7	47.11
1415	14	3	4.32
1042	113	9	76.74
1776	14	3	5.34
119	696	7	53.22
727	14	5	6.77
395	1056	3	35.39
114	136	12	35.58
5429	14	3	12.29
366	14	7	5.77
114	191	4	11.18
101	386	5	7.88
993	9	3	14.78
1960	12	3	7.07
741	129	4	28.76
102	1185	3	9.27
3153	12	3	9.9
110	128	6	6.36
124	1576	4	32.82
117	3045	3	25.1
102	4879	3	18.91
139	489	3	19.07
107	621	6	34.32
105	7413	3	27.48
127	198	12	72.19
193	206	5	36.04
102	245	7	12.32
180	112	4	10.04
162	602	6	56.79
200	181	4	25.44
666	439	3	33.12
115	806	5	33.34
969	119	4	27.59
1892	119	4	33.73
135	133	4	9.61
109	308	4	13.64
105	441	3	7.83
162	1568	3	29.48
12	473	11	26.65
103	1236	9	53.37
138	228	6	35.91
809	103	4	12.75
4007	14	3	10.19
481	313	3	28.75
1548	12	4	10.18
177	1114	4	40.2
433	918	3	35.09
1077	199	3	29.78
5188	12	4	23.87
111	184	12	56.2
2055	14	3	5.97
103	264	9	22.36
111	362	3	11.42
107	3098	4	33.48
725	101	3	5.05
101	1661	3	9.06
144	126	9	33.81
183	620	7	72.58
844	12	4	5.87
862	433	3	34.71
105	2051	3	16.15
587	9	3	11.76
108	150	5	7.41
159	135	4	13.5
794	102	3	7.16
262	263	4	33.64
1100	104	7	38.85
12	175	23	28.83
12	217	61	273.31
1886	14	3	5.97
1093	147	7	72.92
107	684	3	13.24
473	103	3	5
315	570	3	29.82
2236	14	4	11.64
736	12	4	5.19
101	1351	3	8.02
2336	1667	3	47.74
254	351	6	59.27
110	1403	8	70.72
229	129	4	18.42
112	5451	3	28.23
112	3277	4	36.01
115	1047	4	26.78
366	110	4	17.09
160	117	5	13.12
2032	115	5	42.79
197	1281	3	30.74
4557	14	3	12.29
151	139	4	13.75
119	1052	3	19.6
647	12	4	4.32
272	140	3	15.29
138	681	6	50.82
6277	125	3	35.41
112	1020	6	44.38
304	403	3	27.6
141	448	4	27.85
127	139	14	60.12
679	105	4	15.78
12	83	4	7.62
112	407	18	145.6
956	103	6	25.96
668	14	8	16.64
1651	14	3	4.8
158	352	3	19.3
103	2869	5	34.31
123	2236	3	24.67
1387	140	6	61.14
104	225	7	14.8
103	4145	3	17.15
584	14	5	4.72
103	1272	3	10.14
1616	14	3	4.8
101	705	4	8.82
102	2020	3	12.16
2549	14	3	7.61
173	1122	4	39.61
671	106	3	12.73
3863	104	3	18.76
2186	12	3	7.84
415	129	3	16.51
102	2342	3	12.99
259	118	3	9.85
102	2206	3	12.99
106	1034	3	15.01
109	1693	3	18.71
822	14	7	15.41
795	117	10	83.78
2635	107	4	31.57
144	128	6	19.01
606	104	5	17.54
138	7294	3	38.55
117	3274	3	25.1
12	132	45	44.73
1836	14	3	5.34
301	1010	3	32.84
631	14	6	8.21
108	552	13	95.26
108	348	15	98.24
112	1331	3	18.76
119	588	5	32.26
12	451	31	170.22
138	186	4	17.68
1520	146	4	38.76
153	102	32	87.1
157	4515	3	36.48
102	715	13	71.91
145	692	6	53.27
145	115	9	26.58
102	149	30	74.72
106	121	11	11.88
109	263	6	23.14
588	102	4	9.74
223	147	10	74.06
142	253	4	22.49
104	2559	5	34.07
115	2429	3	23.54
149	3557	3	33.65
1617	101	3	9.06
2135	14	5	17.57
148	120	4	8.19
1270	14	3	3.9
4166	14	3	10.19
3615	12	3	11.38
114	179	6	19.66
119	2424	3	25.01
117	208	4	12.8
120	1229	3	20.1
126	645	4	26.06
325	584	3	29.95
403	124	3	14.76
123	120	5	5.56
102	507	15	75.92
109	190	6	17.31
1837	5175	4	79.2
118	155	6	16.01
888	14	4	4.94
101	235	7	8.37
619	101	3	4.39
115	2432	3	23.54
4441	14	3	12.29
595	119	9	70.29
1349	14	13	72.21
103	2157	5	29.2
787	12	4	5.52
509	102	3	4.97
115	1678	3	20.9
131	156	3	7.62
1057	146	6	59.64
1701	102	4	17.95
103	739	10	50.72
118	1328	3	19.45
107	2615	4	31.57
104	3578	4	28.93
104	2181	5	31.89
2	14	34	17.15
1133	146	3	25.34
114	311	7	36.85
1102	4450	3	51.71
109	4410	3	26.36
5715	102	3	23.37
212	302	4	32.34
263	1271	3	33.26
138	395	8	64.42
110	3164	4	35.34
108	219	3	6.09
5144	14	4	22.22
552	105	3	8.93
304	621	3	30.07
4876	222	3	41.13
102	1096	6	26.92
12	1421	8	32.89
611	815	3	36.3
112	361	12	81.03
103	435	10	39.09
111	142	6	11.66
102	4481	3	18.91
693	106	3	12.73
649	147	4	31.86
1756	14	6	20.38
833	14	5	7.67
818	1406	3	41.15
256	216	3	21.35
104	322	8	25.74
108	371	10	57.67
418	105	4	12.41
800	14	7	14.65
109	4545	4	41.13
363	537	4	43.28
2396	104	7	53.35
12	580	27	161.21
12	504	5	5.4
138	142	3	7.24
429	537	3	31.69
2234	12	5	19.57
367	199	15	172.16
108	2824	3	21.32
102	741	3	6.88
153	136	6	24.33
122	164	4	11.04
153	191	4	20.92
115	1508	4	29.73
2963	12	6	35.81
2658	126	3	26.14
109	3428	3	24.14
103	1395	3	10.65
1731	14	3	5.34
230	411	5	48.43
1589	14	3	4.8
2077	12	3	7.07
662	109	14	111.64
6756	1103	3	56.21
282	123	3	12.13
101	2358	3	11.2
541	16	6	49.23
278	229	5	43.29
124	121	5	5.81
109	369	4	15.35
104	7181	3	25.43
408	795	3	33.49
820	103	3	7.84
6902	14	3	16.66
2027	14	3	5.97
1107	14	6	14.29
762	113	5	31.83
103	4551	4	31.74
2018	109	3	19.46
755	178	3	26.12
102	179	20	53.17
838	102	4	12.22
103	1094	6	27.77
1772	12	4	11.03
677	9	3	12.51
104	5404	4	33.91
119	5480	3	34.54
106	264	3	7.11
1269	105	3	13.64
1707	3944	5	99.73
104	748	5	19.8
316	105	4	9.86
127	1584	3	22.84
1522	101	4	14.64
1873	14	3	5.97
138	752	3	21.38
405	725	3	32.88
101	278	5	4.88
258	764	3	29.98
121	903	4	27.19
3318	104	4	26.33
2758	12	3	8.76
104	618	4	12.54
710	665	3	35.61
102	161	11	13.69
1371	124	5	42.75
212	1659	3	32.45
113	155	3	3.99
505	138	5	37.34
254	105	5	11.93
126	2404	6	62.41
136	168	4	15.35
4416	1335	3	52.67
103	838	4	12.75
174	149	6	32.88
348	330	4	38.51
7180	125	3	35.41
1535	118	10	104.83
2460	102	3	13.97
130	109	67	365.75
112	3278	4	36.01
115	1046	6	46.04
506	102	6	17.7
108	722	10	72.68
101	448	4	5.93
9	14	395	895.17
113	1328	3	18.88
6010	148	3	40.13
2120	14	3	6.72
104	436	7	25.56
115	366	12	83.09
136	5218	3	33.65
865	113	15	148.29
12	6287	3	17.9
101	961	7	27.71
144	285	3	16.59
364	116	15	111.41
712	989	3	38.25
209	103	6	7.14
120	2392	3	24.02
107	4060	3	24.11
103	7350	3	23.8
103	1341	7	37.83
435	444	3	30.83
614	610	4	48.35
159	450	3	21.08
147	324	3	17.73
130	921	3	21.35
467	14	9	14.92
228	1735	3	33.98
855	102	3	7.45
439	292	18	247.05
159	487	3	21.47
1681	140	3	26.64
139	6982	3	38.69
374	14	7	5.77
104	5831	3	25.43
112	239	3	8.77
3847	14	4	17.34
617	14	6	8.21
355	502	4	42.49
1900	119	3	23.12
140	102	15	13.46
2074	12	6	24.66
115	586	10	75.81
101	2259	3	11.2
352	140	6	43.11
104	377	3	5.19
101	998	3	6.79
104	2893	3	17.2
124	771	11	102.5
12	133	52	63.59
104	966	3	9.99
3335	117	3	25.1
119	2423	3	25.01
543	102	11	48.89
12	1980	9	53.72
1785	101	3	9.68
163	187	5	30.63
105	1503	3	14.17
1667	101	3	9.06
103	1077	11	70.06
103	926	3	8.49
3394	140	4	46.8
128	116	7	10.67
102	208	14	35.64
112	1836	3	20.56
568	101	3	4.02
1070	723	3	38.68
135	120	6	12.91
639	128	3	18.29
208	150	7	46.16
3552	12	3	11.38
102	533	3	5.15
772	12	4	5.52
1335	14	5	11.47
121	1958	4	33.84
1715	101	3	9.68
604	101	3	4.2
478	103	5	12.97
156	3121	3	32.63
201	229	6	48.76
124	341	8	52.17
109	2749	3	21.33
5440	102	3	18.91
251	104	16	65.13
4199	12	3	13.51
112	1707	3	20.56
102	1470	5	22.94
619	12	6	10.23
115	2431	3	23.54
118	3053	3	25.13
192	1631	4	44.74
2076	14	3	5.97
104	2032	3	14.15
150	187	5	27.48
115	2105	4	33.03
325	150	3	18.1
107	2239	6	52.68
990	129	3	21.46
105	3998	3	20.79
805	140	3	22.31
227	113	3	8.4
696	14	6	9.6
1623	14	3	4.8
111	260	3	9.18
137	124	3	3.87
356	147	5	36.01
216	102	5	4.37
327	197	3	22.51
1774	190	5	59.93
109	853	3	14.46
129	285	3	13.78
108	370	4	15.34
108	178	13	53.34
104	510	5	16.42
1194	113	3	18.39
102	1802	3	11.44
323	280	3	25.3
2061	103	4	19.56
1060	101	3	7.17
129	4122	4	44.14
126	142	3	4.82
924	12	4	6.67
538	140	4	28.91
752	224	3	28.58
138	1116	3	23.58
238	12	8	4.71
103	330	20	95.72
217	102	5	4.45
129	1214	5	43.23
2752	14	3	7.61
2579	14	4	13.04
1187	103	3	9.68
613	194	3	26.07
104	4817	3	20.96
342	112	4	16.81
511	140	5	38.18
1359	9	3	16.68
101	715	3	5.05
490	14	7	8.84
1059	122	4	28.99
267	103	7	14.14
603	14	7	11.03
2641	126	5	51.12
102	2583	3	13.97
115	1509	3	20.24
1214	12	3	4.5
486	107	3	11.43
315	135	7	48.8
103	2173	4	20.8
102	282	12	37.12
112	966	4	25.19
1677	110	3	20.06
113	228	3	8.4
4508	653	3	48.64
103	960	7	32.9
236	173	4	26.67
119	919	4	27.59
160	107	4	6.05
205	199	6	46.32
1803	102	3	11.44
102	1127	4	14.21
993	175	3	27.54
119	612	5	32.69
129	2380	5	50.87
202	1632	3	32.1
4890	14	3	12.29
103	635	5	15.42
154	120	6	17.85
118	1225	4	27.9
834	12	6	13.46
166	6028	3	42.45
189	3608	3	37.48
12	247	12	14.94
124	688	5	35.02
211	868	3	29.13
12	6251	3	17.9
105	2622	3	18
2290	1002	8	152.04
102	1748	5	25.29
887	109	7	48.08
109	2329	3	20.32
511	197	4	36.51
1355	14	3	4.32
185	120	7	29.78
226	105	3	3.9
280	14	18	33.9
1325	14	3	3.9
6327	8	3	29.29
5452	12	3	13.51
6594	104	3	25.43
168	208	3	16.6
1475	102	3	10.24
750	12	4	5.19
112	272	9	48.26
331	116	26	223.63
137	129	4	8.62
111	109	10	6.48
120	3283	4	38.48
145	828	8	80.41
111	156	6	14.73
103	444	5	12.67
2449	102	7	54.54
486	102	4	8.43
981	317	4	46.96
57	14	81	123.07
1034	14	5	9.31
115	1514	5	40.01
107	1326	3	16.89
104	242	15	57.96
112	4162	4	38.63
102	3345	4	23.6
104	2905	6	50.87
118	828	4	25.13
425	125	3	15.11
139	3281	3	30.39
2092	109	3	19.46
1216	118	3	18.96
115	808	4	24.66
114	397	6	33.44
1649	107	3	18.02
719	14	6	9.6
145	1586	3	26.9
187	346	3	21.98
102	295	13	43.89
115	3374	3	26.35
6130	14	3	16.66
103	1108	3	9.25
1066	192	4	41.77
3074	12	3	9.9
131	215	3	11.72
141	261	4	22.65
102	6556	3	23.37
101	1337	3	8.02
487	147	4	29.67
667	130	3	19.41
101	568	3	4.02
152	2540	3	31.12
102	1310	3	9.73
2567	14	3	7.61
1869	251	3	35.55
615	252	4	40.76
311	102	6	11.86
114	209	4	12.3
124	195	3	9.26
229	12	24	55.9
1140	119	3	20.06
123	160	6	21.15
103	805	3	7.84
110	111	8	5.22
101	1185	3	7.57
1743	104	3	13.42
275	102	8	17.84
3891	146	4	48.16
1172	323	3	34.23
103	1061	3	9.25
102	137	56	169.69
1018	12	4	7.12
105	1319	5	28.65
115	2100	3	22.52
2157	203	3	34.4
512	14	8	12.97
108	946	4	22.72
134	971	3	22.2
151	110	4	6.2
12	2190	3	7.84
220	735	8	94.1
160	210	5	32.06
313	613	3	30.31
1061	1522	3	43.32
101	163	21	39.74
102	3258	6	46.74
106	2091	6	49.17
608	1233	4	53.58
3427	5571	3	64.49
134	462	9	75.58
2293	109	3	20.32
169	199	6	41.08
119	512	6	39.69
119	468	3	14.81
1439	119	3	21.1
153	282	3	17.43
430	101	6	12.9
2952	14	3	8.73
122	149	4	8.66
4680	14	4	22.22
106	821	7	45.83
116	121	7	7.75
336	4419	3	44.54
538	197	3	25.74
2180	14	4	11.64
3149	117	4	36.91
3023	14	3	8.73
143	223	7	44.61
306	14	13	19.19
4746	126	3	31.18
103	1561	4	17.59
4495	14	3	12.29
138	405	3	17.84
102	3597	3	16.72
115	467	6	35.48
262	121	3	11.06
104	573	3	7.29
110	994	3	16.89
103	502	4	9.17
1362	210	3	31.77
103	350	5	10.01
116	247	5	20.46
5399	12	4	23.87
182	116	3	6.41
377	102	5	10.25
4711	104	4	33.91
103	3987	3	17.15
101	684	3	4.82
481	103	3	5
918	14	6	12.66
665	480	3	33.23
435	119	3	14.44
103	1363	12	95.25
124	718	4	26.44
124	658	3	17.42
352	197	3	23.06
1560	12	4	10.18
2749	347	5	73.82
1710	12	4	11.03
144	187	9	58.31
59	134	4	7.97
1624	14	5	13.38
103	2397	3	13.41
102	517	6	18.12
136	154	3	8.33
1797	104	3	13.42
2520	104	4	24.44
190	12	12	7.22
114	295	5	22.25
1659	14	6	18.81
114	122	7	7.69
170	239	3	18.23
268	119	5	23.51
339	103	4	6.16
1793	14	3	5.34
126	1720	3	23.5
105	373	5	16.14
295	137	3	15.34
17	111	3	6.14
104	2625	3	15.99
7706	12	3	17.9
343	12	21	64.54
103	7017	3	23.8
5431	1107	3	51.71
102	312	17	69.74
102	209	5	4.13
5870	102	3	23.37
843	14	4	4.59
103	2194	3	13.41
126	964	4	29.1
157	164	6	33.15
106	119	47	170.39
157	103	22	48.85
380	14	7	6.02
3549	14	4	17.34
102	103	106	28.83
103	976	9	48.22
191	123	4	13.93
699	229	5	53.56
288	118	5	22.59
134	877	3	21.82
151	128	3	6.56
104	799	4	14.36
3580	14	3	10.19
2872	106	4	32.77
1032	103	4	14.2
102	1321	4	15.48
101	523	10	35.39
104	2217	5	31.89
1725	14	4	9.53
103	1921	4	19.56
347	104	4	8.1
401	717	10	139.82
104	884	5	21.5
117	163	7	23.68
1576	14	3	4.8
940	113	5	34.26
6455	14	3	16.66
247	103	4	4.02
4211	14	3	12.29
112	725	7	48.99
103	771	5	17.75
393	350	3	28.51
2038	14	3	5.97
231	147	22	208.21
170	2032	5	58.77
103	146	67	277.6
1503	12	3	5.34
5876	266	3	47.3
112	1482	3	19.3
103	3823	3	17.15
328	130	6	38.59
105	646	4	15.43
2405	101	3	11.2
267	117	3	9.91
159	521	3	21.88
6664	14	3	16.66
5383	102	3	18.91
241	121	3	10.61
101	775	4	9.56
447	102	6	16.56
3741	12	3	11.38
1746	12	3	6.41
945	14	5	8.71
103	150	8	4.19
1844	118	5	41.9
263	439	12	146.98
105	5369	3	23
103	2943	3	15.6
108	264	7	29.14
1286	14	3	3.9
103	3784	5	39.68
1143	194	3	29.86
1908	14	3	5.97
8	513	3	10.39
5957	3190	3	62.9
115	2842	3	24.77
138	127	4	7.67
120	2606	3	25.04
1416	111	3	19.28
105	2379	3	17
134	429	7	53.82
2257	14	3	6.72
1755	101	3	9.68
1059	105	4	19.47
2029	14	3	5.97
188	129	4	15.88
331	104	5	11.75
168	595	3	23.93
542	102	4	9.18
122	176	3	7.26
6661	2171	3	60.63
126	884	3	19.53
204	285	3	21.89
12	3612	3	11.38
204	112	3	7.34
112	969	7	53.43
605	166	3	23.89
104	3286	3	17.2
1192	59	4	32
112	1735	3	20.56
119	1051	5	38.56
101	133	32	43.33
142	306	11	90.94
362	106	4	14.45
6951	12	3	17.9
110	4030	3	25.5
734	1349	4	56.16
2627	104	3	15.99
2053	118	6	55.44
698	146	11	116.11
3329	12	3	9.9
170	142	9	52.52
105	128	26	56.71
713	2955	3	45.38
115	1048	3	18.15
1919	118	6	55.44
9	101	110	137.65
120	4881	4	46.11
354	105	4	10.83
446	149	3	20.34
1079	119	3	19.6
102	413	14	61.89
139	501	3	19.27
539	393	4	44.35
103	2553	3	14.4
12	2117	3	7.84
103	819	11	61.75
104	3506	3	18.76
104	5508	3	25.43
330	102	4	5.57
102	504	6	17.7
828	109	8	56.57
4137	12	3	11.38
150	574	3	21.66
2532	14	3	7.61
2773	130	3	27.59
420	105	3	7.67
106	431	4	16.14
371	1279	3	35.71
1389	14	3	4.32
104	888	3	9.65
7317	14	3	16.66
6286	1126	3	56.21
1270	12	4	8.76
118	225	5	19.51
115	2428	4	34.56
104	631	13	75.99
568	14	13	36.62
3123	113	3	24.55
5751	8	3	29.29
149	858	3	23.84
144	2306	4	41.93
5146	14	3	12.29
103	1000	8	41.61
12	1803	8	37.95
103	7082	3	23.8
193	102	23	75.57
374	101	5	7.46
122	189	3	8.33
4722	14	3	12.29
122	265	3	11.17
2358	14	3	6.72
1470	103	4	16.77
411	119	7	45.37
103	355	9	28.6
187	1722	4	45.22
405	101	4	5.18
102	1986	5	26.75
124	1030	3	20.02
3664	101	3	14.88
1219	14	4	6.75
8	168	5	8.09
631	12	4	4.07
652	102	4	10.35
108	351	5	20.7
170	676	6	59.02
110	5206	3	27.73
114	740	6	40.98
104	379	5	13.26
134	341	4	23.64
125	350	3	13.73
12	278	11	14.51
235	14	11	8.01
4439	14	3	12.29
522	103	3	5.51
102	973	4	13.14
750	59	7	58.62
318	512	3	29.37
110	630	3	14.07
266	14	10	7.66
974	1314	3	41.33
106	984	3	15.01
126	188	3	9.18
2172	14	4	11.64
139	5259	4	51.61
1054	682	3	38.4
113	2063	4	31.47
104	3017	3	17.2
121	374	4	20.19
921	390	3	34.39
177	1215	6	67.37
104	254	17	71.47
7904	116	3	33.13
293	129	3	14
5055	12	3	13.51
158	381	6	48.64
3500	101	3	14.88
112	228	16	98.51
1171	14	4	6.75
1246	106	5	33.26
123	757	3	18.1
700	102	7	27.63
186	1753	4	45.14
1638	12	6	21.17
541	12	7	12.47
12	3020	3	9.9
108	121	7	4.2
1669	12	3	5.84
323	194	5	42.07
363	119	5	27.16
125	429	10	76.44
604	14	7	11.03
104	917	3	9.99
114	159	14	59.01
12	4684	3	13.51
120	441	3	14.48
105	157	5	4.01
124	343	3	13.45
148	102	22	40.56
102	1294	8	45.21
101	352	4	4.25
109	2823	4	31.61
101	564	7	20.4
637	14	8	15.27
115	1677	5	41.3
119	3379	3	27.82
4880	113	3	28.35
131	110	26	102.15
1353	103	5	22.66
12	3582	3	11.38
787	14	7	14.65
1834	14	4	9.53
1158	113	6	46.66
8	5419	4	39.05
106	298	3	7.87
115	2103	3	22.52
157	119	4	9.13
633	104	3	7.72
593	1630	3	39.73
878	102	4	12.67
2215	12	4	13.2
4800	125	3	30.91
119	1674	5	43.76
7645	102	3	23.37
1943	12	6	24.66
236	186	5	37.65
115	2433	3	23.54
119	918	3	18.79
1865	14	4	9.53
134	1079	8	80.75
104	2456	4	24.44
109	220	3	6.1
103	3584	3	17.15
12	2206	3	7.84
204	111	3	7.32
103	4293	3	19.34
102	284	4	4.48
193	136	4	17.77
110	514	3	13.17
113	226	4	13.37
102	434	3	4.35
103	637	8	32.79
1217	569	4	53.26
269	178	29	342.75
143	3333	3	30.94
183	102	15	33.16
104	1626	3	12.77
105	154	10	18.18
114	250	3	9.26
1107	12	3	4.14
466	140	5	37.12
1653	14	8	31.93
6988	14	3	16.66
104	357	4	8.43
282	120	3	11.51
613	280	3	29.38
115	415	8	50.82
12	311	25	82.53
4078	104	3	18.76
1102	146	5	47.41
101	974	3	6.45
859	140	5	43.54
234	4774	3	42.04
381	197	5	44.91
822	125	4	27.74
102	875	14	90.2
894	140	3	22.67
179	257	3	19.33
991	14	4	5.76
109	7830	3	30.85
287	147	17	160.34
192	403	9	92.54
6388	396	3	50.39
721	119	3	17.14
198	126	3	9.7
3197	14	3	8.73
131	967	3	21.42
111	167	4	8.75
276	107	27	198.27
102	792	9	43.05
122	247	4	16.64
1997	109	5	39.11
101	761	3	5.29
753	102	3	6.88
3463	101	3	14.88
104	155	10	13.1
490	101	5	9.91
1301	14	3	3.9
603	101	3	4.2
102	217	8	12.94
110	457	3	12.39
102	175	8	7.76
145	317	3	17.32
214	335	4	33.45
105	1229	4	20.1
191	104	5	5.44
1490	158	3	27.5
117	428	3	13.16
196	408	3	23.8
4995	118	3	28.93
108	1094	5	32.42
1483	206	3	31.7
104	752	4	13.95
495	148	15	160.01
104	2529	5	34.07
103	1968	7	46.09
12	757	5	8.45
104	4268	3	20.96
105	316	10	42.86
115	861	8	63.59
5198	12	3	13.51
578	102	3	5.52
466	197	3	24.9
1631	12	3	5.84
1175	213	3	30.8
117	121	6	5.7
104	1621	10	78.13
150	439	6	49.35
102	473	3	4.65
4793	14	3	12.29
2453	14	3	7.61
482	14	8	11.98
8	7357	3	29.29
381	140	3	17.8
103	343	13	49.67
364	104	5	12.8
12	245	8	5.01
2205	2514	3	51.07
2113	102	3	12.99
108	585	4	19.05
104	244	5	8.75
103	1291	3	10.14
1290	283	3	33.78
2047	481	3	39.85
101	652	6	17.03
137	128	3	4.55
276	102	9	22.07
173	178	11	84.57
1308	12	6	18.59
112	440	5	26.4
122	309	4	18.57
103	2824	4	22.29
57	101	20	11.31
258	3850	4	57.99
3593	14	3	10.19
115	1512	3	20.24
122	324	4	19.06
442	2576	3	41.37
430	14	8	10.67
102	854	4	12.22
1409	14	3	4.32
103	371	6	14.81
111	203	4	11.7
320	12	7	6.15
110	2284	4	31.91
5858	102	3	23.37
149	481	15	158.66
4130	12	3	11.38
186	685	9	101.5
4512	12	3	13.51
1281	12	3	4.9
108	435	5	23.35
125	119	42	213.45
105	2272	3	17
102	1970	7	45.08
686	106	3	12.73
1498	14	4	7.97
351	1104	13	205.3
5166	14	3	12.29
1064	102	6	26.92
159	102	22	47.03
104	575	4	11.92
121	1382	3	21.19
102	957	10	55.17
263	574	7	79.95
179	110	4	9.2
102	7115	3	23.37
103	219	7	10.72
138	1270	3	24.54
1676	14	4	9.53
7175	106	3	30.28
2395	1986	3	49.18
260	502	3	27.71
106	355	5	20.06
624	102	7	25.63
110	238	3	8.23
101	7451	3	21.5
101	503	4	6.57
428	475	3	30.84
848	119	16	168.08
1831	103	3	11.85
114	105	37	68.36
103	3173	3	15.6
114	299	6	29.17
103	3241	3	15.6
383	103	3	4.03
115	978	8	66.12
170	228	5	34.77
109	448	3	11.09
105	301	25	157.89
205	173	4	24.77
5638	2126	3	60.63
510	197	7	72.77
110	1119	11	100.88
365	102	5	10.02
344	12	8	9.47
110	408	7	39.59
103	2221	3	13.41
103	4319	4	31.74
104	1925	3	14.15
104	1993	6	39.5
115	2102	3	22.52
3171	14	3	8.73
585	148	15	166.17
763	1117	3	38.98
138	1041	3	23.15
119	697	7	53.22
614	396	5	59.27
150	1268	3	26.42
121	664	3	16.67
109	583	3	12.29
975	14	4	5.34
2787	103	3	14.4
210	106	25	150.67
1279	14	3	3.9
104	1795	4	20.62
113	573	5	29.06
6035	118	3	33.42
173	1029	6	64.43
110	227	3	7.84
103	1013	4	14.2
1247	135	4	34.71
290	104	4	6.72
128	176	3	8.63
119	1870	4	33.73
3876	12	3	11.38
2094	149	5	54.99
141	369	3	17.74
824	103	6	24.41
160	189	3	15.1
941	106	8	57.4
135	180	4	16.59
101	121	70	123.42
125	669	3	17.7
101	218	11	18.2
2071	102	4	19
112	7276	3	32.72
7083	14	3	16.66
500	242	3	27.33
5272	1352	3	52.67
113	829	8	61.87
137	157	3	8.57
103	552	11	50.43
137	110	5	6.35
189	1415	6	71.97
103	348	20	99.08
985	102	3	8.46
149	111	6	13.73
644	104	6	24.4
102	2361	6	37.83
140	9	5	4.49
3836	106	3	23.58
2322	587	3	42.04
12	267	18	37.9
115	446	15	120.28
103	5728	3	23.8
104	440	11	51.14
342	12	7	6.59
12	123	323	1427.01
12	296	46	234.1
107	3868	3	24.11
104	477	3	6.36
1792	14	3	5.34
957	59	3	20.74
160	941	3	26.11
294	829	5	58.58
2558	14	3	7.61
443	14	9	13.9
284	616	3	29.49
411	444	3	30.47
104	4058	5	42.39
112	142	14	49
476	152	3	20.82
1962	2835	3	50.2
111	112	12	16.04
213	410	3	24.72
1767	104	5	28.67
2055	12	4	12.03
945	101	3	6.45
120	2018	3	23.16
116	210	5	17.84
110	2382	5	43.15
239	148	48	574.12
703	139	3	21.23
1658	14	3	4.8
351	600	3	30.73
1436	111	3	19.28
1740	12	3	6.41
2320	107	4	30.05
121	1087	8	71.73
4832	140	3	34.34
151	129	3	7.06
878	1469	3	41.5
1297	126	13	154.92
785	2299	4	61.55
2381	14	3	6.72
380	101	4	4.69
1427	101	3	8.51
117	419	7	43.15
1341	104	11	82.18
127	129	6	12.78
2482	12	3	8.76
116	1080	3	18.22
762	12	4	5.19
210	252	3	21.11
2632	12	4	14.62
103	653	14	78.91
849	436	3	34.36
101	596	4	7.58
646	138	3	20.53
114	135	16	55.68
311	105	9	36.18
105	214	5	9.63
9	17	5	10.9
115	4193	3	28.57
792	12	5	8.9
410	102	3	4.07
119	1876	3	23.12
174	135	15	99.21
102	2658	4	21.72
1546	101	3	9.06
591	138	4	29.16
982	14	6	13.44
105	1481	3	14.17
105	1413	6	38.46
2505	1804	4	69.64
117	217	4	13.16
115	1875	5	42.79
261	1390	3	33.71
118	3897	3	26.71
560	102	6	18.55
605	118	5	30.43
101	211	6	4.17
101	314	5	6.02
124	485	3	15.83
105	572	4	14.47
108	960	7	49.06
8	274	8	32.07
8	59	14	23.66
101	651	5	12.35
1688	14	3	5.34
1760	147	3	27.87
3724	1182	3	49.94
3813	3006	3	56.17
57	12	55	64.79
349	104	4	8.26
752	379	5	60.4
115	1513	4	29.73
102	4497	3	18.91
1928	475	4	56.18
1839	106	4	27
125	1395	3	21.96
102	626	9	38.11
103	6271	3	23.8
345	14	8	7.07
153	450	4	29.98
5294	104	3	20.96
152	1431	4	38.99
149	128	4	10.45
114	652	3	15.07
108	330	10	54.63
165	119	65	570.23
185	136	3	11.19
1363	14	4	7.97
444	14	9	14.4
102	1798	3	11.44
2885	810	6	110.42
235	112	3	8.6
138	458	10	88.37
144	142	3	8.3
101	1829	3	9.68
7704	12	3	17.9
103	178	24	75.38
808	14	5	7.67
1847	1195	4	62.45
103	3031	3	15.6
3809	126	3	28.96
415	14	12	24.6
962	103	6	25.96
116	122	7	7.94
1547	14	6	18.81
1707	1107	5	80.63
112	544	14	114.21
103	370	14	59.52
103	430	16	80.69
1115	12	3	4.14
1068	12	3	4.14
8	182	5	9.66
126	1167	3	21.19
703	14	5	6.37
104	260	4	5.93
1512	14	4	8.69
4571	14	3	12.29
2345	14	3	6.72
2760	101	5	27.58
102	1458	9	56.75
333	403	3	28.1
139	3841	3	31.97
106	5910	3	30.28
713	486	3	33.99
2101	14	3	6.72
1458	138	3	25.08
104	2096	3	14.15
138	3322	3	30.24
1094	146	3	24.88
115	2101	4	33.03
6275	125	3	35.41
304	472	7	79.91
112	2320	4	32.57
12	1846	3	6.41
290	120	3	11.62
344	101	4	3.98
2069	14	3	5.97
103	624	10	46.29
123	235	3	10.92
1671	119	3	21.7
275	105	9	33.42
102	596	3	5.72
103	4499	3	19.34
734	12	4	5.19
304	121	4	18.43
383	102	11	40.46
1426	102	3	10.24
115	977	8	66.12
105	300	4	9.43
123	1579	3	22.38
1583	101	3	9.06
881	14	5	8.17
103	2191	3	13.41
102	5045	4	31.16
110	4898	3	27.73
104	3395	3	18.76
6763	14	3	16.66
929	14	6	12.66
308	14	10	10.33
118	173	3	5.89
101	175	10	8.58
423	59	4	23.97
108	1077	3	15.96
1274	107	5	34.14
1793	12	3	6.41
439	692	7	91.48
409	12	14	37.73
195	993	7	82.41
1528	102	11	85.71
4164	140	4	46.8
190	14	21	23.67
1113	14	4	6.23
2923	14	3	8.73
1500	102	3	10.24
116	2654	4	34.64
107	3075	5	45.97
115	1355	6	49.57
4227	14	4	22.22
126	59	5	8.63
2883	14	3	8.73
1710	14	3	5.34
317	119	9	57.24
1311	103	3	10.14
697	149	3	22.9
121	306	6	32.62
129	422	4	24.39
1264	396	4	51.26
112	1368	8	72.06
2712	104	3	15.99
119	388	10	71.65
1315	12	3	4.9
3154	12	3	9.9
138	332	5	32.57
1961	12	3	7.07
747	105	3	10.63
1474	14	4	7.97
169	322	5	39.04
3565	14	3	10.19
4582	101	3	17.06
164	113	4	8.81
102	824	15	97.51
119	1358	5	41.33
126	2818	7	83.31
137	111	4	4.23
103	501	3	5.33
214	613	3	27.08
12	3940	3	11.38
108	1341	3	16.91
1278	12	3	4.9
177	423	13	142.01
104	5856	3	25.43
104	3862	3	18.76
499	126	3	16.31
2679	14	3	7.61
103	1277	9	55.53
162	1435	6	68.22
212	452	3	25.26
166	716	8	84.67
102	3297	3	15.17
104	476	10	45.69
185	102	16	38.42
105	695	3	10.35
105	6905	3	27.48
109	924	5	30.97
1523	129	4	34.75
342	101	4	3.85
2390	14	3	6.72
104	4057	4	28.93
725	14	6	9.6
194	8	6	14.84
968	714	3	37.85
2694	130	3	27.59
706	105	4	16.15
4773	12	3	13.51
314	9	3	8.1
126	225	3	10.86
115	1244	7	59.3
534	12	5	5.67
2880	102	6	46.74
3279	109	5	46.03
187	224	4	27.21
103	722	11	57.23
4916	126	3	31.18
117	248	5	20.88
183	117	3	6.68
103	2495	3	14.4
3016	14	3	8.73
104	937	3	9.99
101	135	42	77.97
2797	113	5	46.39
117	1188	6	47.76
157	212	3	15.27
5121	103	3	19.34
234	791	5	55.23
102	104	80	20.9
122	6746	3	34.74
1828	12	9	47.32
113	167	3	5.21
195	140	7	41.02
119	2844	3	26.24
8	214	4	8.19
584	101	7	20.4
297	248	3	23.89
12	432	26	118.96
142	664	3	21.14
286	14	27	77.37
119	482	8	56.93
107	2734	3	21.3
570	136	3	19.39
1784	12	3	6.41
126	546	4	24.74
116	150	12	44.83
107	176	3	4.02
107	218	22	131.75
126	292	3	12.77
12	180	47	135.08
494	219	3	25.87
252	175	12	111.06
115	2841	3	24.77
108	263	3	7.59
104	363	8	27.92
108	146	39	203.94
134	121	10	30.8
587	102	3	5.72
115	365	15	111.96
9	12	228	349.23
3426	199	3	38.05
1440	104	5	26.29
195	2166	3	34
4980	104	4	33.91
1086	122	4	28.99
106	1155	3	15.88
115	1049	3	18.15
103	4608	3	19.34
961	119	4	27.59
1716	14	3	5.34
102	564	3	5.52
101	1353	3	8.02
154	102	10	7.87
2251	12	4	13.2
1322	12	8	30.94
102	309	5	8.12
218	137	4	19.29
12	1635	3	5.84
103	1016	3	8.86
102	2973	3	15.17
105	1297	6	37.17
105	1214	4	20.1
139	103	15	14.45
173	4456	3	38.22
1028	101	3	6.79
104	2065	3	14.15
103	5552	3	23.8
12	4382	4	23.87
101	279	8	13.87
119	1050	6	48.98
523	104	3	6.9
108	2241	6	52.71
104	844	3	9.32
670	135	3	20.29
301	12	8	7.66
470	105	3	8.17
852	14	5	7.67
124	396	6	38.2
115	2427	3	23.54
3600	14	3	10.19
113	322	3	10.78
129	3151	3	28.54
107	2159	3	20.29
207	621	3	26.87
1089	101	3	7.17
204	128	3	10.57
103	2130	4	20.8
106	220	4	9.51
947	1296	3	41.33
105	1300	3	13.64
117	325	3	11.29
1120	12	3	4.14
123	122	5	5.75
156	1465	3	27.47
110	124	7	7.5
2413	14	4	11.64
103	1884	5	27.46
12	789	4	5.52
102	1169	9	52.08
326	158	5	36.37
215	137	3	12.69
121	602	7	50.68
105	112	15	7.13
105	182	11	31.14
101	995	3	6.79
102	1782	4	17.95
102	1850	3	11.44
635	102	3	5.93
103	1375	11	80.46
12	131	310	1766.74
12	193	96	554.65
3956	14	3	10.19
327	47	4	49.25
121	1568	4	31.8
2373	14	4	11.64
103	2971	3	15.6
1027	14	5	9.31
102	914	3	7.77
168	218	3	16.88
771	440	12	180.54
227	156	3	16.07
1272	224	4	45.06
103	490	3	5.16
12	1217	4	8.16
103	414	4	7.84
209	212	3	19.39
909	14	4	4.94
7678	14	3	16.66
855	105	3	11.24
6692	14	3	16.66
112	6095	3	32.72
216	120	4	14.54
631	101	3	4.39
108	502	3	11.65
876	14	4	4.94
108	350	6	27.08
156	889	3	24.75
138	272	10	75.23
924	14	7	17.13
140	175	4	16.83
192	106	3	4.63
108	1561	5	36.31
1056	350	3	34.31
275	609	5	54.08
1773	12	3	6.41
476	125	24	248.49
122	571	3	16.05
3903	158	3	34.25
156	6973	3	40.94
1055	140	4	34.44
2392	101	3	11.2
12	5041	3	13.51
1134	105	3	13.16
327	130	3	15
4005	14	3	10.19
12	506	30	179.13
12	402	5	3.86
102	704	5	16.07
101	1939	4	16.59
570	102	3	5.52
111	213	7	28.81
12	1224	3	4.5
715	102	3	6.62
2559	101	4	19.28
1156	14	4	6.75
225	2022	3	34.58
103	946	11	65.46
145	306	8	62.05
102	196	65	390.28
193	122	5	18.98
102	133	34	66.83
119	1675	3	22.37
3322	736	3	45.68
157	181	4	20.38
279	111	3	9.66
205	285	3	21.96
170	544	5	44.89
5321	14	3	12.29
115	2434	4	34.56
619	14	6	8.21
201	119	11	60.73
103	1891	6	36.27
133	450	3	17.91
413	117	3	12.99
102	1220	8	43.45
126	1994	3	24.25
110	3812	4	37.96
1335	12	4	8.76
115	1676	4	30.68
484	6138	3	51.51
123	164	4	11.63
772	14	4	4.25
574	767	3	35.48
5986	14	3	16.66
2678	14	4	13.04
2560	14	3	7.61
7860	12	3	17.9
161	128	3	7.85
3722	1199	3	49.94
123	209	4	15.09
102	1203	9	52.08
12	743	16	72.97
2595	16	3	29.54
311	159	8	66.02
799	14	4	4.25
3761	14	3	10.19
104	1005	9	54.59
115	668	9	68.6
109	219	3	6.1
969	103	7	32.9
1522	14	6	18.81
104	2387	6	41.93
124	430	4	22.73
110	471	4	19.11
452	300	3	28.19
102	231	6	8.28
102	118	22	6.45
3732	104	4	28.93
103	1044	4	14.76
113	225	3	8.26
679	122	3	17.05
137	139	4	10.78
103	448	3	4.84
2126	14	3	6.72
1008	14	6	13.44
140	444	4	27.52
305	229	5	44.45
103	2822	7	55.55
1176	109	3	16.43
1700	102	3	11.44
116	277	4	15.5
3098	104	6	50.87
115	1510	3	20.24
267	104	5	9.42
186	788	6	63.59
165	429	5	42.16
102	1965	5	26.75
119	561	5	31.85
8	391	20	143.23
12	161	16	8.59
4475	14	3	12.29
109	984	3	15.56
2417	5537	3	60.63
164	513	4	33.34
249	442	5	49.96
116	7	3	14.72
877	105	3	11.57
145	1019	9	97.66
634	103	3	6.3
3102	14	3	8.73
85	1323	3	26.26
