6231	1
4306	2
3281	3
1921	4
205	5
4150	6
7308	7
3404	8
3120	9
323	10
6370	11
5345	12
7984	13
7310	14
7777	15
898	16
5080	17
552	18
2476	19
206	20
6099	21
80	22
5068	23
234	24
5621	25
425	26
263	27
6808	28
452	29
5061	30
5391	31
2684	32
6517	33
1670	34
5589	35
7951	36
7977	37
4133	38
3576	39
7558	40
2867	41
7501	42
1001	43
3353	44
471	45
6597	46
184	47
4555	48
4234	49
25	50
4188	51
6167	52
6832	53
4554	54
3523	55
5249	56
336	57
4531	58
3361	59
8381	60
7228	61
3848	62
6407	63
279	64
6888	65
6308	66
534	67
45	68
1003	69
653	70
5082	71
886	72
72	73
5620	74
3502	75
1074	76
3064	77
96	78
1474	79
2987	80
199	81
964	82
118	83
6816	84
3614	85
7602	86
3534	87
3895	88
3362	89
2368	90
1608	91
3387	92
7321	93
6248	94
7875	95
828	96
394	97
855	98
2013	99
6965	100
4426	101
8297	102
695	103
805	104
2643	105
7980	106
900	107
3777	108
2555	109
5	110
6908	111
7765	112
3535	113
2130	114
4922	115
4879	116
8534	117
4643	118
7330	119
7096	120
62	121
5793	122
6844	123
771	124
7049	125
81	126
1129	127
2721	128
4113	129
4549	130
2492	131
2664	132
3525	133
650	134
688	135
6091	136
1774	137
4121	138
8292	139
5277	140
8383	141
1316	142
7596	143
177	144
506	145
417	146
971	147
5020	148
6418	149
6045	150
7151	151
8332	152
657	153
8203	154
6637	155
8477	156
8471	157
2410	158
571	159
1298	160
6333	161
6452	162
1429	163
678	164
3027	165
7434	166
7458	167
833	168
125	169
6359	170
8512	171
3978	172
338	173
362	174
1735	175
2442	176
366	177
6956	178
4280	179
5571	180
7091	181
389	182
689	183
1118	184
5102	185
3269	186
4273	187
145	188
7479	189
4504	190
6485	191
8262	192
1079	193
2722	194
6142	195
6792	196
6624	197
3943	198
3117	199
1050	200
204	201
1925	202
3176	203
2391	204
1957	205
4715	206
8506	207
52	208
937	209
4369	210
5575	211
7825	212
2764	213
7324	214
5267	215
35	216
7099	217
2234	218
1396	219
1304	220
3265	221
4808	222
642	223
60	224
7426	225
1000	226
2241	227
7354	228
6237	229
666	230
1143	231
7699	232
4758	233
2763	234
5328	235
854	236
5918	237
5418	238
5602	239
814	240
22	241
208	242
7480	243
4046	244
4738	245
5390	246
96	247
7199	248
5752	249
3170	250
7734	251
6708	252
3334	253
7089	254
466	255
6058	256
379	257
5778	258
1949	259
2358	260
193	261
4703	262
7740	263
1461	264
3760	265
7679	266
4400	267
637	268
7162	269
7252	270
2594	271
2976	272
5285	273
5984	274
287	275
3245	276
8223	277
79	278
6048	279
6541	280
4389	281
314	282
1754	283
114	284
6516	285
3757	286
4799	287
2193	288
4856	289
276	290
4693	291
2950	292
4223	293
1967	294
5584	295
3577	296
8516	297
2276	298
906	299
1334	300
104	301
4108	302
7369	303
87	304
8301	305
6428	306
3208	307
3501	308
6404	309
5789	310
745	311
3940	312
7336	313
8365	314
3303	315
4938	316
2158	317
6011	318
13	319
8271	320
5770	321
853	322
8047	323
599	324
4718	325
5826	326
291	327
1627	328
6661	329
7552	330
2	331
2392	332
7283	333
5145	334
73	335
627	336
7692	337
8493	338
1543	339
841	340
1508	341
6185	342
6299	343
6143	344
3439	345
1859	346
8192	347
156	348
702	349
8504	350
4468	351
3368	352
7586	353
5	354
232	355
4206	356
36	357
480	358
7758	359
7763	360
4311	361
4868	362
3413	363
7475	364
5823	365
5056	366
1707	367
858	368
2958	369
5759	370
7182	371
3224	372
579	373
792	374
99	375
99	376
2030	377
6673	378
6670	379
128	380
896	381
7627	382
5592	383
1924	384
72	385
72	386
4577	387
236	388
1526	389
7564	390
3268	391
2126	392
66	393
1492	394
973	395
4695	396
902	397
6563	398
3248	399
389	400
987	401
1951	402
2416	403
107	404
4784	405
2997	406
1764	407
500	408
6	409
935	410
910	411
1490	412
2900	413
740	414
2378	415
7527	416
3096	417
612	418
5030	419
3051	420
205	421
4840	422
7484	423
8343	424
8390	425
4706	426
3321	427
6568	428
1458	429
843	430
1025	431
3770	432
7306	433
5515	434
1973	435
5284	436
211	437
3405	438
7839	439
7529	440
8463	441
1881	442
1684	443
940	444
1141	445
4748	446
2288	447
20	448
6709	449
2289	450
6858	451
6083	452
2985	453
6462	454
7312	455
5732	456
8119	457
7896	458
4052	459
4379	460
5567	461
426	462
4544	463
2469	464
2330	465
42	466
3382	467
693	468
6768	469
61	470
1623	471
6159	472
208	473
5795	474
7582	475
7119	476
1295	477
6954	478
4746	479
8269	480
468	481
342	482
5723	483
635	484
6992	485
5576	486
779	487
234	488
2161	489
1054	490
5489	491
150	492
6636	493
2221	494
5041	495
1071	496
710	497
1406	498
149	499
7536	500
2552	501
1691	502
7265	503
6115	504
1862	505
1699	506
3966	507
1830	508
7537	509
4057	510
6652	511
1469	512
1972	513
2250	514
7539	515
7760	516
7543	517
3670	518
3134	519
6391	520
7598	521
6950	522
5505	523
1123	524
2293	525
4615	526
278	527
4874	528
1327	529
289	530
2694	531
2325	532
6711	533
866	534
2121	535
1992	536
929	537
265	538
3716	539
6382	540
125	541
202	542
2817	543
6959	544
7419	545
141	546
1083	547
5953	548
2756	549
6262	550
2094	551
2206	552
4838	553
3783	554
7357	555
3909	556
6235	557
7269	558
8108	559
4434	560
3461	561
99	562
8136	563
5741	564
4232	565
2035	566
2860	567
6312	568
308	569
3329	570
3793	571
30	572
6388	573
3588	574
1227	575
6942	576
1477	577
4423	578
80	579
6658	580
4787	581
816	582
724	583
861	584
5149	585
903	586
391	587
903	588
99	589
5211	590
7253	591
3477	592
861	593
4736	594
5678	595
4168	596
2951	597
703	598
3644	599
3911	600
6489	601
6594	602
18	603
114	604
8375	605
5597	606
121	607
3882	608
4636	609
2456	610
8157	611
1612	612
1263	613
7554	614
295	615
3945	616
3195	617
1646	618
5503	619
7985	620
5695	621
8444	622
6861	623
3203	624
3694	625
5362	626
6994	627
5097	628
551	629
804	630
5886	631
4947	632
7285	633
1804	634
4920	635
3521	636
1702	637
7569	638
78	639
75	640
173	641
4888	642
353	643
4396	644
631	645
4386	646
4905	647
3290	648
1438	649
8299	650
3432	651
684	652
7055	653
1819	654
7281	655
95	656
4282	657
8540	658
2230	659
2367	660
4872	661
5254	662
146	663
6236	664
797	665
1257	666
5360	667
3448	668
938	669
1195	670
21	671
3465	672
758	673
7287	674
34	675
4906	676
3996	677
6367	678
6457	679
7508	680
4701	681
245	682
7105	683
2302	684
614	685
3157	686
7581	687
6982	688
144	689
4640	690
1470	691
3745	692
51	693
5033	694
7747	695
5125	696
4553	697
7906	698
814	699
533	700
431	701
3844	702
6987	703
424	704
1180	705
1577	706
544	707
414	708
377	709
7250	710
5768	711
7632	712
7716	713
4305	714
7803	715
7347	716
2148	717
3338	718
59	719
4175	720
4679	721
4236	722
88	723
6444	724
6570	725
954	726
983	727
7618	728
3443	729
492	730
2598	731
3299	732
3851	733
746	734
1436	735
6600	736
1404	737
2513	738
1437	739
623	740
1582	741
4568	742
6039	743
1402	744
3927	745
4529	746
4307	747
976	748
3300	749
3295	750
6941	751
2478	752
6225	753
3074	754
6732	755
5850	756
3603	757
30	758
640	759
1208	760
3965	761
6576	762
3763	763
5569	764
7780	765
3586	766
4586	767
4672	768
3799	769
5398	770
3476	771
628	772
3094	773
7428	774
6733	775
552	776
692	777
3354	778
2363	779
7415	780
3325	781
6612	782
1622	783
7397	784
935	785
192	786
4756	787
684	788
179	789
7418	790
3070	791
2242	792
3522	793
4688	794
6195	795
5996	796
7611	797
5880	798
175	799
2592	800
453	801
1001	802
7918	803
357	804
59	805
4798	806
949	807
2679	808
817	809
8270	810
469	811
469	812
3956	813
2187	814
7723	815
7605	816
1660	817
7819	818
7827	819
5499	820
472	821
5979	822
6546	823
8426	824
7487	825
420	826
6414	827
4628	828
7161	829
11	830
7637	831
6441	832
6302	833
5681	834
5194	835
294	836
6097	837
332	838
332	839
2267	840
4304	841
4138	842
6135	843
228	844
4128	845
4095	846
4049	847
7676	848
2053	849
17	850
17	851
5217	852
847	853
6628	854
7567	855
8213	856
285	857
8257	858
399	859
5712	860
1225	861
7277	862
8147	863
3114	864
7548	865
1362	866
3647	867
6885	868
921	869
694	870
838	871
6620	872
147	873
2112	874
7674	875
6737	876
2597	877
3414	878
5174	879
4780	880
1137	881
2637	882
161	883
589	884
1075	885
8277	886
4383	887
195	888
1487	889
2924	890
267	891
2423	892
2122	893
4432	894
1897	895
2204	896
2814	897
7682	898
7057	899
3693	900
2675	901
2609	902
1388	903
4578	904
324	905
18	906
2890	907
2999	908
6859	909
1390	910
131	911
511	912
1769	913
463	914
568	915
6279	916
1630	917
1383	918
2222	919
5720	920
2384	921
7384	922
5912	923
3284	924
4153	925
112	926
6371	927
514	928
1328	929
7546	930
154	931
958	932
1571	933
6481	934
6258	935
1199	936
23	937
151	938
3607	939
5324	940
4442	941
6211	942
4919	943
3429	944
1718	945
995	946
6128	947
3537	948
2474	949
2207	950
7871	951
173	952
582	953
177	954
1190	955
5237	956
700	957
85	958
537	959
6180	960
3138	961
265	962
7126	963
2347	964
4058	965
6089	966
1505	967
360	968
439	969
714	970
6931	971
5830	972
271	973
3714	974
6464	975
7176	976
6420	977
1676	978
1937	979
4737	980
872	981
8416	982
2166	983
8353	984
8502	985
7877	986
4245	987
4190	988
1711	989
7495	990
160	991
4366	992
26	993
4889	994
3654	995
6044	996
8	997
4901	998
1822	999
7695	1000
3929	1001
2903	1002
930	1003
1179	1004
6750	1005
1176	1006
2786	1007
6094	1008
7288	1009
402	1010
268	1011
5747	1012
4021	1013
4266	1014
14	1015
4255	1016
4059	1017
5689	1018
8	1019
7086	1020
3231	1021
4724	1022
7459	1023
833	1024
6473	1025
103	1026
923	1027
3182	1028
4169	1029
3786	1030
6105	1031
7686	1032
7693	1033
1212	1034
917	1035
246	1036
7101	1037
5519	1038
7206	1039
4180	1040
5347	1041
480	1042
834	1043
171	1044
602	1045
5433	1046
993	1047
2459	1048
901	1049
1444	1050
122	1051
6501	1052
888	1053
1828	1054
6229	1055
1081	1056
5945	1057
5891	1058
8123	1059
52	1060
3079	1061
1053	1062
3458	1063
5260	1064
459	1065
6335	1066
1015	1067
284	1068
3089	1069
4979	1070
5598	1071
2620	1072
4797	1073
7401	1074
209	1075
4764	1076
2995	1077
1614	1078
137	1079
123	1080
1397	1081
6699	1082
90	1083
959	1084
2176	1085
1657	1086
7883	1087
6385	1088
2408	1089
1931	1090
5099	1091
1652	1092
7270	1093
5187	1094
6207	1095
891	1096
1952	1097
2988	1098
8338	1099
860	1100
7145	1101
639	1102
7575	1103
7255	1104
3766	1105
4198	1106
2835	1107
5421	1108
4662	1109
737	1110
8194	1111
784	1112
3987	1113
4424	1114
52	1115
3871	1116
949	1117
8235	1118
4173	1119
7698	1120
2310	1121
8229	1122
933	1123
5898	1124
1014	1125
1064	1126
74	1127
5105	1128
157	1129
1782	1130
4388	1131
432	1132
4036	1133
6963	1134
465	1135
6715	1136
7551	1137
6900	1138
4776	1139
2623	1140
7891	1141
7271	1142
7530	1143
172	1144
1535	1145
996	1146
2429	1147
6383	1148
7387	1149
579	1150
28	1151
5541	1152
5511	1153
7597	1154
4669	1155
8145	1156
4812	1157
1147	1158
2521	1159
1579	1160
3234	1161
476	1162
4819	1163
821	1164
2090	1165
3687	1166
8304	1167
8021	1168
8347	1169
5019	1170
5046	1171
798	1172
4097	1173
677	1174
446	1175
329	1176
5	1177
813	1178
224	1179
7319	1180
3359	1181
609	1182
7512	1183
5897	1184
77	1185
1935	1186
2007	1187
1019	1188
848	1189
1226	1190
2768	1191
3047	1192
8096	1193
3239	1194
86	1195
6512	1196
7603	1197
6726	1198
3849	1199
7767	1200
6739	1201
4050	1202
1057	1203
3426	1204
845	1205
308	1206
2447	1207
31	1208
6772	1209
6890	1210
486	1211
21	1212
5813	1213
1890	1214
7589	1215
6184	1216
7059	1217
288	1218
7372	1219
5809	1220
283	1221
6553	1222
5617	1223
363	1224
2491	1225
8075	1226
4454	1227
4014	1228
4882	1229
4112	1230
575	1231
8	1232
4076	1233
2777	1234
3267	1235
4551	1236
8142	1237
3	1238
3562	1239
7533	1240
7400	1241
7391	1242
3641	1243
49	1244
8253	1245
5182	1246
5054	1247
1740	1248
7513	1249
3044	1250
2663	1251
8042	1252
6057	1253
501	1254
5533	1255
6363	1256
2917	1257
1667	1258
3497	1259
7807	1260
1759	1261
3480	1262
7768	1263
3279	1264
1926	1265
4565	1266
4296	1267
8	1268
7547	1269
5197	1270
4689	1271
1214	1272
3214	1273
6109	1274
1005	1275
907	1276
4686	1277
7320	1278
7932	1279
237	1280
5394	1281
6108	1282
5100	1283
364	1284
7668	1285
2077	1286
8196	1287
635	1288
226	1289
854	1290
1509	1291
4430	1292
7344	1293
2936	1294
7799	1295
2809	1296
16	1297
6544	1298
2175	1299
7187	1300
751	1301
4192	1302
34	1303
4993	1304
5448	1305
6974	1306
5762	1307
584	1308
8473	1309
7368	1310
183	1311
496	1312
5137	1313
595	1314
7713	1315
759	1316
597	1317
3646	1318
76	1319
6948	1320
3683	1321
3536	1322
927	1323
2060	1324
4881	1325
5651	1326
240	1327
519	1328
6996	1329
166	1330
595	1331
2278	1332
7949	1333
6683	1334
7593	1335
7403	1336
2736	1337
8067	1338
4829	1339
6579	1340
7958	1341
3411	1342
7034	1343
408	1344
2	1345
2036	1346
7587	1347
6883	1348
6272	1349
921	1350
2688	1351
2885	1352
4025	1353
2261	1354
5209	1355
8454	1356
3057	1357
2668	1358
5856	1359
2901	1360
7222	1361
7999	1362
21	1363
215	1364
169	1365
972	1366
1654	1367
5333	1368
2693	1369
6891	1370
6349	1371
7969	1372
5518	1373
6536	1374
4620	1375
5714	1376
3512	1377
3327	1378
5962	1379
1994	1380
5483	1381
6348	1382
915	1383
4403	1384
5838	1385
140	1386
8063	1387
6991	1388
1248	1389
2214	1390
1235	1391
6171	1392
6020	1393
1568	1394
44	1395
1264	1396
1953	1397
8449	1398
3258	1399
3289	1400
6782	1401
5199	1402
433	1403
4017	1404
8009	1405
5286	1406
772	1407
7815	1408
4982	1409
762	1410
5603	1411
8325	1412
518	1413
5370	1414
2313	1415
4977	1416
4211	1417
1856	1418
6533	1419
716	1420
2738	1421
7594	1422
7218	1423
3517	1424
1634	1425
6022	1426
2539	1427
1974	1428
3399	1429
4248	1430
5108	1431
2238	1432
6691	1433
7830	1434
6264	1435
3394	1436
1553	1437
1040	1438
7193	1439
8546	1440
1211	1441
3369	1442
7125	1443
3355	1444
5718	1445
7726	1446
578	1447
1107	1448
501	1449
1094	1450
1221	1451
237	1452
1889	1453
6122	1454
2841	1455
5022	1456
1732	1457
2000	1458
3084	1459
4	1460
67	1461
3309	1462
504	1463
1445	1464
768	1465
1126	1466
1371	1467
4459	1468
5663	1469
3304	1470
8039	1471
583	1472
4792	1473
8459	1474
932	1475
315	1476
111	1477
3326	1478
4674	1479
7541	1480
2875	1481
8093	1482
3352	1483
2399	1484
6822	1485
820	1486
576	1487
5429	1488
7254	1489
7455	1490
8103	1491
1556	1492
6651	1493
2800	1494
1845	1495
227	1496
5731	1497
8241	1498
809	1499
6578	1500
3293	1501
1215	1502
7323	1503
44	1504
6131	1505
2829	1506
5549	1507
2589	1508
7159	1509
1358	1510
3505	1511
1531	1512
4096	1513
3806	1514
434	1515
594	1516
1810	1517
18	1518
2346	1519
8478	1520
2541	1521
901	1522
3323	1523
3011	1524
789	1525
49	1526
249	1527
4148	1528
2858	1529
176	1530
1907	1531
7317	1532
5232	1533
95	1534
117	1535
12	1536
6192	1537
6601	1538
3489	1539
8289	1540
1361	1541
1182	1542
6937	1543
2499	1544
1977	1545
1101	1546
6508	1547
723	1548
318	1549
1625	1550
5553	1551
5716	1552
7709	1553
3526	1554
791	1555
7662	1556
6668	1557
194	1558
4270	1559
341	1560
3619	1561
8522	1562
722	1563
1687	1564
2571	1565
4777	1566
5383	1567
3009	1568
2106	1569
5220	1570
7291	1571
3639	1572
1448	1573
6725	1574
217	1575
6100	1576
6953	1577
176	1578
8542	1579
559	1580
5272	1581
7046	1582
555	1583
706	1584
1010	1585
2739	1586
4101	1587
2373	1588
1197	1589
7785	1590
3928	1591
468	1592
4999	1593
2439	1594
2577	1595
1272	1596
238	1597
5641	1598
548	1599
685	1600
2494	1601
295	1602
193	1603
5757	1604
7535	1605
2758	1606
8472	1607
149	1608
3935	1609
4102	1610
428	1611
2859	1612
7137	1613
5690	1614
3516	1615
7301	1616
6209	1617
2386	1618
3204	1619
6960	1620
4289	1621
659	1622
142	1623
884	1624
3153	1625
560	1626
3294	1627
175	1628
4419	1629
7748	1630
8521	1631
2560	1632
5205	1633
569	1634
7134	1635
5301	1636
1985	1637
936	1638
333	1639
687	1640
2172	1641
3930	1642
5668	1643
219	1644
536	1645
8461	1646
939	1647
5351	1648
8190	1649
243	1650
8000	1651
3507	1652
2681	1653
4604	1654
7565	1655
6669	1656
652	1657
3971	1658
2192	1659
5207	1660
5457	1661
3684	1662
479	1663
8177	1664
7836	1665
6671	1666
16	1667
1387	1668
6912	1669
77	1670
1330	1671
57	1672
6050	1673
2696	1674
3636	1675
189	1676
8411	1677
6002	1678
7179	1679
5412	1680
2676	1681
1462	1682
3337	1683
992	1684
846	1685
5355	1686
248	1687
2906	1688
6598	1689
1251	1690
8315	1691
41	1692
3640	1693
1048	1694
2939	1695
520	1696
1496	1697
4194	1698
3212	1699
3740	1700
5691	1701
3653	1702
4330	1703
4980	1704
198	1705
956	1706
2501	1707
141	1708
7447	1709
2889	1710
3587	1711
3199	1712
1751	1713
2422	1714
3995	1715
309	1716
5818	1717
4202	1718
2659	1719
563	1720
7412	1721
790	1722
2954	1723
8246	1724
4680	1725
459	1726
8510	1727
5195	1728
8359	1729
671	1730
2316	1731
64	1732
6922	1733
8505	1734
6860	1735
7779	1736
3983	1737
33	1738
5069	1739
8040	1740
1476	1741
2805	1742
7144	1743
761	1744
4084	1745
6665	1746
5091	1747
3469	1748
3145	1749
2205	1750
7349	1751
2670	1752
6088	1753
1097	1754
254	1755
6747	1756
8113	1757
6329	1758
378	1759
8249	1760
951	1761
4629	1762
381	1763
142	1764
7890	1765
5517	1766
7538	1767
6401	1768
5907	1769
1280	1770
8364	1771
4961	1772
4092	1773
6718	1774
5171	1775
5356	1776
5610	1777
7992	1778
505	1779
1960	1780
269	1781
1502	1782
5096	1783
593	1784
2893	1785
707	1786
2626	1787
1340	1788
4272	1789
2493	1790
7584	1791
5179	1792
1820	1793
6162	1794
5123	1795
755	1796
6754	1797
5767	1798
534	1799
4393	1800
820	1801
713	1802
4056	1803
3846	1804
8261	1805
5222	1806
3378	1807
3881	1808
2480	1809
144	1810
5227	1811
2690	1812
922	1813
608	1814
1662	1815
2436	1816
709	1817
5717	1818
411	1819
7667	1820
613	1821
7943	1822
336	1823
4187	1824
39	1825
6514	1826
3604	1827
2686	1828
7230	1829
7104	1830
4671	1831
4276	1832
3775	1833
1399	1834
2333	1835
1498	1836
6567	1837
3091	1838
822	1839
168	1840
7912	1841
2350	1842
4897	1843
3500	1844
6543	1845
966	1846
18	1847
5676	1848
3491	1849
1039	1850
4860	1851
7311	1852
3038	1853
6255	1854
8273	1855
3659	1856
6540	1857
6552	1858
109	1859
1506	1860
5940	1861
3328	1862
5582	1863
186	1864
859	1865
191	1866
2706	1867
6423	1868
7607	1869
6277	1870
5836	1871
7502	1872
7800	1873
438	1874
91	1875
7192	1876
5131	1877
3036	1878
1431	1879
373	1880
213	1881
8531	1882
7697	1883
617	1884
96	1885
6110	1886
2650	1887
7259	1888
683	1889
5133	1890
6810	1891
6774	1892
3779	1893
5313	1894
5538	1895
3257	1896
7024	1897
781	1898
4249	1899
6627	1900
5287	1901
5159	1902
7278	1903
294	1904
484	1905
8049	1906
6531	1907
1223	1908
1835	1909
7568	1910
17	1911
826	1912
7947	1913
1683	1914
225	1915
3098	1916
253	1917
7249	1918
7462	1919
275	1920
2449	1921
920	1922
84	1923
3416	1924
6840	1925
2916	1926
4032	1927
6293	1928
8387	1929
5269	1930
843	1931
6791	1932
8210	1933
130	1934
5596	1935
5943	1936
50	1937
1597	1938
6098	1939
108	1940
6046	1941
2190	1942
6633	1943
6824	1944
2788	1945
6981	1946
6104	1947
4456	1948
7540	1949
7544	1950
8415	1951
5586	1952
3890	1953
4077	1954
7315	1955
7264	1956
4339	1957
1491	1958
974	1959
458	1960
7466	1961
3125	1962
5371	1963
3569	1964
7579	1965
474	1966
2561	1967
864	1968
1465	1969
4205	1970
7570	1971
4563	1972
7373	1973
681	1974
4151	1975
992	1976
343	1977
1908	1978
5121	1979
6242	1980
3386	1981
3312	1982
5746	1983
879	1984
2801	1985
6412	1986
7719	1987
4349	1988
4445	1989
235	1990
4479	1991
8033	1992
2444	1993
5919	1994
4262	1995
5288	1996
5156	1997
2134	1998
5374	1999
2861	2000
6422	2001
16	2002
7224	2003
4875	2004
3677	2005
7011	2006
5344	2007
120	2008
5994	2009
7392	2010
28	2011
4583	2012
6787	2013
274	2014
69	2015
4958	2016
8041	2017
2545	2018
3029	2019
8384	2020
4274	2021
5851	2022
5821	2023
7774	2024
2396	2025
6411	2026
7522	2027
536	2028
5840	2029
3942	2030
1674	2031
1666	2032
2680	2033
2596	2034
3866	2035
4253	2036
801	2037
10	2038
7634	2039
651	2040
8272	2041
7110	2042
7	2043
879	2044
5881	2045
148	2046
4346	2047
2845	2048
353	2049
504	2050
877	2051
6409	2052
6107	2053
312	2054
4497	2055
5906	2056
7993	2057
370	2058
1184	2059
5970	2060
1941	2061
3172	2062
1884	2063
5162	2064
5158	2065
841	2066
3744	2067
2927	2068
4022	2069
179	2070
656	2071
3855	2072
1095	2073
7146	2074
7842	2075
1587	2076
4709	2077
8061	2078
698	2079
260	2080
3111	2081
589	2082
3440	2083
3437	2084
4287	2085
817	2086
7410	2087
8474	2088
3020	2089
6386	2090
372	2091
5615	2092
1541	2093
4852	2094
6911	2095
7280	2096
2481	2097
7970	2098
6111	2099
2904	2100
5722	2101
3175	2102
495	2103
5279	2104
640	2105
6	2106
6532	2107
4002	2108
603	2109
7095	2110
2953	2111
6656	2112
4858	2113
433	2114
4164	2115
3226	2116
1217	2117
499	2118
5686	2119
3186	2120
5928	2121
2873	2122
564	2123
256	2124
577	2125
1178	2126
1969	2127
2943	2128
6442	2129
163	2130
2008	2131
359	2132
1375	2133
2602	2134
4570	2135
67	2136
5588	2137
979	2138
6969	2139
165	2140
3	2141
525	2142
79	2143
6957	2144
5281	2145
4110	2146
8487	2147
164	2148
7688	2149
5501	2150
44	2151
7165	2152
5710	2153
331	2154
1713	2155
1583	2156
708	2157
7197	2158
4744	2159
8358	2160
790	2161
7263	2162
2292	2163
8465	2164
2870	2165
1640	2166
3065	2167
8352	2168
818	2169
7724	2170
5428	2171
5989	2172
5564	2173
2068	2174
84	2175
7795	2176
1850	2177
7988	2178
3946	2179
7974	2180
8068	2181
6294	2182
6280	2183
5537	2184
8037	2185
8228	2186
3365	2187
2164	2188
937	2189
1475	2190
127	2191
251	2192
272	2193
1785	2194
1609	2195
5225	2196
5330	2197
11	2198
1451	2199
735	2200
976	2201
8378	2202
3578	2203
3451	2204
8553	2205
4149	2206
4361	2207
29	2208
1894	2209
4191	2210
9	2211
581	2212
1204	2213
4542	2214
8178	2215
2911	2216
7608	2217
145	2218
5368	2219
1110	2220
664	2221
5101	2222
517	2223
5980	2224
3970	2225
4699	2226
528	2227
4440	2228
737	2229
1755	2230
2685	2231
1947	2232
5208	2233
8312	2234
7117	2235
8339	2236
5524	2237
936	2238
8318	2239
5275	2240
7040	2241
6285	2242
1559	2243
4360	2244
397	2245
7457	2246
3988	2247
7714	2248
5479	2249
4422	2250
129	2251
8141	2252
7730	2253
3213	2254
1858	2255
6380	2256
4240	2257
2388	2258
2506	2259
8098	2260
1481	2261
1524	2262
1021	2263
53	2264
9	2265
254	2266
7376	2267
31	2268
31	2269
1982	2270
31	2271
5968	2272
7332	2273
37	2274
61	2275
2017	2276
1729	2277
2123	2278
117	2279
853	2280
3948	2281
5935	2282
4099	2283
7652	2284
329	2285
5904	2286
2504	2287
1354	2288
1905	2289
615	2290
5164	2291
5833	2292
5405	2293
7650	2294
2300	2295
448	2296
6216	2297
7983	2298
31	2299
6222	2300
202	2301
5482	2302
7578	2303
6389	2304
3904	2305
3319	2306
7524	2307
7810	2308
1262	2309
716	2310
6347	2311
4728	2312
2509	2313
3286	2314
4546	2315
607	2316
330	2317
449	2318
2558	2319
3524	2320
1213	2321
3823	2322
5015	2323
45	2324
5372	2325
3178	2326
6797	2327
4461	2328
6752	2329
2142	2330
998	2331
5397	2332
1635	2333
7093	2334
1724	2335
6188	2336
1380	2337
4414	2338
5316	2339
178	2340
138	2341
1011	2342
3072	2343
6021	2344
2962	2345
68	2346
4047	2347
906	2348
7085	2349
2944	2350
4436	2351
2311	2352
121	2353
2957	2354
113	2355
2037	2356
1165	2357
8439	2358
53	2359
4708	2360
416	2361
467	2362
81	2363
2129	2364
4260	2365
1680	2366
3454	2367
6842	2368
1763	2369
1717	2370
616	2371
7661	2372
5868	2373
8490	2374
654	2375
15	2376
6343	2377
3140	2378
2180	2379
8035	2380
1066	2381
2202	2382
1768	2383
5985	2384
8528	2385
2748	2386
12	2387
4013	2388
5909	2389
472	2390
692	2391
2500	2392
359	2393
1031	2394
4216	2395
6012	2396
2968	2397
1638	2398
4033	2399
2505	2400
5743	2401
3190	2402
2630	2403
3772	2404
786	2405
5765	2406
337	2407
1310	2408
395	2409
6769	2410
5384	2411
1435	2412
6705	2413
2804	2414
6848	2415
4455	2416
5302	2417
5876	2418
151	2419
5067	2420
5934	2421
2581	2422
5872	2423
1775	2424
2810	2425
2607	2426
1398	2427
4004	2428
1728	2429
744	2430
5449	2431
1183	2432
1196	2433
1467	2434
2338	2435
1479	2436
393	2437
3864	2438
4887	2439
7746	2440
3951	2441
7018	2442
8484	2443
425	2444
6161	2445
6745	2446
6230	2447
3078	2448
4105	2449
235	2450
119	2451
6275	2452
3228	2453
4122	2454
2898	2455
2511	2456
6522	2457
100	2458
211	2459
1220	2460
3188	2461
7367	2462
7241	2463
590	2464
7361	2465
5744	2466
3808	2467
5786	2468
4579	2469
1000	2470
5481	2471
8525	2472
8486	2473
7485	2474
5977	2475
100	2476
456	2477
1991	2478
805	2479
2865	2480
2458	2481
5425	2482
5837	2483
5247	2484
1209	2485
55	2486
48	2487
1878	2488
8435	2489
5204	2490
3393	2491
827	2492
139	2493
7623	2494
738	2495
166	2496
3252	2497
7778	2498
545	2499
4816	2500
3560	2501
2101	2502
5534	2503
7276	2504
8456	2505
27	2506
3920	2507
3092	2508
7235	2509
7112	2510
305	2511
4877	2512
4023	2513
8382	2514
5037	2515
5643	2516
349	2517
1939	2518
6303	2519
134	2520
1473	2521
3755	2522
7892	2523
8351	2524
2177	2525
224	2526
2376	2527
4166	2528
126	2529
155	2530
281	2531
305	2532
5017	2533
5357	2534
1521	2535
8211	2536
2606	2537
1307	2538
8515	2539
7722	2540
4127	2541
5952	2542
6004	2543
19	2544
71	2545
6358	2546
1052	2547
5278	2548
7231	2549
4937	2550
9	2551
7394	2552
2530	2553
197	2554
253	2555
3531	2556
1663	2557
2438	2558
6679	2559
6278	2560
2220	2561
6817	2562
7828	2563
8344	2564
5572	2565
1697	2566
4902	2567
7635	2568
4326	2569
162	2570
350	2571
5975	2572
5981	2573
213	2574
1139	2575
7260	2576
6972	2577
4123	2578
8174	2579
2332	2580
2743	2581
1517	2582
5291	2583
1966	2584
3455	2585
4957	2586
2821	2587
7685	2588
8413	2589
3498	2590
181	2591
210	2592
3385	2593
3256	2594
649	2595
576	2596
1	2597
1794	2598
8090	2599
5052	2600
6831	2601
2466	2602
5563	2603
4091	2604
3139	2605
4540	2606
312	2607
4478	2608
4575	2609
3567	2610
7677	2611
4795	2612
3018	2613
3579	2614
2848	2615
7171	2616
7860	2617
24	2618
2118	2619
4484	2620
6505	2621
1678	2622
3380	2623
1560	2624
930	2625
522	2626
850	2627
1278	2628
997	2629
551	2630
6998	2631
7700	2632
1065	2633
4653	2634
5574	2635
1975	2636
6491	2637
720	2638
3728	2639
6643	2640
1933	2641
862	2642
715	2643
7525	2644
2550	2645
7498	2646
95	2647
677	2648
1170	2649
1	2650
943	2651
316	2652
220	2653
8115	2654
187	2655
2146	2656
4638	2657
6447	2658
7820	2659
3529	2660
7452	2661
1320	2662
73	2663
8545	2664
490	2665
4704	2666
6906	2667
5927	2668
970	2669
1394	2670
5153	2671
444	2672
3193	2673
840	2674
1128	2675
3938	2676
1885	2677
2869	2678
2455	2679
954	2680
470	2681
892	2682
64	2683
8458	2684
4933	2685
823	2686
531	2687
52	2688
943	2689
3128	2690
6901	2691
4743	2692
3705	2693
6988	2694
214	2695
644	2696
641	2697
493	2698
997	2699
1871	2700
241	2701
818	2702
540	2703
993	2704
3285	2705
2479	2706
750	2707
8283	2708
2621	2709
7017	2710
432	2711
5972	2712
939	2713
8084	2714
1499	2715
4834	2716
6904	2717
544	2718
3492	2719
4722	2720
7360	2721
4466	2722
4767	2723
3045	2724
3310	2725
4048	2726
2583	2727
554	2728
6215	2729
6898	2730
242	2731
196	2732
221	2733
140	2734
919	2735
2009	2736
334	2737
2695	2738
4603	2739
3655	2740
2972	2741
2883	2742
2824	2743
1321	2744
6882	2745
4786	2746
138	2747
8151	2748
8310	2749
636	2750
3791	2751
7885	2752
83	2753
2790	2754
902	2755
4308	2756
3519	2757
232	2758
767	2759
78	2760
3892	2761
102	2762
2247	2763
2371	2764
5115	2765
14	2766
683	2767
8206	2768
6899	2769
85	2770
25	2771
6738	2772
5290	2773
4038	2774
3528	2775
164	2776
3474	2777
48	2778
8412	2779
1698	2780
2712	2781
6938	2782
6903	2783
3076	2784
13	2785
3638	2786
940	2787
941	2788
263	2789
5032	2790
2947	2791
4392	2792
664	2793
293	2794
475	2795
5605	2796
194	2797
8238	2798
7450	2799
2896	2800
5395	2801
3307	2802
1344	2803
5400	2804
154	2805
1376	2806
982	2807
65	2808
6686	2809
7940	2810
3758	2811
3511	2812
7262	2813
4472	2814
2483	2815
7829	2816
157	2817
229	2818
1145	2819
3551	2820
5937	2821
1	2822
43	2823
3417	2824
494	2825
222	2826
1302	2827
3095	2828
950	2829
514	2830
7233	2831
3795	2832
2145	2833
339	2834
1513	2835
5506	2836
497	2837
4813	2838
4532	2839
74	2840
2340	2841
301	2842
6486	2843
3527	2844
524	2845
1913	2846
3462	2847
5829	2848
4772	2849
345	2850
3746	2851
513	2852
2578	2853
2104	2854
8135	2855
3471	2856
7346	2857
4336	2858
6838	2859
2209	2860
3340	2861
7016	2862
59	2863
194	2864
4000	2865
5160	2866
3104	2867
6825	2868
460	2869
5908	2870
3475	2871
299	2872
87	2873
279	2874
4655	2875
7499	2876
94	2877
41	2878
145	2879
509	2880
4832	2881
2113	2882
317	2883
647	2884
1523	2885
429	2886
3019	2887
5202	2888
869	2889
7831	2890
540	2891
6437	2892
4954	2893
728	2894
2282	2895
4969	2896
775	2897
4	2898
7129	2899
4450	2900
5363	2901
6910	2902
2018	2903
1082	2904
575	2905
378	2906
5964	2907
2264	2908
6729	2909
3680	2910
2716	2911
6717	2912
7031	2913
4230	2914
5871	2915
952	2916
1046	2917
4284	2918
5233	2919
2475	2920
5804	2921
328	2922
3103	2923
4020	2924
4290	2925
811	2926
7465	2927
904	2928
4940	2929
58	2930
181	2931
5726	2932
422	2933
5565	2934
56	2935
2178	2936
752	2937
5292	2938
5293	2939
5298	2940
7789	2941
772	2942
1281	2943
5296	2944
170	2945
1715	2946
2613	2947
199	2948
7170	2949
1756	2950
8376	2951
8050	2952
5440	2953
528	2954
8469	2955
2042	2956
1997	2957
1984	2958
6547	2959
88	2960
878	2961
51	2962
784	2963
6722	2964
2603	2965
2409	2966
657	2967
4140	2968
4750	2969
6758	2970
7944	2971
3568	2972
2847	2973
5629	2974
656	2975
803	2976
1484	2977
3108	2978
4891	2979
257	2980
4429	2981
3611	2982
371	2983
191	2984
26	2985
532	2986
1163	2987
5341	2988
4136	2989
908	2990
25	2991
7274	2992
8080	2993
7473	2994
275	2995
2798	2996
7972	2997
5963	2998
1241	2999
8248	3000
1309	3001
4726	3002
7043	3003
106	3004
5509	3005
317	3006
3062	3007
4293	3008
600	3009
1846	3010
358	3011
1086	3012
8400	3013
890	3014
4842	3015
1958	3016
7696	3017
5445	3018
238	3019
71	3020
7879	3021
4974	3022
503	3023
4051	3024
711	3025
55	3026
6155	3027
165	3028
744	3029
532	3030
4364	3031
3803	3032
6655	3033
1228	3034
749	3035
5777	3036
1537	3037
1544	3038
5877	3039
8517	3040
3101	3041
258	3042
8543	3043
1305	3044
6043	3045
1948	3046
5036	3047
4209	3048
213	3049
4592	3050
6846	3051
6854	3052
1669	3053
1265	3054
703	3055
7616	3056
1339	3057
777	3058
156	3059
8323	3060
655	3061
6470	3062
1056	3063
2414	3064
6964	3065
5784	3066
5848	3067
7851	3068
7742	3069
1385	3070
5502	3071
5189	3072
5632	3073
5255	3074
2128	3075
5084	3076
227	3077
6865	3078
1860	3079
7678	3080
3467	3081
2232	3082
2975	3083
6208	3084
488	3085
1550	3086
1703	3087
6484	3088
6193	3089
957	3090
2703	3091
7794	3092
2329	3093
6387	3094
2328	3095
8133	3096
3822	3097
7116	3098
5983	3099
128	3100
7894	3101
4044	3102
1415	3103
8385	3104
5300	3105
3241	3106
1833	3107
8186	3108
1156	3109
7130	3110
5000	3111
3805	3112
4147	3113
7243	3114
3233	3115
437	3116
571	3117
2516	3118
862	3119
6436	3120
6463	3121
6976	3122
889	3123
3749	3124
8422	3125
6962	3126
4734	3127
7173	3128
2012	3129
605	3130
200	3131
6376	3132
3969	3133
1693	3134
726	3135
6897	3136
411	3137
1187	3138
4631	3139
129	3140
2923	3141
4809	3142
2615	3143
7671	3144
4668	3145
8417	3146
6471	3147
6073	3148
1664	3149
3875	3150
83	3151
19	3152
6800	3153
3016	3154
2618	3155
6396	3156
1154	3157
7914	3158
8152	3159
5774	3160
6520	3161
618	3162
4374	3163
6590	3164
7037	3165
5327	3166
5138	3167
3870	3168
4185	3169
3147	3170
2991	3171
754	3172
6361	3173
3518	3174
2629	3175
457	3176
2994	3177
1395	3178
5226	3179
466	3180
7123	3181
3959	3182
4170	3183
6741	3184
6051	3185
5235	3186
1450	3187
8379	3188
5043	3189
535	3190
498	3191
4854	3192
1528	3193
5070	3194
660	3195
3415	3196
8202	3197
5385	3198
116	3199
116	3200
2041	3201
6268	3202
5387	3203
5392	3204
4462	3205
6263	3206
2588	3207
1059	3208
5577	3209
1869	3210
1516	3211
3939	3212
6157	3213
7062	3214
7186	3215
29	3216
6399	3217
6573	3218
57	3219
487	3220
2815	3221
4623	3222
8143	3223
8060	3224
704	3225
3950	3226
6147	3227
770	3228
4492	3229
184	3230
4491	3231
18	3232
3083	3233
361	3234
4016	3235
6324	3236
2056	3237
7666	3238
376	3239
7812	3240
5399	3241
8377	3242
768	3243
481	3244
6034	3245
187	3246
4303	3247
61	3248
2039	3249
6811	3250
7399	3251
4766	3252
2272	3253
5057	3254
2910	3255
5638	3256
3994	3257
4315	3258
2744	3259
8268	3260
7624	3261
2489	3262
8195	3263
3123	3264
5649	3265
2001	3266
2584	3267
1441	3268
5750	3269
1106	3270
4137	3271
2014	3272
290	3273
1826	3274
1945	3275
1381	3276
884	3277
7232	3278
3543	3279
1910	3280
8121	3281
6482	3282
4826	3283
8232	3284
3341	3285
6727	3286
93	3287
8044	3288
1	3289
10	3290
3230	3291
3277	3292
4716	3293
346	3294
2528	3295
3860	3296
6282	3297
222	3298
5176	3299
1987	3300
8324	3301
227	3302
304	3303
161	3304
2087	3305
5382	3306
978	3307
5339	3308
7414	3309
28	3310
5512	3311
4580	3312
5922	3313
267	3314
6035	3315
3364	3316
1594	3317
3409	3318
5817	3319
5196	3320
4929	3321
4894	3322
47	3323
8110	3324
402	3325
4355	3326
2683	3327
6113	3328
2075	3329
7878	3330
4312	3331
4300	3332
6005	3333
3575	3334
272	3335
5654	3336
4171	3337
2498	3338
2095	3339
947	3340
124	3341
7649	3342
1032	3343
412	3344
8059	3345
203	3346
685	3347
203	3348
1233	3349
8250	3350
2361	3351
84	3352
8170	3353
5024	3354
7897	3355
2701	3356
5810	3357
806	3358
7998	3359
7613	3360
66	3361
2710	3362
4605	3363
4486	3364
5402	3365
4378	3366
585	3367
1255	3368
4431	3369
754	3370
5873	3371
3350	3372
8150	3373
6826	3374
3177	3375
2638	3376
436	3377
1091	3378
326	3379
1286	3380
7873	3381
6674	3382
786	3383
2179	3384
793	3385
8467	3386
7931	3387
1989	3388
810	3389
7453	3390
601	3391
4144	3392
960	3393
2926	3394
5704	3395
732	3396
4141	3397
2591	3398
6763	3399
1104	3400
620	3401
8101	3402
662	3403
1108	3404
3316	3405
6909	3406
6077	3407
3656	3408
3113	3409
6290	3410
7172	3411
7289	3412
120	3413
5478	3414
4562	3415
6080	3416
6935	3417
6986	3418
734	3419
4476	3420
3081	3421
4949	3422
5312	3423
1417	3424
1007	3425
3899	3426
728	3427
4467	3428
491	3429
2212	3430
361	3431
1749	3432
189	3433
6632	3434
6040	3435
6134	3436
4931	3437
1382	3438
607	3439
5322	3440
5305	3441
1440	3442
4917	3443
4439	3444
7236	3445
325	3446
6037	3447
4652	3448
8302	3449
7712	3450
44	3451
5034	3452
1348	3453
3566	3454
463	3455
1798	3456
660	3457
5947	3458
689	3459
6173	3460
2531	3461
2780	3462
5331	3463
1271	3464
1843	3465
1677	3466
41	3467
3457	3468
5995	3469
3305	3470
8259	3471
5414	3472
8445	3473
2750	3474
5419	3475
5420	3476
8095	3477
5332	3478
6296	3479
3232	3480
7166	3481
2287	3482
5431	3483
5827	3484
8488	3485
1323	3486
4928	3487
16	3488
4139	3489
8002	3490
5439	3491
3925	3492
869	3493
4713	3494
5595	3495
4964	3496
2446	3497
1855	3498
909	3499
1207	3500
5925	3501
761	3502
1155	3503
5941	3504
2673	3505
5268	3506
774	3507
7	3508
6397	3509
2732	3510
4060	3511
3363	3512
4711	3513
897	3514
2850	3515
5253	3516
3210	3517
1916	3518
41	3519
7956	3520
1873	3521
517	3522
2253	3523
6000	3524
7874	3525
6893	3526
133	3527
6587	3528
7430	3529
1777	3530
37	3531
4078	3532
2797	3533
354	3534
13	3535
5354	3536
1044	3537
3552	3538
2092	3539
1539	3540
1962	3541
5559	3542
1892	3543
5843	3544
6146	3545
1088	3546
4950	3547
81	3548
496	3549
6724	3550
3751	3551
6716	3552
298	3553
6362	3554
8374	3555
5242	3556
641	3557
5444	3558
3105	3559
3444	3560
3181	3561
8371	3562
1253	3563
1988	3564
5657	3565
6117	3566
1386	3567
4131	3568
3428	3569
6373	3570
4935	3571
8337	3572
1766	3573
8168	3574
4477	3575
4508	3576
1080	3577
6958	3578
6	3579
428	3580
347	3581
952	3582
397	3583
9	3584
1572	3585
8131	3586
6830	3587
2021	3588
5892	3589
7492	3590
7664	3591
851	3592
7791	3593
5365	3594
8081	3595
2003	3596
6751	3597
1424	3598
8077	3599
837	3600
7684	3601
4818	3602
4412	3603
2813	3604
5416	3605
3122	3606
2496	3607
7766	3608
1548	3609
6970	3610
3485	3611
6270	3612
701	3613
6313	3614
5627	3615
155	3616
895	3617
1567	3618
8083	3619
2269	3620
4135	3621
3	3622
725	3623
5491	3624
6433	3625
7	3626
130	3627
5494	3628
5495	3629
2760	3630
645	3631
2520	3632
965	3633
564	3634
6038	3635
658	3636
655	3637
5006	3638
6405	3639
4526	3640
4154	3641
5583	3642
1460	3643
4162	3644
5467	3645
6198	3646
8541	3647
913	3648
5507	3649
4251	3650
5508	3651
2857	3652
6016	3653
7094	3654
3320	3655
4585	3656
3163	3657
6585	3658
5659	3659
541	3660
1708	3661
5002	3662
7147	3663
1042	3664
8082	3665
5529	3666
490	3667
2640	3668
1914	3669
7675	3670
7131	3671
6377	3672
1923	3673
5801	3674
4119	3675
4363	3676
1818	3677
4107	3678
1893	3679
2141	3680
4156	3681
2647	3682
4912	3683
8419	3684
2435	3685
1799	3686
2784	3687
596	3688
824	3689
5857	3690
2467	3691
1770	3692
105	3693
1817	3694
8193	3695
4723	3696
1783	3697
797	3698
2262	3699
2163	3700
7092	3701
310	3702
6341	3703
7997	3704
5682	3705
2169	3706
4233	3707
7079	3708
6126	3709
3563	3710
626	3711
4572	3712
4042	3713
553	3714
2774	3715
3900	3716
7600	3717
1449	3718
351	3719
3564	3720
4083	3721
392	3722
4160	3723
574	3724
6634	3725
763	3726
1070	3727
50	3728
2579	3729
791	3730
6354	3731
5551	3732
1940	3733
3868	3734
241	3735
2395	3736
6001	3737
1525	3738
597	3739
806	3740
963	3741
4517	3742
7821	3743
2632	3744
612	3745
885	3746
2941	3747
3043	3748
6856	3749
6784	3750
1292	3751
1866	3752
75	3753
494	3754
5558	3755
8406	3756
894	3757
5672	3758
6355	3759
5562	3760
1615	3761
5961	3762
8260	3763
4621	3764
6336	3765
5426	3766
780	3767
958	3768
510	3769
5539	3770
6677	3771
665	3772
7234	3773
8305	3774
4870	3775
627	3776
5772	3777
967	3778
591	3779
6267	3780
6233	3781
1603	3782
4219	3783
3201	3784
188	3785
690	3786
3391	3787
427	3788
7025	3789
4470	3790
448	3791
7225	3792
3826	3793
3896	3794
1148	3795
34	3796
306	3797
8237	3798
218	3799
4408	3800
49	3801
8189	3802
270	3803
5685	3804
6876	3805
4967	3806
481	3807
138	3808
50	3809
6672	3810
5126	3811
4619	3812
698	3813
297	3814
6801	3815
676	3816
7433	3817
8027	3818
3856	3819
48	3820
2956	3821
7468	3822
7374	3823
1695	3824
24	3825
42	3826
231	3827
5326	3828
3769	3829
567	3830
567	3831
2700	3832
4090	3833
5359	3834
8552	3835
6688	3836
2078	3837
989	3838
234	3839
6494	3840
5680	3841
8492	3842
1	3843
948	3844
2348	3845
6449	3846
197	3847
3748	3848
5522	3849
712	3850
6723	3851
1901	3852
5611	3853
2726	3854
6519	3855
967	3856
249	3857
84	3858
1540	3859
2033	3860
6641	3861
7844	3862
5248	3863
5294	3864
7010	3865
3118	3866
2782	3867
300	3868
180	3869
7050	3870
244	3871
5799	3872
3612	3873
7639	3874
210	3875
61	3876
8209	3877
3840	3878
3944	3879
244	3880
7098	3881
241	3882
7681	3883
4647	3884
264	3885
91	3886
3494	3887
8388	3888
2025	3889
6666	3890
630	3891
6623	3892
6913	3893
6648	3894
3022	3895
6314	3896
5216	3897
2345	3898
100	3899
6103	3900
2487	3901
979	3902
422	3903
421	3904
1027	3905
286	3906
775	3907
1317	3908
2453	3909
5914	3910
6106	3911
5729	3912
626	3913
887	3914
4762	3915
3820	3916
6326	3917
1591	3918
5585	3919
6060	3920
1294	3921
3433	3922
7497	3923
2979	3924
4835	3925
5023	3926
7816	3927
3136	3928
4195	3929
233	3930
1022	3931
4700	3932
256	3933
623	3934
89	3935
89	3936
6999	3937
7474	3938
7843	3939
3396	3940
5728	3941
5148	3942
2692	3943
5021	3944
1261	3945
78	3946
634	3947
2587	3948
6082	3949
839	3950
5581	3951
292	3952
5709	3953
5152	3954
6119	3955
8389	3956
7643	3957
5185	3958
7313	3959
6062	3960
3	3961
6166	3962
2844	3963
6836	3964
1995	3965
5259	3966
4297	3967
7314	3968
4275	3969
3663	3970
8274	3971
5855	3972
6443	3973
1373	3974
4215	3975
3941	3976
2407	3977
166	3978
5349	3979
6244	3980
1739	3981
7132	3982
7862	3983
322	3984
4932	3985
2497	3986
5622	3987
3975	3988
7574	3989
1127	3990
1642	3991
223	3992
7880	3993
550	3994
968	3995
6704	3996
1379	3997
5626	3998
6584	3999
5295	4000
3934	4001
6260	4002
118	4003
2980	4004
300	4005
6271	4006
3540	4007
4093	4008
187	4009
4246	4010
6342	4011
2326	4012
4989	4013
6438	4014
3585	4015
2580	4016
8164	4017
518	4018
5645	4019
3678	4020
4181	4021
2309	4022
6521	4023
6175	4024
7102	4025
8159	4026
6880	4027
224	4028
6877	4029
3617	4030
5464	4031
2181	4032
1938	4033
3635	4034
3753	4035
401	4036
2116	4037
3430	4038
7916	4039
7771	4040
4457	4041
8443	4042
1842	4043
256	4044
6027	4045
7715	4046
6653	4047
6852	4048
4601	4049
19	4050
1512	4051
3555	4052
5578	4053
5866	4054
743	4055
2394	4056
6	4057
1237	4058
2627	4059
3633	4060
5373	4061
5477	4062
6338	4063
4015	4064
7710	4065
6498	4066
4803	4067
5650	4068
5658	4069
5660	4070
5422	4071
3709	4072
7741	4073
5642	4074
658	4075
5879	4076
871	4077
307	4078
5665	4079
608	4080
3601	4081
2437	4082
8362	4083
7549	4084
1584	4085
6804	4086
2851	4087
6682	4088
5666	4089
2863	4090
485	4091
2080	4092
482	4093
7733	4094
8360	4095
7566	4096
195	4097
6799	4098
125	4099
745	4100
3002	4101
3030	4102
1519	4103
5136	4104
8122	4105
7921	4106
3836	4107
4130	4108
560	4109
1442	4110
47	4111
5684	4112
4558	4113
8501	4114
4448	4115
7431	4116
281	4117
3883	4118
3509	4119
233	4120
4291	4121
5699	4122
4079	4123
573	4124
162	4125
4039	4126
7470	4127
6675	4128
7337	4129
7889	4130
2319	4131
614	4132
2061	4133
1350	4134
696	4135
5694	4136
118	4137
5865	4138
7000	4139
27	4140
3660	4141
6979	4142
1806	4143
2028	4144
5435	4145
2334	4146
8370	4147
3453	4148
5459	4149
813	4150
3012	4151
7962	4152
7784	4153
5745	4154
3037	4155
4417	4156
342	4157
8216	4158
1353	4159
2418	4160
5954	4161
960	4162
7633	4163
290	4164
5662	4165
7097	4166
3732	4167
5072	4168
2270	4169
7905	4170
5238	4171
7858	4172
1633	4173
3583	4174
766	4175
5594	4176
5221	4177
3602	4178
8222	4179
2740	4180
4690	4181
1301	4182
8550	4183
1374	4184
984	4185
8252	4186
203	4187
2131	4188
873	4189
5113	4190
1153	4191
4302	4192
633	4193
8308	4194
2156	4195
3787	4196
152	4197
3650	4198
1206	4199
1726	4200
875	4201
80	4202
2769	4203
4547	4204
760	4205
6503	4206
7876	4207
4352	4208
1685	4209
6301	4210
4519	4211
3263	4212
4886	4213
507	4214
7302	4215
3986	4216
146	4217
3346	4218
539	4219
2518	4220
5859	4221
4435	4222
70	4223
991	4224
1555	4225
7521	4226
5437	4227
2731	4228
2905	4229
3937	4230
7	4231
742	4232
1035	4233
215	4234
7818	4235
7393	4236
2699	4237
6499	4238
2186	4239
7824	4240
8	4241
2665	4242
3918	4243
7826	4244
3651	4245
4590	4246
6730	4247
5314	4248
815	4249
1510	4250
6042	4251
808	4252
1956	4253
4	4254
6773	4255
5711	4256
735	4257
4328	4258
473	4259
3997	4260
900	4261
2133	4262
4839	4263
3915	4264
739	4265
6132	4266
2059	4267
335	4268
568	4269
7326	4270
7353	4271
5915	4272
1356	4273
195	4274
4196	4275
6474	4276
2353	4277
26	4278
3287	4279
5055	4280
462	4281
8495	4282
429	4283
4939	4284
4707	4285
3711	4286
4942	4287
870	4288
5929	4289
3545	4290
3858	4291
8509	4292
2393	4293
8404	4294
720	4295
7356	4296
1964	4297
4934	4298
1175	4299
4613	4300
1116	4301
7739	4302
8303	4303
1134	4304
98	4305
190	4306
190	4307
3379	4308
2484	4309
649	4310
1610	4311
1686	4312
4471	4313
6805	4314
2785	4315
1037	4316
6287	4317
667	4318
697	4319
6408	4320
2884	4321
1580	4322
3541	4323
1898	4324
1364	4325
242	4326
6145	4327
3824	4328
682	4329
3818	4330
42	4331
1342	4332
2902	4333
3807	4334
368	4335
3816	4336
5647	4337
3891	4338
5317	4339
1831	4340
4125	4341
6619	4342
3762	4343
9	4344
8072	4345
7954	4346
4244	4347
1980	4348
4683	4349
1520	4350
3115	4351
4725	4352
2502	4353
8544	4354
3704	4355
248	4356
3830	4357
4309	4358
6366	4359
7061	4360
1564	4361
4880	4362
2303	4363
214	4364
4481	4365
407	4366
14	4367
6227	4368
7601	4369
8293	4370
3790	4371
3984	4372
162	4373
592	4374
592	4375
1254	4376
590	4377
8212	4378
931	4379
13	4380
5523	4381
247	4382
5808	4383
2016	4384
3400	4385
6468	4386
606	4387
4221	4388
4927	4389
5775	4390
7464	4391
4588	4392
7477	4393
1619	4394
38	4395
3630	4396
5715	4397
2191	4398
5751	4399
7366	4400
5815	4401
6093	4402
4109	4403
1586	4404
6096	4405
4659	4406
3240	4407
1319	4408
1333	4409
3306	4410
5896	4411
1164	4412
6009	4413
8418	4414
3388	4415
152	4416
5010	4417
8176	4418
6559	4419
136	4420
2257	4421
8350	4422
8309	4423
3888	4424
5667	4425
4710	4426
6803	4427
3481	4428
2868	4429
3833	4430
7486	4431
1260	4432
1332	4433
47	4434
8070	4435
621	4436
5168	4437
4157	4438
4760	4439
5831	4440
2200	4441
1351	4442
7749	4443
3452	4444
69	4445
352	4446
4559	4447
7966	4448
4089	4449
105	4450
117	4451
836	4452
850	4453
3058	4454
6753	4455
5283	4456
7852	4457
2791	4458
76	4459
2432	4460
4742	4461
1837	4462
5396	4463
160	4464
2321	4465
6744	4466
7979	4467
4865	4468
7303	4469
3976	4470
56	4471
1315	4472
6316	4473
8408	4474
101	4475
638	4476
2067	4477
686	4478
451	4479
7065	4480
5140	4481
6760	4482
586	4483
2662	4484
1727	4485
6728	4486
7721	4487
7645	4488
4914	4489
8132	4490
248	4491
812	4492
6304	4493
409	4494
988	4495
226	4496
1336	4497
5191	4498
2421	4499
191	4500
7770	4501
4066	4502
255	4503
5229	4504
3615	4505
2711	4506
4322	4507
3000	4508
4183	4509
899	4510
3161	4511
5811	4512
7801	4513
3869	4514
419	4515
1158	4516
255	4517
986	4518
8117	4519
4730	4520
1533	4521
924	4522
8317	4523
2934	4524
3629	4525
3623	4526
2417	4527
6923	4528
2243	4529
5447	4530
6337	4531
7078	4532
7282	4533
542	4534
2938	4535
6944	4536
6581	4537
168	4538
4218	4539
255	4540
7087	4541
3933	4542
1864	4543
2298	4544
2085	4545
8524	4546
136	4547
137	4548
3811	4549
5535	4550
2052	4551
5652	4552
2666	4553
132	4554
985	4555
4318	4556
4770	4557
2203	4558
2806	4559
752	4560
8008	4561
6812	4562
3802	4563
7775	4564
3980	4565
7329	4566
5350	4567
5993	4568
7653	4569
218	4570
809	4571
5175	4572
6194	4573
802	4574
5377	4575
3008	4576
2219	4577
8450	4578
4651	4579
7363	4580
7180	4581
5646	4582
8028	4583
8048	4584
7689	4585
3819	4586
538	4587
4372	4588
5974	4589
404	4590
7352	4591
8290	4592
8328	4593
3800	4594
4537	4595
3821	4596
6905	4597
3645	4598
4851	4599
4399	4600
845	4601
3067	4602
4010	4603
2771	4604
5367	4605
1675	4606
5271	4607
898	4608
82	4609
2625	4610
6614	4611
801	4612
6538	4613
8368	4614
4062	4615
6917	4616
8395	4617
6497	4618
3894	4619
1188	4620
838	4621
6571	4622
2235	4623
5443	4624
7208	4625
1946	4626
2154	4627
403	4628
462	4629
7041	4630
8399	4631
4040	4632
2653	4633
5835	4634
5085	4635
3010	4636
4836	4637
659	4638
291	4639
5900	4640
2044	4641
341	4642
150	4643
2557	4644
4250	4645
2245	4646
7853	4647
5794	4648
1125	4649
1651	4650
7955	4651
4428	4652
8005	4653
3570	4654
5634	4655
1834	4656
6770	4657
4719	4658
427	4659
4337	4660
4581	4661
6492	4662
5590	4663
4401	4664
686	4665
6196	4666
3723	4667
8146	4668
3776	4669
1566	4670
68	4671
6477	4672
242	4673
4810	4674
5812	4675
4082	4676
3789	4677
8073	4678
5134	4679
6467	4680
638	4681
8342	4682
6353	4683
1950	4684
2290	4685
34	4686
164	4687
5169	4688
171	4689
3152	4690
4975	4691
6779	4692
5427	4693
3854	4694
2151	4695
2667	4696
4747	4697
2093	4698
6153	4699
4365	4700
2881	4701
2377	4702
3549	4703
8062	4704
7335	4705
757	4706
3205	4707
7370	4708
4759	4709
4771	4710
1192	4711
17	4712
7995	4713
5469	4714
3843	4715
426	4716
8285	4717
4008	4718
3828	4719
3250	4720
2942	4721
6144	4722
3025	4723
6700	4724
7279	4725
3662	4726
124	4727
4433	4728
7617	4729
258	4730
6990	4731
1119	4732
5116	4733
3351	4734
3835	4735
2360	4736
1159	4737
6330	4738
3235	4739
4567	4740
221	4741
2839	4742
102	4743
5926	4744
5462	4745
7757	4746
4948	4747
3981	4748
4953	4749
3801	4750
5256	4751
2308	4752
6490	4753
3885	4754
7657	4755
5410	4756
7108	4757
3668	4758
2527	4759
6469	4760
3813	4761
5393	4762
3804	4763
3815	4764
7866	4765
2306	4766
574	4767
3066	4768
7965	4769
2572	4770
3622	4771
3610	4772
106	4773
3741	4774
420	4775
5265	4776
35	4777
319	4778
3478	4779
7583	4780
5639	4781
7967	4782
6530	4783
3648	4784
6558	4785
20	4786
8012	4787
3220	4788
7861	4789
5960	4790
6013	4791
748	4792
5325	4793
983	4794
1631	4795
6610	4796
7863	4797
619	4798
5118	4799
7503	4800
2307	4801
435	4802
4507	4803
7052	4804
120	4805
4161	4806
1087	4807
7651	4808
6889	4809
7520	4810
3609	4811
2921	4812
1546	4813
2519	4814
2260	4815
2590	4816
8296	4817
1480	4818
3530	4819
4878	4820
8130	4821
6887	4822
1857	4823
782	4824
6874	4825
8335	4826
3229	4827
1944	4828
2248	4829
6095	4830
793	4831
2452	4832
8481	4833
4397	4834
121	4835
5214	4836
7451	4837
303	4838
581	4839
7804	4840
895	4841
8548	4842
8281	4843
3631	4844
4697	4845
1747	4846
688	4847
93	4848
6460	4849
4402	4850
1736	4851
2063	4852
26	4853
8106	4854
713	4855
2082	4856
881	4857
2707	4858
7672	4859
219	4860
874	4861
6850	4862
7917	4863
239	4864
5218	4865
7153	4866
3917	4867
621	4868
3112	4869
388	4870
4656	4871
699	4872
1681	4873
1355	4874
3596	4875
4520	4876
5011	4877
8507	4878
479	4879
6930	4880
1637	4881
8155	4882
5869	4883
925	4884
4884	4885
2682	4886
6451	4887
1289	4888
988	4889
3595	4890
8185	4891
4041	4892
2147	4893
4184	4894
4844	4895
415	4896
240	4897
399	4898
516	4899
1661	4900
3637	4901
3490	4902
7773	4903
7900	4904
409	4905
8503	4906
237	4907
1534	4908
4116	4909
364	4910
8004	4911
259	4912
1868	4913
911	4914
2823	4915
2888	4916
3796	4917
6767	4918
6556	4919
914	4920
5004	4921
8006	4922
1345	4923
430	4924
2819	4925
233	4926
6063	4927
43	4928
2450	4929
3571	4930
5119	4931
4539	4932
3618	4933
153	4934
5380	4935
4573	4936
7814	4937
2070	4938
6692	4939
5713	4940
8020	4941
1656	4942
280	4943
566	4944
8431	4945
8555	4946
1723	4947
4684	4948
7929	4949
4498	4950
6631	4951
1665	4952
8396	4953
2852	4954
2383	4955
2983	4956
29	4957
1200	4958
2826	4959
857	4960
5415	4961
1515	4962
27	4963
4702	4964
5599	4965
6920	4966
2882	4967
2937	4968
2132	4969
5403	4970
7782	4971
5340	4972
844	4973
6174	4974
6406	4975
4265	4976
1463	4977
119	4978
408	4979
2398	4980
4675	4981
3421	4982
1602	4983
6400	4984
2862	4985
7913	4986
7181	4987
1737	4988
3436	4989
3906	4990
3383	4991
7604	4992
113	4993
126	4994
5822	4995
2631	4996
5120	4997
3533	4998
259	4999
2401	5000
6432	5001
7190	5002
7286	5003
483	5004
545	5005
7425	5006
5329	5007
1084	5008
5379	5009
1649	5010
2071	5011
3197	5012
15	5013
284	5014
2538	5015
4820	5016
2045	5017
3270	5018
4692	5019
368	5020
8464	5021
778	5022
3121	5023
3515	5024
8278	5025
3219	5026
3080	5027
2285	5028
1113	5029
3473	5030
5847	5031
972	5032
812	5033
1230	5034
6466	5035
5637	5036
204	5037
4618	5038
7755	5039
1489	5040
6878	5041
653	5042
6785	5043
2556	5044
2981	5045
1377	5046
7644	5047
229	5048
151	5049
23	5050
7221	5051
413	5052
96	5053
2628	5054
7456	5055
192	5056
7576	5057
453	5058
36	5059
4320	5060
955	5061
6393	5062
4596	5063
7899	5064
303	5065
4915	5066
4384	5067
2244	5068
325	5069
1099	5070
2548	5071
4094	5072
2989	5073
4214	5074
2119	5075
2224	5076
587	5077
3046	5078
1529	5079
90	5080
6118	5081
269	5082
4972	5083
1072	5084
1882	5085
5147	5086
1844	5087
4518	5088
8251	5089
450	5090
3052	5091
6564	5092
642	5093
7432	5094
6223	5095
441	5096
4018	5097
6344	5098
2337	5099
7027	5100
6430	5101
6639	5102
2157	5103
2570	5104
2462	5105
6416	5106
5381	5107
6426	5108
6086	5109
8058	5110
4493	5111
7493	5112
4899	5113
5758	5114
6550	5115
1827	5116
282	5117
4385	5118
7902	5119
6148	5120
815	5121
497	5122
2733	5123
1004	5124
7924	5125
7217	5126
969	5127
363	5128
1641	5129
3223	5130
7213	5131
1038	5132
3053	5133
2382	5134
38	5135
2189	5136
7491	5137
4731	5138
7864	5139
478	5140
661	5141
5028	5142
907	5143
132	5144
132	5145
4676	5146
2536	5147
3056	5148
7364	5149
8326	5150
1748	5151
5867	5152
7654	5153
1536	5154
670	5155
6372	5156
6266	5157
3206	5158
4054	5159
3715	5160
8029	5161
7388	5162
21	5163
5738	5164
5188	5165
1787	5166
6635	5167
1811	5168
7808	5169
762	5170
4524	5171
201	5172
12	5173
4340	5174
7903	5175
7982	5176
2642	5177
6125	5178
3642	5179
331	5180
2136	5181
1006	5182
4720	5183
239	5184
5257	5185
115	5186
1061	5187
6780	5188
2908	5189
5863	5190
297	5191
7904	5192
3926	5193
537	5194
6402	5195
4263	5196
7047	5197
5540	5198
48	5199
3021	5200
4204	5201
849	5202
2139	5203
2697	5204
3582	5205
7788	5206
6036	5207
663	5208
4111	5209
837	5210
1231	5211
2793	5212
1135	5213
8092	5214
989	5215
7811	5216
7494	5217
572	5218
37	5219
2153	5220
588	5221
4186	5222
6217	5223
7118	5224
2405	5225
1357	5226
2117	5227
866	5228
163	5229
7989	5230
4951	5231
3550	5232
5081	5233
4222	5234
736	5235
3344	5236
6190	5237
32	5238
2718	5239
2305	5240
344	5241
7469	5242
2196	5243
4645	5244
6328	5245
796	5246
5990	5247
7517	5248
3593	5249
7806	5250
5875	5251
7156	5252
7054	5253
7660	5254
6252	5255
7120	5256
559	5257
8025	5258
6238	5259
3688	5260
7293	5261
6834	5262
6307	5263
1861	5264
6352	5265
5671	5266
7345	5267
6320	5268
3672	5269
3059	5270
5258	5271
464	5272
4203	5273
3624	5274
36	5275
185	5276
807	5277
1746	5278
6696	5279
5902	5280
6458	5281
1245	5282
1299	5283
1522	5284
6276	5285
7835	5286
4828	5287
2855	5288
991	5289
8316	5290
522	5291
4658	5292
1704	5293
3794	5294
4380	5295
6697	5296
392	5297
85	5298
8424	5299
128	5300
5988	5301
2065	5302
5206	5303
4622	5304
598	5305
5486	5306
6245	5307
7964	5308
946	5309
2359	5310
3318	5311
5246	5312
3837	5313
995	5314
97	5315
4779	5316
8207	5317
97	5318
6526	5319
8208	5320
8430	5321
6010	5322
3503	5323
3708	5324
1607	5325
144	5326
7762	5327
3148	5328
4261	5329
3841	5330
2385	5331
3901	5332
5779	5333
5705	5334
6284	5335
4985	5336
7628	5337
98	5338
327	5339
4053	5340
4238	5341
1780	5342
2263	5343
7937	5344
7898	5345
1507	5346
3499	5347
6	5348
2004	5349
673	5350
8266	5351
821	5352
2808	5353
4226	5354
3754	5355
5012	5356
3	5357
7325	5358
5760	5359
2932	5360
4781	5361
7405	5362
7663	5363
2473	5364
6703	5365
2564	5366
4855	5367
6259	5368
6431	5369
13	5370
7299	5371
6871	5372
4026	5373
636	5374
693	5375
7630	5376
8156	5377
5773	5378
260	5379
8043	5380
2	5381
94	5382
5417	5383
5921	5384
6061	5385
7968	5386
870	5387
4373	5388
3403	5389
6078	5390
200	5391
7362	5392
2	5393
7488	5394
7189	5395
8322	5396
917	5397
4685	5398
3107	5399
5607	5400
6243	5401
7963	5402
3032	5403
1604	5404
8242	5405
4943	5406
6014	5407
553	5408
7441	5409
1418	5410
2604	5411
7290	5412
1115	5413
580	5414
7725	5415
669	5416
825	5417
6644	5418
6640	5419
8321	5420
7751	5421
3154	5422
8100	5423
5192	5424
6764	5425
1359	5426
1872	5427
4510	5428
7246	5429
6678	5430
4114	5431
4617	5432
7856	5433
1017	5434
3106	5435
8514	5436
3967	5437
1672	5438
2034	5439
691	5440
4821	5441
6872	5442
5542	5443
4425	5444
159	5445
996	5446
7901	5447
7237	5448
1979	5449
4189	5450
6676	5451
8466	5452
6384	5453
7702	5454
2225	5455
4893	5456
2812	5457
5144	5458
5739	5459
33	5460
6356	5461
7063	5462
5074	5463
6339	5464
4966	5465
239	5466
6613	5467
5173	5468
464	5469
8104	5470
5965	5471
8491	5472
1369	5473
520	5474
253	5475
261	5476
4936	5477
8089	5478
1585	5479
2390	5480
8205	5481
557	5482
7340	5483
2783	5484
732	5485
503	5486
6527	5487
8329	5488
3253	5489
7069	5490
245	5491
6790	5492
1335	5493
3187	5494
487	5495
6757	5496
2912	5497
8161	5498
5724	5499
4224	5500
5454	5501
88	5502
5546	5503
7207	5504
5353	5505
6945	5506
7680	5507
705	5508
115	5509
7511	5510
8330	5511
1847	5512
5791	5513
4793	5514
3317	5515
6881	5516
3174	5517
8188	5518
3007	5519
5568	5520
34	5521
2928	5522
5800	5523
23	5524
3246	5525
1282	5526
5236	5527
3778	5528
20	5529
438	5530
278	5531
2048	5532
4625	5533
3722	5534
176	5535
1807	5536
1162	5537
1020	5538
419	5539
3750	5540
5155	5541
523	5542
83	5543
3048	5544
7935	5545
4733	5546
7745	5547
5276	5548
6837	5549
4356	5550
6381	5551
5890	5552
252	5553
2512	5554
7205	5555
4341	5556
2614	5557
2198	5558
2088	5559
5951	5560
6008	5561
3035	5562
8437	5563
4437	5564
207	5565
7848	5566
5677	5567
4582	5568
143	5569
6056	5570
2471	5571
5077	5572
431	5573
2218	5574
4857	5575
7359	5576
1753	5577
8348	5578
6566	5579
5409	5580
4159	5581
446	5582
3774	5583
7239	5584
4155	5585
3247	5586
5966	5587
868	5588
2595	5589
2526	5590
83	5591
5452	5592
1483	5593
4268	5594
2915	5595
5183	5596
588	5597
5386	5598
6781	5599
810	5600
5669	5601
722	5602
2833	5603
4845	5604
1574	5605
5053	5606
5683	5607
6515	5608
7572	5609
1427	5610
880	5611
2281	5612
3876	5613
7023	5614
340	5615
2930	5616
175	5617
413	5618
50	5619
3922	5620
7039	5621
355	5622
4259	5623
5514	5624
1457	5625
963	5626
6892	5627
4367	5628
4283	5629
3690	5630
7631	5631
1624	5632
7727	5633
3349	5634
362	5635
8494	5636
81	5637
6213	5638
1303	5639
6269	5640
826	5641
2185	5642
217	5643
1400	5644
694	5645
5844	5646
5630	5647
7642	5648
2827	5649
1313	5650
3468	5651
4441	5652
3539	5653
7188	5654
443	5655
4487	5656
1062	5657
6160	5658
5407	5659
6202	5660
4357	5661
2440	5662
2978	5663
1151	5664
7294	5665
822	5666
7348	5667
8221	5668
645	5669
848	5670
1030	5671
5893	5672
4080	5673
6616	5674
923	5675
2	5676
94	5677
5874	5678
2649	5679
2216	5680
3130	5681
4963	5682
2795	5683
1823	5684
899	5685
5973	5686
5095	5687
1016	5688
3397	5689
63	5690
7183	5691
131	5692
617	5693
29	5694
3538	5695
5798	5696
5	5697
8219	5698
2076	5699
7214	5700
76	5701
7563	5702
1671	5703
3834	5704
7868	5705
4325	5706
5336	5707
648	5708
3873	5709
7121	5710
43	5711
4831	5712
2364	5713
6318	5714
6065	5715
7936	5716
6074	5717
3242	5718
1911	5719
3135	5720
7261	5721
2766	5722
5348	5723
598	5724
372	5725
6102	5726
4968	5727
7015	5728
4063	5729
7489	5730
6654	5731
7792	5732
785	5733
502	5734
4225	5735
7857	5736
3093	5737
8533	5738
7971	5739
5930	5740
181	5741
93	5742
6823	5743
875	5744
174	5745
2687	5746
207	5747
3725	5748
8091	5749
1500	5750
3847	5751
830	5752
8479	5753
6734	5754
210	5755
3736	5756
3335	5757
8407	5758
2965	5759
5608	5760
349	5761
4883	5762
6309	5763
367	5764
4405	5765
5697	5766
986	5767
7	5768
7732	5769
4626	5770
2254	5771
4404	5772
1478	5773
5748	5774
1439	5775
7907	5776
680	5777
77	5778
3	5779
1378	5780
5480	5781
15	5782
1700	5783
7048	5784
135	5785
4847	5786
4681	5787
36	5788
5488	5789
4443	5790
493	5791
2457	5792
4237	5793
7509	5794
974	5795
6085	5796
6092	5797
2301	5798
6156	5799
6603	5800
4705	5801
54	5802
1293	5803
2678	5804
7729	5805
8038	5806
313	5807
5967	5808
3620	5809
7756	5810
4900	5811
4608	5812
3594	5813
908	5814
8288	5815
2461	5816
1961	5817
1422	5818
6081	5819
2522	5820
946	5821
123	5822
37	5823
192	5824
5376	5825
4407	5826
5161	5827
5948	5828
7226	5829
691	5830
1776	5831
3685	5832
6915	5833
6895	5834
4918	5835
2671	5836
8331	5837
351	5838
2256	5839
1455	5840
8403	5841
1423	5842
2411	5843
2967	5844
3049	5845
2098	5846
4370	5847
7106	5848
6583	5849
7809	5850
8179	5851
5734	5852
4962	5853
3278	5854
3272	5855
3276	5856
6181	5857
1347	5858
731	5859
7082	5860
6007	5861
6926	5862
2488	5863
829	5864
563	5865
5719	5866
700	5867
4298	5868
2984	5869
95	5870
1338	5871
2600	5872
1005	5873
766	5874
4067	5875
1954	5876
4648	5877
98	5878
4314	5879
4729	5880
33	5881
6783	5882
7656	5883
6204	5884
1434	5885
5282	5886
7793	5887
10	5888
6829	5889
3024	5890
8258	5891
5066	5892
3768	5893
1009	5894
6054	5895
6164	5896
8126	5897
622	5898
1259	5899
6518	5900
268	5901
3572	5902
527	5903
8138	5904
6589	5905
6504	5906
5124	5907
6478	5908
4176	5909
6689	5910
386	5911
6902	5912
7338	5913
8263	5914
5814	5915
7640	5916
6795	5917
543	5918
7060	5919
287	5920
966	5921
1788	5922
154	5923
7744	5924
5487	5925
398	5926
977	5927
8468	5928
4955	5929
2546	5930
5458	5931
1098	5932
8094	5933
8149	5934
2268	5935
8453	5936
868	5937
369	5938
87	5939
3739	5940
647	5941
370	5942
785	5943
3919	5944
7783	5945
2765	5946
247	5947
6201	5948
515	5949
5338	5950
5154	5951
1606	5952
7200	5953
5446	5954
506	5955
6742	5956
7139	5957
3581	5958
547	5959
5635	5960
2081	5961
179	5962
6445	5963
4003	5964
208	5965
471	5966
5958	5967
435	5968
8532	5969
170	5970
7939	5971
5167	5972
4971	5973
5862	5974
2312	5975
5761	5976
5749	5977
5544	5978
161	5979
5060	5980
5894	5981
747	5982
7090	5983
380	5984
6510	5985
1132	5986
4075	5987
4295	5988
1003	5989
2575	5990
2110	5991
5025	5992
1824	5993
2830	5994
916	5995
8433	5996
3217	5997
17	5998
3158	5999
1757	6000
8327	6001
5828	6002
1157	6003
495	6004
367	6005
16	6006
4009	6007
1570	6008
5753	6009
789	6010
4606	6011
4299	6012
2323	6013
243	6014
45	6015
3719	6016
3982	6017
8307	6018
216	6019
507	6020
2426	6021
7333	6022
7194	6023
1077	6024
4782	6025
1909	6026
2380	6027
8547	6028
365	6029
1549	6030
1578	6031
7124	6032
6071	6033
365	6034
3506	6035
5708	6036
238	6037
3767	6038
4597	6039
3991	6040
345	6041
7934	6042
7216	6043
5306	6044
2772	6045
231	6046
5557	6047
2661	6048
4338	6049
4660	6050
7606	6051
8197	6052
7358	6053
7068	6054
1895	6055
4120	6056
1103	6057
4313	6058
8434	6059
8030	6060
6424	6061
3886	6062
729	6063
1421	6064
897	6065
6534	6066
4207	6067
2354	6068
933	6069
2752	6070
1870	6071
2646	6072
7736	6073
216	6074
3266	6075
1169	6076
609	6077
7472	6078
2838	6079
350	6080
4921	6081
259	6082
1645	6083
2508	6084
273	6085
566	6086
6802	6087
5310	6088
133	6089
8523	6090
8226	6091
7941	6092
856	6093
5	6094
7273	6095
2559	6096
2324	6097
4409	6098
2344	6099
70	6100
572	6101
4485	6102
4043	6103
26	6104
344	6105
7355	6106
2779	6107
214	6108
5604	6109
1109	6110
580	6111
1172	6112
3431	6113
1545	6114
8361	6115
746	6116
990	6117
582	6118
5593	6119
6064	6120
6350	6121
2283	6122
5516	6123
82	6124
92	6125
6158	6126
54	6127
5725	6128
101	6129
4324	6130
3001	6131
6719	6132
6539	6133
4376	6134
366	6135
3862	6136
4011	6137
5460	6138
5613	6139
2403	6140
562	6141
5289	6142
953	6143
4751	6144
3244	6145
3621	6146
535	6147
1655	6148
888	6149
6617	6150
5411	6151
4375	6152
6545	6153
113	6154
6295	6155
8180	6156
5335	6157
3657	6158
1238	6159
2296	6160
7422	6161
7882	6162
4823	6163
4633	6164
2024	6165
7454	6166
6029	6167
8046	6168
8363	6169
5560	6170
6771	6171
8231	6172
4538	6173
3456	6174
798	6175
3441	6176
5078	6177
764	6178
6985	6179
5521	6180
7058	6181
912	6182
8017	6183
90	6184
7143	6185
2762	6186
3742	6187
5408	6188
266	6189
53	6190
3463	6191
382	6192
406	6193
5059	6194
3297	6195
6421	6196
7382	6197
42	6198
246	6199
6130	6200
6626	6201
19	6202
6072	6203
7950	6204
7870	6205
5520	6206
1216	6207
890	6208
919	6209
6305	6210
340	6211
55	6212
8265	6213
4571	6214
7316	6215
2023	6216
4482	6217
3752	6218
2464	6219
6218	6220
41	6221
1887	6222
7796	6223
129	6224
887	6225
3720	6226
7952	6227
7247	6228
2194	6229
6946	6230
5308	6231
5861	6232
339	6233
6813	6234
6604	6235
1696	6236
5228	6237
4278	6238
82	6239
6582	6240
64	6241
62	6242
708	6243
2294	6244
4973	6245
4564	6246
3701	6247
169	6248
7088	6249
262	6250
7959	6251
6875	6252
352	6253
8065	6254
4254	6255
196	6256
391	6257
251	6258
1150	6259
1367	6260
15	6261
177	6262
4	6263
2336	6264
8254	6265
5616	6266
1222	6267
76	6268
199	6269
8016	6270
755	6271
8158	6272
583	6273
7790	6274
53	6275
6984	6276
1069	6277
695	6278
8346	6279
7463	6280
5531	6281
3184	6282
5451	6283
8045	6284
7155	6285
4986	6286
63	6287
7978	6288
5609	6289
4976	6290
2079	6291
675	6292
5959	6293
4775	6294
2543	6295
2820	6296
2171	6297
465	6298
6028	6299
5766	6300
1246	6301
4453	6302
828	6303
2137	6304
223	6305
257	6306
2299	6307
2674	6308
5432	6309
3155	6310
889	6311
3771	6312
8527	6313
8069	6314
8071	6315
970	6316
5146	6317
8372	6318
7307	6319
8171	6320
3446	6321
2165	6322
4258	6323
5455	6324
7001	6325
2702	6326
1258	6327
229	6328
5655	6329
4892	6330
6721	6331
8298	6332
1452	6333
794	6334
1725	6335
6323	6336
4098	6337
3548	6338
858	6339
3608	6340
3992	6341
6199	6342
7585	6343
3664	6344
7381	6345
7035	6346
7687	6347
3547	6348
3162	6349
35	6350
174	6351
6114	6352
1285	6353
231	6354
730	6355
3196	6356
6835	6357
2032	6358
5587	6359
749	6360
7083	6361
5098	6362
168	6363
956	6364
6379	6365
8366	6366
2275	6367
2046	6368
4174	6369
2431	6370
6605	6371
7846	6372
2929	6373
8153	6374
2899	6375
4533	6376
4483	6377
8087	6378
834	6379
7004	6380
4956	6381
7515	6382
3679	6383
185	6384
7248	6385
374	6386
1370	6387
5905	6388
230	6389
1968	6390
994	6391
2753	6392
6220	6393
5262	6394
6310	6395
1743	6396
476	6397
6200	6398
1203	6399
6562	6400
477	6401
7849	6402
206	6403
3271	6404
3336	6405
3961	6406
1971	6407
1838	6408
296	6409
670	6410
7033	6411
2807	6412
4663	6413
5128	6414
7691	6415
1426	6416
702	6417
8233	6418
3042	6419
8391	6420
1122	6421
206	6422
461	6423
760	6424
5504	6425
3859	6426
2907	6427
3632	6428
1318	6429
3373	6430
2633	6431
2949	6432
7659	6433
831	6434
7938	6435
3331	6436
8275	6437
4664	6438
15	6439
15	6440
4037	6441
4371	6442
999	6443
3592	6444
202	6445
8410	6446
7919	6447
5018	6448
1758	6449
3759	6450
4909	6451
8182	6452
1558	6453
5883	6454
183	6455
3087	6456
5825	6457
4513	6458
2428	6459
67	6460
182	6461
4587	6462
666	6463
6595	6464
3792	6465
788	6466
5532	6467
565	6468
2413	6469
2605	6470
1902	6471
6139	6472
5303	6473
2159	6474
4907	6475
71	6476
2836	6477
5129	6478
7390	6479
141	6480
3923	6481
2027	6482
7911	6483
3262	6484
8440	6485
6059	6486
8204	6487
4848	6488
3088	6489
39	6490
4890	6491
143	6492
1160	6493
236	6494
93	6495
4505	6496
4490	6497
7030	6498
7416	6499
6425	6500
5623	6501
8129	6502
849	6503
7854	6504
2246	6505
460	6506
6448	6507
1592	6508
4612	6509
980	6510
6821	6511
7872	6512
2761	6513
7402	6514
6286	6515
8386	6516
1886	6517
3218	6518
3308	6519
252	6520
3280	6521
158	6522
6189	6523
5244	6524
355	6525
7728	6526
8526	6527
8447	6528
8518	6529
29	6530
1647	6531
1372	6532
2231	6533
3532	6534
7424	6535
6087	6536
5846	6537
973	6538
7523	6539
390	6540
5245	6541
3488	6542
142	6543
2822	6544
1527	6545
1210	6546
7423	6547
3141	6548
3949	6549
6123	6550
4501	6551
1041	6552
1242	6553
7797	6554
7822	6555
3910	6556
873	6557
7	6558
811	6559
2251	6560
2775	6561
8109	6562
3013	6563
2544	6564
6322	6565
1771	6566
4552	6567
7629	6568
5193	6569
7342	6570
2698	6571
8369	6572
5500	6573
2213	6574
4447	6575
6509	6576
965	6577
886	6578
1488	6579
6952	6580
376	6581
6163	6582
8111	6583
7987	6584
893	6585
3845	6586
881	6587
7612	6588
5917	6589
12	6590
4177	6591
8511	6592
8421	6593
929	6594
7573	6595
6818	6596
6575	6597
1659	6598
74	6599
1067	6600
7157	6601
6707	6602
7595	6603
3884	6604
2184	6605
2792	6606
3764	6607
6454	6608
8148	6609
1547	6610
4556	6611
7928	6612
4610	6613
282	6614
4390	6615
1168	6616
7238	6617
5213	6618
2872	6619
4802	6620
7920	6621
6066	6622
878	6623
6249	6624
4987	6625
2751	6626
6588	6627
2776	6628
4632	6629
4217	6630
5240	6631
6794	6632
6607	6633
8003	6634
6667	6635
105	6636
4027	6637
1848	6638
2709	6639
1595	6640
4745	6641
1778	6642
7398	6643
7619	6644
1	6645
3953	6646
1745	6647
1493	6648
696	6649
6410	6650
3556	6651
2996	6652
1632	6653
3957	6654
219	6655
990	6656
7845	6657
4444	6658
962	6659
8118	6660
4594	6661
6609	6662
3459	6663
3215	6664
8520	6665
1689	6666
5050	6667
512	6668
4988	6669
1636	6670
4354	6671
6417	6672
727	6673
3669	6674
3435	6675
2657	6676
6179	6677
1425	6678
311	6679
4377	6680
2582	6681
1284	6682
671	6683
3484	6684
7383	6685
4807	6686
4193	6687
8097	6688
6551	6689
7103	6690
7072	6691
4427	6692
4996	6693
3150	6694
1899	6695
6124	6696
2170	6697
872	6698
6621	6699
5463	6700
2420	6701
146	6702
3738	6703
1781	6704
5200	6705
6210	6706
1124	6707
6625	6708
7557	6709
8480	6710
515	6711
673	6712
204	6713
676	6714
4778	6715
134	6716
8120	6717
526	6718
201	6719
2427	6720
122	6721
67	6722
3292	6723
1401	6724
5280	6725
1024	6726
5950	6727
513	6728
525	6729
7071	6730
5103	6731
632	6732
5212	6733
795	6734
1218	6735
915	6736
2317	6737
7003	6738
2966	6739
6138	6740
4866	6741
82	6742
3033	6743
338	6744
1863	6745
7957	6746
8244	6747
40	6748
4994	6749
40	6750
1761	6751
274	6752
674	6753
3050	6754
7735	6755
2757	6756
5181	6757
6820	6758
529	6759
7227	6760
8333	6761
4331	6762
6680	6763
4321	6764
3207	6765
1853	6766
5614	6767
4850	6768
8314	6769
65	6770
276	6771
2741	6772
7296	6773
882	6774
6251	6775
625	6776
1277	6777
5073	6778
7191	6779
5186	6780
804	6781
68	6782
1428	6783
400	6784
8172	6785
5234	6786
2115	6787
1773	6788
130	6789
5001	6790
896	6791
578	6792
8319	6793
1762	6794
529	6795
4678	6796
10	6797
7776	6798
306	6799
4788	6800
445	6801
6596	6802
6205	6803
6403	6804
2406	6805
374	6806
8001	6807
4279	6808
5939	6809
2877	6810
1590	6811
6394	6812
223	6813
5997	6814
4	6815
4717	6816
3936	6817
2486	6818
2843	6819
6664	6820
5243	6821
111	6822
682	6823
51	6824
3931	6825
7542	6826
2404	6827
4833	6828
6608	6829
5600	6830
8513	6831
781	6832
5369	6833
3313	6834
320	6835
4796	6836
5224	6837
3872	6838
62	6839
313	6840
4846	6841
2714	6842
883	6843
2955	6844
835	6845
7142	6846
57	6847
672	6848
3584	6849
4143	6850
264	6851
531	6852
5841	6853
2574	6854
8551	6855
4992	6856
11	6857
247	6858
516	6859
7504	6860
14	6861
7948	6862
3129	6863
6395	6864
5008	6865
6993	6866
309	6867
5063	6868
6315	6869
467	6870
5661	6871
8105	6872
7655	6873
7440	6874
5062	6875
5946	6876
7177	6877
5423	6878
4753	6879
5899	6880
5820	6881
8079	6882
1765	6883
8056	6884
88	6885
7500	6886
5816	6887
5107	6888
6197	6889
1714	6890
4480	6891
221	6892
19	6893
6940	6894
7926	6895
726	6896
35	6897
4741	6898
2945	6899
343	6900
6032	6901
6929	6902
1880	6903
8026	6904
6212	6905
320	6906
6069	6907
603	6908
4473	6909
3085	6910
3126	6911
5688	6912
5130	6913
5702	6914
4639	6915
5895	6916
3734	6917
1433	6918
5261	6919
4247	6920
8549	6921
7832	6922
6765	6923
5776	6924
5040	6925
6847	6926
4243	6927
7711	6928
2472	6929
8429	6930
842	6931
11	6932
8538	6933
1530	6934
6955	6935
4001	6936
3727	6937
104	6938
4862	6939
296	6940
2909	6941
5790	6942
54	6943
4630	6944
5264	6945
4814	6946
1927	6947
2	6948
2585	6949
3483	6950
1004	6951
6535	6952
1034	6953
2704	6954
6529	6955
6685	6956
6528	6957
2490	6958
6434	6959
5819	6960
2195	6961
1194	6962
7930	6963
3681	6964
6234	6965
3726	6966
6137	6967
2567	6968
2120	6969
232	6970
127	6971
5135	6972
6084	6973
6778	6974
6226	6975
5664	6976
5471	6977
6698	6978
4837	6979
573	6980
134	6981
690	6982
6168	6983
201	6984
5009	6985
2252	6986
1419	6987
2918	6988
6701	6989
7610	6990
2961	6991
5628	6992
7636	6993
3743	6994
6775	6995
7673	6996
7149	6997
5675	6998
4286	6999
7389	7000
5364	7001
7084	7002
2477	7003
3191	7004
1682	7005
748	7006
844	7007
8166	7008
769	7009
6151	7010
953	7011
5527	7012
3479	7013
38	7014
5797	7015
928	7016
918	7017
5003	7018
3434	7019
2295	7020
624	7021
225	7022
2441	7023
3110	7024
2020	7025
4903	7026
3850	7027
3264	7028
616	7029
2729	7030
1365	7031
1275	7032
4167	7033
6949	7034
2803	7035
4970	7036
530	7037
7922	7038
1613	7039
6476	7040
6419	7041
1311	7042
6003	7043
2005	7044
2878	7045
20	7046
440	7047
605	7048
4134	7049
261	7050
8393	7051
3238	7052
1690	7053
7175	7054
2465	7055
163	7056
4398	7057
6239	7058
1883	7059
4599	7060
1922	7061
5087	7062
7215	7063
7075	7064
1701	7065
8055	7066
153	7067
8485	7068
4841	7069
3291	7070
6695	7071
314	7072
780	7073
584	7074
1161	7075
30	7076
3063	7077
6297	7078
4682	7079
2837	7080
8255	7081
193	7082
8201	7083
3039	7084
977	7085
6273	7086
498	7087
8064	7088
927	7089
236	7090
3017	7091
4115	7092
403	7093
3879	7094
4657	7095
4394	7096
5736	7097
4861	7098
3160	7099
2084	7100
9	7101
470	7102
971	7103
679	7104
2356	7105
6472	7106
5591	7107
73	7108
461	7109
6928	7110
3374	7111
7067	7112
2759	7113
7164	7114
1600	7115
22	7116
4569	7117
65	7118
383	7119
3565	7120
3974	7121
632	7122
969	7123
4512	7124
27	7125
1930	7126
124	7127
8243	7128
1322	7129
458	7130
6288	7131
6133	7132
3301	7133
6565	7134
7837	7135
1006	7136
5263	7137
4088	7138
998	7139
1999	7140
5266	7141
8218	7142
375	7143
190	7144
8300	7145
3156	7146
5470	7147
2083	7148
6076	7149
2576	7150
4755	7151
1412	7152
486	7153
4182	7154
188	7155
485	7156
3700	7157
6415	7158
40	7159
2223	7160
8256	7161
1932	7162
3903	7163
5172	7164
1786	7165
3119	7166
6706	7167
5932	7168
4783	7169
2856	7170
6855	7171
6429	7172
70	7173
5484	7174
4589	7175
8441	7176
5727	7177
5573	7178
375	7179
262	7180
230	7181
5580	7182
112	7183
2064	7184
394	7185
6141	7186
148	7187
3674	7188
398	7189
484	7190
1919	7191
8397	7192
2534	7193
2892	7194
519	7195
4045	7196
892	7197
561	7198
220	7199
2503	7200
147	7201
5780	7202
1934	7203
1232	7204
103	7205
3689	7206
356	7207
2274	7208
27	7209
7056	7210
3508	7211
1352	7212
2058	7213
1679	7214
1102	7215
382	7216
941	7217
7064	7218
4853	7219
159	7220
8010	7221
7435	7222
424	7223
89	7224
7838	7225
2096	7226
672	7227
4474	7228
1874	7229
4543	7230
7641	7231
6659	7232
4566	7233
3999	7234
4698	7235
3990	7236
3412	7237
6206	7238
5241	7239
92	7240
42	7241
75	7242
3243	7243
4034	7244
7945	7245
7445	7246
3398	7247
847	7248
6176	7249
523	7250
3282	7251
851	7252
6555	7253
7300	7254
5721	7255
914	7256
7128	7257
3127	7258
1384	7259
2746	7260
697	7261
3737	7262
6219	7263
910	7264
252	7265
8280	7266
5065	7267
3710	7268
6710	7269
6914	7270
7909	7271
7420	7272
440	7273
5612	7274
650	7275
6152	7276
2400	7277
6015	7278
699	7279
54	7280
5442	7281
7646	7282
3782	7283
6756	7284
948	7285
6862	7286
434	7287
8438	7288
6591	7289
2369	7290
779	7291
3686	7292
173	7293
4465	7294
7304	7295
4960	7296
3040	7297
6662	7298
5239	7299
538	7300
1709	7301
5064	7302
876	7303
7295	7304
2199	7305
3699	7306
3073	7307
2658	7308
92	7309
483	7310
75	7311
1274	7312
97	7313
819	7314
4923	7315
863	7316
1904	7317
1906	7318
876	7319
1198	7320
6253	7321
5845	7322
6440	7323
8446	7324
8498	7325
3422	7326
2433	7327
4790	7328
1789	7329
4817	7330
63	7331
8341	7332
5510	7333
6761	7334
7066	7335
180	7336
681	7337
885	7338
8167	7339
1308	7340
7178	7341
8537	7342
7599	7343
4085	7344
4904	7345
10	7346
701	7347
318	7348
7327	7349
271	7350
1849	7351
109	7352
6918	7353
8508	7354
3333	7355
7167	7356
5110	7357
3697	7358
89	7359
3756	7360
20	7361
1829	7362
2524	7363
6776	7364
6814	7365
222	7366
3356	7367
1036	7368
5976	7369
6246	7370
558	7371
2854	7372
2610	7373
5177	7374
2352	7375
7438	7376
8475	7377
5633	7378
731	7379
356	7380
3424	7381
1092	7382
6973	7383
709	7384
4506	7385
6777	7386
629	7387
384	7388
1368	7389
8144	7390
1601	7391
6554	7392
2586	7393
615	7394
526	7395
418	7396
2879	7397
1720	7398
4281	7399
1186	7400
4789	7401
5834	7402
7476	7403
2069	7404
2099	7405
7545	7406
289	7407
8032	7408
1928	7409
6622	7410
1551	7411
6525	7412
6967	7413
3913	7414
3410	7415
3580	7416
3905	7417
6766	7418
184	7419
482	7420
3809	7421
832	7422
68	7423
556	7424
4765	7425
3164	7426
2445	7427
277	7428
3077	7429
3255	7430
1181	7431
1790	7432
5636	7433
5090	7434
511	7435
6749	7436
2379	7437
2150	7438
1239	7439
3695	7440
6647	7441
593	7442
401	7443
1742	7444
1694	7445
2135	7446
3055	7447
47	7448
2773	7449
8052	7450
7122	7451
1688	7452
2140	7453
3132	7454
8199	7455
2174	7456
7556	7457
3495	7458
5782	7459
5889	7460
302	7461
5320	7462
1791	7463
58	7464
5219	7465
5401	7466
5089	7467
3874	7468
6289	7469
9	7470
6602	7471
499	7472
8499	7473
1360	7474
8355	7475
6789	7476
3902	7477
1430	7478
2644	7479
2553	7480
2969	7481
6796	7482
631	7483
2636	7484
5832	7485
5938	7486
1	7487
2047	7488
835	7489
5885	7490
1403	7491
7482	7492
4740	7493
4006	7494
218	7495
5466	7496
4411	7497
8236	7498
591	7499
3838	7500
2514	7501
7378	7502
1202	7503
767	7504
298	7505
8013	7506
6542	7507
2920	7508
7658	7509
2100	7510
3100	7511
705	7512
4172	7513
1650	7514
5992	7515
5920	7516
2026	7517
3464	7518
2880	7519
7229	7520
135	7521
8427	7522
3192	7523
6321	7524
1138	7525
1920	7526
3165	7527
4229	7528
2168	7529
1750	7530
69	7531
347	7532
5083	7533
24	7534
8018	7535
489	7536
8496	7537
240	7538
5093	7539
1393	7540
913	7541
286	7542
3606	7543
4627	7544
410	7545
2617	7546
6023	7547
4913	7548
823	7549
1792	7550
6873	7551
2755	7552
5190	7553
4635	7554
2886	7555
1	7556
5548	7557
7781	7558
1173	7559
1409	7560
6693	7561
406	7562
1270	7563
1557	7564
7737	7565
377	7566
6053	7567
5785	7568
8239	7569
3144	7570
1705	7571
934	7572
2217	7573
13	7574
1793	7575
6839	7576
6828	7577
211	7578
7887	7579
3747	7580
1331	7581
6586	7582
1710	7583
1734	7584
358	7585
932	7586
3863	7587
6079	7588
7531	7589
5013	7590
1825	7591
3627	7592
4007	7593
750	7594
999	7595
2374	7596
4863	7597
5554	7598
66	7599
6720	7600
5104	7601
7743	7602
3652	7603
6254	7604
8116	7605
4811	7606
7620	7607
2	7608
7257	7609
4061	7610
4946	7611
3643	7612
6439	7613
7076	7614
792	7615
405	7616
405	7617
6927	7618
1795	7619
1411	7620
5321	7621
3613	7622
3419	7623
3713	7624
3761	7625
6523	7626
39	7627
3273	7628
763	7629
2635	7630
7305	7631
2540	7632
4561	7633
905	7634
7	7635
139	7636
1296	7637
7490	7638
7683	7639
1741	7640
6116	7641
2239	7642
773	7643
80	7644
610	7645
5698	7646
4650	7647
1879	7648
2167	7649
825	7650
108	7651
1561	7652
3520	7653
4073	7654
5109	7655
6298	7656
327	7657
3004	7658
178	7659
3221	7660
6843	7661
60	7662
4368	7663
5031	7664
7038	7665
3427	7666
6511	7667
1443	7668
7764	7669
7550	7670
6884	7671
442	7672
2654	7673
8482	7674
1486	7675
2601	7676
228	7677
5163	7678
1229	7679
3963	7680
7750	7681
16	7682
8320	7683
604	7684
3825	7685
570	7686
77	7687
3185	7688
1133	7689
2233	7690
1915	7691
3702	7692
4557	7693
7869	7694
6247	7695
1983	7696
1981	7697
2612	7698
5315	7699
706	7700
5931	7701
182	7702
8476	7703
5606	7704
3068	7705
938	7706
170	7707
6845	7708
2993	7709
6	7710
5307	7711
739	7712
2608	7713
2887	7714
5157	7715
4350	7716
86	7717
3	7718
2460	7719
5045	7720
5210	7721
5860	7722
8057	7723
78	7724
3781	7725
4220	7726
8452	7727
10	7728
920	7729
8245	7730
114	7731
3554	7732
7884	7733
8284	7734
86	7735
1002	7736
7946	7737
3131	7738
6232	7739
6261	7740
5132	7741
5117	7742
3371	7743
2006	7744
1554	7745
7009	7746
8227	7747
8432	7748
5888	7749
950	7750
2677	7751
3259	7752
5763	7753
2973	7754
8336	7755
769	7756
7029	7757
4086	7758
3315	7759
1093	7760
7510	7761
7292	7762
4773	7763
6537	7764
5803	7765
723	7766
2754	7767
1144	7768
6606	7769
1256	7770
1896	7771
4952	7772
942	7773
1152	7774
22	7775
6067	7776
5039	7777
5141	7778
8214	7779
412	7780
5127	7781
209	7782
1276	7783
836	7784
5026	7785
1618	7786
2	7787
7609	7788
6864	7789
8165	7790
711	7791
610	7792
5771	7793
5839	7794
2789	7795
508	7796
4267	7797
3952	7798
6191	7799
6645	7800
1959	7801
4012	7802
7881	7803
8088	7804
4896	7805
4611	7806
24	7807
393	7808
1236	7809
8240	7810
2542	7811
4288	7812
7014	7813
2074	7814
5337	7815
7154	7816
112	7817
4	7818
3169	7819
2573	7820
7169	7821
3696	7822
6378	7823
2210	7824
2362	7825
704	7826
3330	7827
4774	7828
955	7829
7133	7830
30	7831
2109	7832
1605	7833
4201	7834
6869	7835
6283	7836
1405	7837
6332	7838
7859	7839
6041	7840
65	7841
1620	7842
126	7843
3225	7844
3703	7845
5674	7846
1149	7847
6660	7848
6649	7849
1324	7850
2343	7851
4420	7852
6983	7853
7322	7854
3788	7855
4210	7856
98	7857
3159	7858
6030	7859
110	7860
5656	7861
4607	7862
437	7863
3151	7864
160	7865
783	7866
414	7867
1628	7868
3460	7869
7141	7870
2201	7871
1712	7872
3973	7873
7012	7874
6561	7875
4451	7876
8287	7877
859	7878
2029	7879
45	7880
3914	7881
2	7882
322	7883
5309	7884
2375	7885
7371	7886
764	7887
270	7888
846	7889
86	7890
7761	7891
7559	7892
6127	7893
1	7894
445	7895
299	7896
5579	7897
4132	7898
3712	7899
6629	7900
1943	7901
4142	7902
5319	7903
4805	7904
4269	7905
620	7906
1420	7907
6	7908
395	7909
2240	7910
5434	7911
196	7912
6427	7913
4541	7914
1891	7915
8175	7916
6740	7917
6025	7918
759	7919
8349	7920
280	7921
3447	7922
5852	7923
3149	7924
1033	7925
4228	7926
500	7927
7834	7928
7138	7929
3597	7930
32	7931
3574	7932
5824	7933
3947	7934
1912	7935
1797	7936
7867	7937
6809	7938
7942	7939
7115	7940
549	7941
882	7942
8306	7943
6500	7944
3666	7945
5956	7946
5982	7947
3302	7948
4642	7949
1978	7950
2727	7951
2767	7952
148	7953
7638	7954
2273	7955
3406	7956
3146	7957
5513	7958
5323	7959
3189	7960
197	7961
143	7962
5111	7963
115	7964
5151	7965
6868	7966
7925	7967
4503	7968
6483	7969
7002	7970
390	7971
7256	7972
335	7973
3661	7974
8500	7975
2624	7976
8367	7977
7111	7978
5252	7979
634	7980
6345	7981
7888	7982
2322	7983
7267	7984
1408	7985
2183	7986
155	7987
654	7988
5366	7989
3962	7990
1851	7991
260	7992
6121	7993
3717	7994
4126	7995
46	7996
2778	7997
215	7998
2226	7999
4358	8000
7591	8001
4908	8002
860	8003
819	8004
7080	8005
3445	8006
8420	8007
1045	8008
1055	8009
6047	8010
1589	8011
8162	8012
6456	8013
131	8014
5781	8015
7073	8016
1068	8017
6975	8018
661	8019
5273	8020
2639	8021
421	8022
6961	8023
1013	8024
2125	8025
8423	8026
7893	8027
8414	8028
1287	8029
2315	8030
246	8031
3358	8032
1273	8033
1453	8034
6806	8035
4028	8036
1073	8037
5180	8038
758	8039
2515	8040
379	8041
7351	8042
3311	8043
2258	8044
3989	8045
2351	8046
7444	8047
1341	8048
4525	8049
5016	8050
5735	8051
2468	8052
6657	8053
7379	8054
2105	8055
1049	8056
2055	8057
5493	8058
456	8059
6450	8060
6731	8061
430	8062
1012	8063
714	8064
8291	8065
1337	8066
547	8067
5343	8068
5853	8069
2	8070
158	8071
28	8072
8066	8073
2160	8074
6867	8075
2977	8076
22	8077
3773	8078
7718	8079
5740	8080
2482	8081
6357	8082
924	8083
3852	8084
2895	8085
7670	8086
5955	8087
968	8088
71	8089
152	8090
2648	8091
2517	8092
8007	8093
2925	8094
4602	8095
2102	8096
6493	8097
4029	8098
1575	8099
97	8100
2566	8101
4687	8102
1432	8103
1142	8104
5858	8105
2124	8106
6735	8107
2425	8108
5526	8109
1730	8110
153	8111
3842	8112
628	8113
624	8114
3173	8115
2365	8116
5475	8117
651	8118
4930	8119
883	8120
228	8121
4343	8122
719	8123
3916	8124
4410	8125
4334	8126
3780	8127
451	8128
7553	8129
782	8130
6375	8131
6907	8132
1501	8133
4103	8134
4867	8135
5882	8136
14	8137
2708	8138
7437	8139
2089	8140
8340	8141
3450	8142
926	8143
2525	8144
5027	8145
577	8146
7626	8147
2864	8148
601	8149
6759	8150
721	8151
250	8152
4885	8153
2051	8154
1731	8155
2430	8156
2050	8157
867	8158
5949	8159
2507	8160
3381	8161
4165	8162
3634	8163
4145	8164
6024	8165
3817	8166
2931	8167
2735	8168
3867	8169
7694	8170
381	8171
2188	8172
283	8173
668	8174
8279	8175
21	8176
7163	8177
4072	8178
6919	8179
2389	8180
2182	8181
5047	8182
718	8183
985	8184
2549	8185
8154	8186
4721	8187
4316	8188
8234	8189
7386	8190
2992	8191
1581	8192
6052	8193
1998	8194
7413	8195
3314	8196
912	8197
2040	8198
8448	8199
4871	8200
794	8201
5404	8202
38	8203
6702	8204
931	8205
6306	8206
3425	8207
5139	8208
3558	8209
6506	8210
6495	8211
6943	8212
333	8213
2982	8214
2871	8215
8036	8216
7614	8217
7408	8218
104	8219
324	8220
6182	8221
7107	8222
3109	8223
369	8224
8015	8225
4548	8226
1760	8227
3877	8228
1247	8229
8451	8230
2173	8231
326	8232
3598	8233
473	8234
6221	8235
2318	8236
5923	8237
7042	8238
7562	8239
8099	8240
852	8241
4070	8242
6033	8243
3438	8244
24	8245
1993	8246
1468	8247
3546	8248
1146	8249
6755	8250
3418	8251
7850	8252
8460	8253
707	8254
3003	8255
2554	8256
975	8257
2537	8258
418	8259
2799	8260
6599	8261
962	8262
6951	8263
1288	8264
1917	8265
106	8266
4514	8267
3370	8268
258	8269
7514	8270
3137	8271
2734	8272
3912	8273
6924	8274
1008	8275
167	8276
4074	8277
5076	8278
839	8279
7174	8280
302	8281
3	8282
4515	8283
4	8284
633	8285
4859	8286
2565	8287
4998	8288
386	8289
852	8290
3332	8291
7534	8292
2669	8293
832	8294
5498	8295
8034	8296
5170	8297
2280	8298
2415	8299
3211	8300
22	8301
548	8302
273	8303
7427	8304
1576	8305
6214	8306
778	8307
5492	8308
7219	8309
4347	8310
7528	8311
1076	8312
127	8313
37	8314
5361	8315
8200	8316
1349	8317
311	8318
1639	8319
136	8320
3765	8321
6524	8322
6947	8323
2419	8324
6453	8325
6968	8326
36	8327
6713	8328
2434	8329
542	8330
6687	8331
3979	8332
4418	8333
5693	8334
8267	8335
3972	8336
74	8337
137	8338
1621	8339
6978	8340
3202	8341
6140	8342
307	8343
6921	8344
1240	8345
6365	8346
2111	8347
6980	8348
7923	8349
6851	8350
8535	8351
4327	8352
1875	8353
5346	8354
980	8355
4739	8356
5733	8357
618	8358
454	8359
6172	8360
4654	8361
1329	8362
2660	8363
3166	8364
4749	8365
975	8366
4800	8367
1800	8368
4344	8369
8286	8370
4252	8371
388	8372
741	8373
6136	8374
2533	8375
6849	8376
3198	8377
5701	8378
7297	8379
5048	8380
354	8381
4516	8382
1063	8383
5088	8384
1809	8385
1784	8386
916	8387
4494	8388
6684	8389
7380	8390
23	8391
3288	8392
667	8393
2229	8394
1538	8395
925	8396
5566	8397
2103	8398
6971	8399
62	8400
1801	8401
1078	8402
3625	8403
7592	8404
4634	8405
8023	8406
2691	8407
5086	8408
7406	8409
249	8410
7669	8411
1617	8412
2397	8413
4024	8414
8014	8415
1767	8416
5842	8417
6090	8418
3060	8419
4661	8420
557	8421
5388	8422
8184	8423
57	8424
558	8425
5114	8426
110	8427
4452	8428
7013	8429
4235	8430
7245	8431
1026	8432
7707	8433
1955	8434
6203	8435
1562	8436
1234	8437
7772	8438
7019	8439
8425	8440
5884	8441
7731	8442
5231	8443
449	8444
1596	8445
423	8446
189	8447
3797	8448
7705	8449
3798	8450
6798	8451
455	8452
1414	8453
1852	8454
5058	8455
3924	8456
2672	8457
2913	8458
1802	8459
2463	8460
4213	8461
3692	8462
8022	8463
3921	8464
4945	8465
7847	8466
441	8467
6786	8468
7258	8469
334	8470
981	8471
8225	8472
8401	8473
816	8474
32	8475
2443	8476
6863	8477
2742	8478
4528	8479
7960	8480
7588	8481
4446	8482
3384	8483
1085	8484
185	8485
5250	8486
475	8487
2964	8488
1114	8489
1392	8490
7021	8491
56	8492
2448	8493
3665	8494
6465	8495
4348	8496
2563	8497
719	8498
1854	8499
230	8500
981	8501
58	8502
6507	8503
63	8504
4464	8505
1167	8506
951	8507
724	8508
6513	8509
3041	8510
4806	8511
60	8512
743	8513
730	8514
3237	8515
3626	8516
174	8517
3960	8518
5184	8519
4768	8520
455	8521
7022	8522
3589	8523
4	8524
5679	8525
8428	8526
5788	8527
1121	8528
865	8529
4502	8530
3420	8531
7318	8532
2551	8533
8470	8534
417	8535
1	8536
91	8537
5525	8538
4624	8539
4415	8540
7028	8541
6479	8542
8436	8543
7703	8544
2284	8545
186	8546
6815	8547
6827	8548
2381	8549
3861	8550
11	8551
3721	8552
3671	8553
301	8554
4496	8555
423	8556
680	8557
3395	8558
2737	8559
8160	8560
2208	8561
6572	8562
1346	8563
1918	8564
934	8565
4124	8566
6187	8567
4129	8568
3375	8569
102	8570
877	8571
2529	8572
159	8573
2622	8574
5653	8575
7481	8576
5450	8577
5106	8578
6435	8579
69	8580
7769	8581
1611	8582
3102	8583
5903	8584
107	8585
3853	8586
4458	8587
7577	8588
1832	8589
5038	8590
3559	8591
3897	8592
3887	8593
5014	8594
4924	8595
3487	8596
7690	8597
2107	8598
6663	8599
1518	8600
2304	8601
2713	8602
5536	8603
5299	8604
521	8605
1772	8606
1514	8607
56	8608
602	8609
6866	8610
8409	8611
7429	8612
116	8613
795	8614
6070	8615
165	8616
2341	8617
198	8618
679	8619
8	8620
600	8621
957	8622
384	8623
2236	8624
5625	8625
6112	8626
220	8627
55	8628
2787	8629
5	8630
6936	8631
7339	8632
6183	8633
3865	8634
7802	8635
7625	8636
111	8637
7648	8638
452	8639
4463	8640
4345	8641
4637	8642
7786	8643
7298	8644
717	8645
4667	8646
3082	8647
3496	8648
3274	8649
678	8650
6939	8651
6317	8652
2593	8653
1511	8654
5764	8655
928	8656
7833	8657
905	8658
4242	8659
959	8660
1504	8661
7201	8662
1986	8663
8112	8664
2946	8665
7220	8666
4301	8667
2152	8668
644	8669
2155	8670
4087	8671
4241	8672
3731	8673
150	8674
3968	8675
1903	8676
1744	8677
8217	8678
562	8679
147	8680
824	8681
6049	8682
2970	8683
7615	8684
6487	8685
4827	8686
4285	8687
4754	8688
2535	8689
5496	8690
8076	8691
1224	8692
3423	8693
2412	8694
8011	8695
245	8696
5375	8697
6746	8698
346	8699
2286	8700
1716	8701
1803	8702
1485	8703
6413	8704
3553	8705
2370	8706
7908	8707
3028	8708
3544	8709
3733	8710
5334	8711
6368	8712
3730	8713
373	8714
6681	8715
4065	8716
2616	8717
3142	8718
12	8719
1325	8720
874	8721
3367	8722
188	8723
3893	8724
319	8725
5465	8726
5552	8727
6549	8728
182	8729
7886	8730
7442	8731
7621	8732
4584	8733
7006	8734
169	8735
2143	8736
6169	8737
2802	8738
5468	8739
7823	8740
7622	8741
7717	8742
8334	8743
1692	8744
2265	8745
7855	8746
508	8747
6017	8748
6178	8749
4117	8750
6496	8751
3675	8752
6055	8753
6019	8754
4997	8755
5673	8756
4916	8757
4381	8758
8024	8759
1867	8760
7976	8761
2031	8762
4990	8763
4991	8764
6548	8765
2072	8766
6712	8767
6618	8768
7100	8769
396	8770
4329	8771
1058	8772
4965	8773
530	8774
3504	8775
1673	8776
1503	8777
1976	8778
611	8779
2715	8780
4406	8781
7975	8782
8086	8783
5150	8784
2335	8785
6292	8786
4227	8787
6256	8788
3360	8789
7708	8790
330	8791
7505	8792
6257	8793
7840	8794
736	8795
6819	8796
6360	8797
123	8798
2297	8799
2331	8800
1191	8801
1219	8802
2097	8803
4438	8804
3339	8805
2728	8806
6977	8807
3345	8808
6714	8809
8198	8810
4353	8811
5007	8812
4199	8813
3880	8814
3026	8815
2599	8816
7526	8817
7461	8818
3200	8819
7404	8820
5849	8821
6488	8822
6265	8823
5854	8824
7471	8825
4158	8826
807	8827
4849	8828
1658	8829
3977	8830
3376	8831
561	8832
4801	8833
2349	8834
2922	8835
70	8836
2562	8837
8402	8838
7411	8839
4614	8840
1472	8841
4019	8842
871	8843
87	8844
7008	8845
39	8846
2259	8847
6351	8848
2986	8849
1648	8850
2849	8851
1201	8852
1410	8853
729	8854
12	8855
1131	8856
7109	8857
734	8858
1366	8859
4677	8860
4231	8861
3372	8862
6334	8863
6340	8864
6807	8865
7590	8866
6642	8867
310	8868
2651	8869
1598	8870
2874	8871
864	8872
1814	8873
46	8874
2279	8875
186	8876
216	8877
404	8878
6120	8879
1193	8880
5165	8881
3124	8882
1626	8883
2066	8884
250	8885
205	8886
3069	8887
1029	8888
6748	8889
1413	8890
1668	8891
4335	8892
5461	8893
3616	8894
5143	8895
2914	8896
585	8897
4666	8898
753	8899
753	8900
1456	8901
8295	8902
3998	8903
198	8904
2510	8905
2840	8906
2656	8907
1653	8908
4869	8909
1389	8910
387	8911
4534	8912
7507	8913
2655	8914
6455	8915
1963	8916
4732	8917
212	8918
7051	8919
4665	8920
2314	8921
4696	8922
6228	8923
450	8924
348	8925
477	8926
7555	8927
4511	8928
383	8929
3034	8930
4995	8931
5530	8932
5913	8933
8539	8934
40	8935
6853	8936
2237	8937
3827	8938
5352	8939
1283	8940
2645	8941
5631	8942
5640	8943
178	8944
803	8945
4362	8946
5969	8947
5692	8948
2963	8949
5700	8950
5122	8951
625	8952
6997	8953
1805	8954
4791	8955
2569	8956
1279	8957
1117	8958
5079	8959
4843	8960
3784	8961
157	8962
7910	8963
5924	8964
643	8965
6841	8966
7895	8967
4351	8968
4670	8969
1565	8970
207	8971
2725	8972
6475	8973
8053	8974
570	8975
1189	8976
3407	8977
133	8978
4391	8979
6068	8980
4649	8981
3324	8982
8181	8983
909	8984
2086	8985
8442	8986
788	8987
7981	8988
6736	8989
1291	8990
596	8991
396	8992
46	8993
4323	8994
3482	8995
891	8996
4030	8997
5049	8998
4271	8999
6327	9000
4509	9001
442	9002
4646	9003
5755	9004
1268	9005
4064	9006
4212	9007
436	9008
7114	9009
3718	9010
8114	9011
5547	9012
7184	9013
323	9014
2424	9015
119	9016
2619	9017
7185	9018
5998	9019
4763	9020
5092	9021
546	9022
961	9023
629	9024
1043	9025
3015	9026
226	9027
316	9028
5901	9029
4277	9030
1815	9031
3357	9032
4163	9033
2866	9034
4387	9035
7127	9036
4413	9037
7148	9038
5112	9039
4460	9040
3054	9041
5543	9042
7005	9043
7377	9044
4333	9045
880	9046
457	9047
6026	9048
827	9049
1343	9050
6615	9051
4104	9052
2717	9053
1459	9054
3466	9055
1060	9056
539	9057
5792	9058
4257	9059
2816	9060
6932	9061
1841	9062
2971	9063
3143	9064
33	9065
893	9066
7754	9067
1047	9068
2611	9069
6170	9070
738	9071
4421	9072
2277	9073
6311	9074
7081	9075
3194	9076
7007	9077
1738	9078
7787	9079
1205	9080
288	9081
3542	9082
6574	9083
4822	9084
4416	9085
2842	9086
613	9087
171	9088
2228	9089
8264	9090
7580	9091
7140	9092
183	9093
1267	9094
505	9095
321	9096
7421	9097
5624	9098
3735	9099
2011	9100
2015	9101
1752	9102
2043	9103
315	9104
5438	9105
2054	9106
4895	9107
1996	9108
3296	9109
721	9110
765	9111
5318	9112
765	9113
25	9114
3707	9115
5473	9116
5490	9117
5545	9118
1391	9119
7460	9120
5618	9121
8173	9122
2091	9123
1244	9124
6281	9125
840	9126
3857	9127
1306	9128
4197	9129
5378	9130
4873	9131
2998	9132
5456	9133
4944	9134
1542	9135
550	9136
3099	9137
4910	9138
4714	9139
2532	9140
2138	9141
416	9142
4475	9143
4761	9144
3183	9145
669	9146
5601	9147
8051	9148
385	9149
3814	9150
1250	9151
4644	9152
79	9153
549	9154
1466	9155
2127	9156
447	9157
447	9158
3006	9159
773	9160
212	9161
1089	9162
2831	9163
5413	9164
7152	9165
8031	9166
5215	9167
244	9168
611	9169
8405	9170
7841	9171
554	9172
4200	9173
5670	9174
5805	9175
7195	9176
8169	9177
4071	9178
6577	9179
3958	9180
7720	9181
5570	9182
741	9183
7704	9184
3014	9185
7020	9186
3402	9187
6240	9188
4488	9189
3	9190
32	9191
4152	9192
527	9193
3031	9194
8462	9195
7160	9196
321	9197
1171	9198
3254	9199
5730	9200
8380	9201
51	9202
3954	9203
1471	9204
586	9205
742	9206
802	9207
8127	9208
5075	9209
6346	9210
60	9211
546	9212
2935	9213
38	9214
6154	9215
1174	9216
4727	9217
4005	9218
2366	9219
1900	9220
6896	9221
2641	9222
5806	9223
4523	9224
5453	9225
3514	9226
7385	9227
5436	9228
167	9229
3236	9230
6006	9231
380	9232
200	9233
3591	9234
4735	9235
4576	9236
7343	9237
2828	9238
1836	9239
7798	9240
4495	9241
360	9242
1018	9243
8085	9244
4598	9245
4264	9246
6989	9247
4319	9248
1936	9249
3348	9250
4239	9251
4593	9252
8483	9253
2724	9254
944	9255
2974	9256
4208	9257
1876	9258
5042	9259
7561	9260
110	9261
6186	9262
3682	9263
3075	9264
6580	9265
622	9266
3691	9267
6592	9268
1446	9269
710	9270
7375	9271
863	9272
488	9273
292	9274
1733	9275
5783	9276
4691	9277
7077	9278
3449	9279
7409	9280
3955	9281
4535	9282
6762	9283
2144	9284
4536	9285
139	9286
830	9287
502	9288
5044	9289
2227	9290
8394	9291
5561	9292
8457	9293
3061	9294
7759	9295
43	9296
5687	9297
1573	9298
8137	9299
6857	9300
747	9301
8356	9302
7202	9303
2952	9304
7203	9305
1494	9306
35	9307
7210	9308
8230	9309
5991	9310
4256	9311
4550	9312
7805	9313
7953	9314
5528	9315
4591	9316
1865	9317
72	9318
639	9319
407	9320
2073	9321
2327	9322
285	9323
7136	9324
5342	9325
5474	9326
4641	9327
1312	9328
1706	9329
4178	9330
5472	9331
33	9332
4035	9333
439	9334
1532	9335
4757	9336
5035	9337
2933	9338
7933	9339
944	9340
28	9341
565	9342
1629	9343
3401	9344
4317	9345
5957	9346
7240	9347
103	9348
3343	9349
8220	9350
3366	9351
2897	9352
6833	9353
3392	9354
7211	9355
3649	9356
2022	9357
637	9358
7223	9359
3260	9360
3408	9361
4769	9362
158	9363
8054	9364
652	9365
7813	9366
2485	9367
4469	9368
3342	9369
5550	9370
799	9371
770	9372
5274	9373
7994	9374
8128	9375
444	9376
235	9377
19	9378
2215	9379
6480	9380
4100	9381
712	9382
2919	9383
5696	9384
1464	9385
6569	9386
5796	9387
6075	9388
2387	9389
2342	9390
387	9391
180	9392
5802	9393
2749	9394
918	9395
4616	9396
7817	9397
2402	9398
6793	9399
5071	9400
410	9401
17	9402
8247	9403
5406	9404
4600	9405
8554	9406
1266	9407
4081	9408
8354	9409
2149	9410
7242	9411
4983	9412
606	9413
1990	9414
1929	9415
510	9416
3658	9417
1136	9418
7244	9419
1840	9420
4068	9421
2108	9422
2372	9423
5251	9424
6331	9425
787	9426
2959	9427
85	9428
209	9429
1023	9430
4545	9431
1821	9432
4118	9433
4926	9434
751	9435
135	9436
243	9437
2062	9438
3993	9439
8276	9440
6925	9441
4382	9442
5706	9443
6319	9444
108	9445
8183	9446
942	9447
3322	9448
6031	9449
4595	9450
7478	9451
3298	9452
8074	9453
3590	9454
1965	9455
478	9456
8019	9457
6879	9458
3600	9459
14	9460
2948	9461
7506	9462
3724	9463
1112	9464
717	9465
2291	9466
6374	9467
7753	9468
2876	9469
3510	9470
2719	9471
3486	9472
756	9473
7467	9474
3283	9475
5936	9476
1719	9477
149	9478
5223	9479
3599	9480
7571	9481
6694	9482
7266	9483
4106	9484
665	9485
1185	9486
4804	9487
4978	9488
6638	9489
3493	9490
783	9491
3676	9492
8398	9493
521	9494
4898	9495
5094	9496
5807	9497
3557	9498
293	9499
2002	9500
8134	9501
7446	9502
1111	9503
842	9504
7251	9505
6325	9506
757	9507
1454	9508
7275	9509
2197	9510
2057	9511
569	9512
2894	9513
533	9514
492	9515
491	9516
5933	9517
7350	9518
172	9519
5648	9520
6129	9521
59	9522
7665	9523
7518	9524
2038	9525
1482	9526
3251	9527
7496	9528
1808	9529
1002	9530
1447	9531
7532	9532
829	9533
1812	9534
796	9535
6165	9536
800	9537
800	9538
3908	9539
961	9540
5737	9541
1722	9542
7701	9543
5424	9544
1140	9545
58	9546
3389	9547
66	9548
6966	9549
646	9550
3097	9551
727	9552
1290	9553
1497	9554
2355	9555
489	9556
7272	9557
172	9558
5201	9559
4694	9560
4522	9561
5198	9562
5911	9563
7196	9564
7158	9565
266	9566
5297	9567
5430	9568
4825	9569
4342	9570
7986	9571
8224	9572
6392	9573
251	9574
1644	9575
1243	9576
5485	9577
11	9578
3261	9579
3785	9580
5978	9581
904	9582
5203	9583
2825	9584
217	9585
277	9586
5051	9587
4449	9588
4941	9589
8163	9590
7168	9591
6150	9592
4527	9593
5707	9594
7053	9595
8124	9596
3561	9597
5476	9598
4521	9599
328	9600
5441	9601
4294	9602
509	9603
8102	9604
1051	9605
7036	9606
3168	9607
7560	9608
6611	9609
3390	9610
2832	9611
6274	9612
5230	9613
675	9614
5005	9615
6593	9616
7706	9617
1569	9618
541	9619
25	9620
7519	9621
5304	9622
2720	9623
2211	9624
6390	9625
599	9626
4560	9627
7365	9628
7961	9629
2818	9630
4310	9631
6177	9632
2960	9633
6241	9634
4179	9635
1166	9636
668	9637
687	9638
400	9639
674	9640
6557	9641
6224	9642
740	9643
7135	9644
122	9645
6560	9646
5619	9647
4925	9648
1130	9649
2730	9650
250	9651
30	9652
7973	9653
3470	9654
8529	9655
524	9656
4500	9657
3249	9658
3573	9659
94	9660
4395	9661
5389	9662
5311	9663
1779	9664
225	9665
808	9666
261	9667
3442	9668
212	9669
92	9670
771	9671
8191	9672
1090	9673
1643	9674
2568	9675
8373	9676
39	9677
6364	9678
987	9679
3706	9680
756	9681
4712	9682
7070	9683
8125	9684
5971	9685
1877	9686
1796	9687
4359	9688
6870	9689
7407	9690
2634	9691
777	9692
73	9693
6690	9694
6018	9695
776	9696
1813	9697
3673	9698
109	9699
5769	9700
1363	9701
5358	9702
18	9703
5787	9704
7212	9705
2470	9706
8282	9707
3907	9708
5644	9709
2271	9710
4673	9711
357	9712
630	9713
945	9714
2266	9715
6461	9716
3472	9717
718	9718
6446	9719
2781	9720
1096	9721
5029	9722
982	9723
2523	9724
8294	9725
4292	9726
4794	9727
3667	9728
1416	9729
1839	9730
4830	9731
2796	9732
3729	9733
8455	9734
5703	9735
443	9736
5555	9737
1100	9738
6995	9739
90	9740
4981	9741
7395	9742
978	9743
348	9744
663	9745
4815	9746
8	9747
2723	9748
4984	9749
2451	9750
8311	9751
787	9752
49	9753
454	9754
6300	9755
1588	9756
1942	9757
2249	9758
4911	9759
7483	9760
1252	9761
2320	9762
5910	9763
2547	9764
3275	9765
2255	9766
8392	9767
23	9768
2745	9769
5986	9770
5916	9771
4752	9772
6291	9773
6398	9774
2652	9775
40	9776
7341	9777
7309	9778
7396	9779
5178	9780
4785	9781
3832	9782
2794	9783
725	9784
3133	9785
7209	9786
1970	9787
3222	9788
4489	9789
7113	9790
3898	9791
474	9792
2689	9793
3932	9794
2010	9795
5944	9796
4574	9797
4146	9798
46	9799
643	9800
5142	9801
8519	9802
6650	9803
3698	9804
994	9805
733	9806
4069	9807
856	9808
715	9809
3171	9810
7516	9811
1326	9812
1177	9813
3023	9814
3086	9815
7268	9816
922	9817
1599	9818
1120	9819
3985	9820
1300	9821
6250	9822
257	9823
4824	9824
3812	9825
3116	9826
3180	9827
337	9828
7927	9829
556	9830
7752	9831
2049	9832
7198	9833
867	9834
7647	9835
6886	9836
3605	9837
64	9838
7026	9839
6934	9840
6149	9841
648	9842
8530	9843
6933	9844
6502	9845
2990	9846
594	9847
8078	9848
1407	9849
4959	9850
8107	9851
385	9852
91	9853
4864	9854
7996	9855
947	9856
894	9857
5497	9858
2747	9859
857	9860
2454	9861
3216	9862
8140	9863
2940	9864
2853	9865
3964	9866
2162	9867
7328	9868
3628	9869
4055	9870
1495	9871
1552	9872
865	9873
7032	9874
79	9875
107	9876
3878	9877
774	9878
371	9879
5887	9880
1297	9881
855	9882
3005	9883
2019	9884
6369	9885
4332	9886
2114	9887
8536	9888
7738	9889
8139	9890
5870	9891
1105	9892
1249	9893
5878	9894
7204	9895
776	9896
167	9897
2891	9898
6916	9899
5270	9900
6630	9901
1563	9902
3209	9903
604	9904
2357	9905
2846	9906
6743	9907
3179	9908
7284	9909
4499	9910
587	9911
6459	9912
2811	9913
5864	9914
512	9915
6788	9916
1816	9917
911	9918
7417	9919
7044	9920
4609	9921
2495	9922
2705	9923
7074	9924
7331	9925
799	9926
3090	9927
964	9928
415	9929
8187	9930
646	9931
4530	9932
7915	9933
1593	9934
7334	9935
3810	9936
7045	9937
1269	9938
8357	9939
4876	9940
1314	9941
7865	9942
3831	9943
5166	9944
8313	9945
254	9946
4031	9947
6101	9948
8497	9949
2834	9950
7436	9951
3377	9952
3839	9953
3071	9954
2339	9955
101	9956
619	9957
3227	9958
7439	9959
156	9960
3829	9961
8215	9962
304	9963
7150	9964
8489	9965
831	9966
3889	9967
543	9968
8345	9969
5754	9970
5742	9971
1888	9972
140	9973
733	9974
6646	9975
555	9976
7991	9977
662	9978
945	9979
5987	9980
3347	9981
7990	9982
1028	9983
7449	9984
3513	9985
926	9986
1721	9987
984	9988
7448	9989
5	9990
5756	9991
2770	9992
5999	9993
3167	9994
7443	9995
5942	9996
32	9997
1616	9998
5556	9999
6894	10000
