1887	109	3	15.85
955	109	6	31.72
4404	12	3	13.4
12	884	8	21.79
104	2633	5	31.66
139	695	3	18.56
187	962	4	37.6
564	103	6	16.02
694	101	4	7.06
207	108	8	14.87
130	462	4	20.72
111	144	11	11.45
713	103	18	107.95
117	840	6	32.84
409	106	4	8.03
2397	103	4	21.07
153	150	3	7.46
108	176	8	9.76
113	846	8	47.15
115	210	4	4.56
115	153	14	29.4
238	121	4	10
102	455	7	14.64
104	1800	7	43.84
856	125	6	42.85
3361	14	3	11.04
102	2693	4	21.16
718	160	3	22
2009	14	3	6.75
941	108	3	10.79
3987	14	3	13.16
104	1091	11	68.24
116	229	4	5.87
367	151	5	33.45
116	117	48	59.69
130	152	11	39.23
830	103	5	15.78
9	13	3	5.57
113	1712	4	24.05
107	213	10	19.15
107	316	7	17.13
329	123	3	9.11
162	114	7	7.99
102	1675	3	9.69
1970	103	9	68.62
122	1205	5	34.85
133	240	6	27.61
104	2886	4	24.4
4440	103	4	30.49
114	162	7	7.99
390	627	8	100.13
103	112	135	144.65
104	4171	3	19.51
4183	14	3	13.16
338	120	7	31.71
3465	14	5	29.25
301	123	7	31.11
131	1044	3	19.84
250	102	7	5.78
4995	109	3	27.18
132	197	7	29.61
122	187	5	11.05
2091	103	4	19.58
114	488	7	30.45
101	2013	3	9.94
106	1573	4	19.43
1210	193	3	28.46
878	106	3	8.83
356	14	21	57.07
533	108	3	7.41
138	167	11	50.53
784	14	4	4.24
259	106	17	60.44
186	600	3	22.85
765	105	3	7.67
1439	14	3	5.04
6130	125	3	33.92
117	199	18	69.73
221	102	18	35.36
933	3060	4	66.6
240	172	3	14.45
119	785	3	13.37
298	12	12	13.72
384	143	5	31.58
224	599	4	35.9
3032	12	3	9.79
172	103	141	846.88
1369	14	6	17.92
380	2632	3	40.07
257	220	3	18.46
275	605	6	64.14
1166	101	5	16.57
420	14	14	30.83
118	916	4	20.44
235	222	4	25.81
115	604	4	15.05
113	123	20	13.54
165	107	83	426.41
1254	12	3	4.41
104	3747	4	27
332	172	3	17.52
2932	102	3	13.36
103	206	7	4.41
114	251	22	109.93
122	373	3	10.16
1132	102	4	11.36
1250	103	4	14.19
336	103	6	10.03
1879	103	7	43.92
274	326	3	22.95
162	128	3	4.13
584	14	8	14.43
2033	134	7	74.99
257	372	4	33.78
121	263	4	11.29
565	105	4	9.91
208	106	7	8.21
106	515	3	5.72
1149	12	3	4.05
520	143	3	17.59
133	206	5	18.44
12	184	143	743.4
113	1240	8	55.8
364	204	9	83.94
1162	102	8	37.04
182	318	8	64.79
107	301	5	8.69
107	105	203	341.87
102	1114	3	6.8
106	1077	3	10.18
4562	14	3	13.16
1227	14	7	22.31
9	14	229	443.1
102	491	13	46.62
115	414	6	22.73
109	796	5	22.09
212	143	6	28.43
3341	111	4	31.72
598	102	4	6.59
131	531	7	48.71
791	114	5	24.01
359	102	8	15.48
108	190	5	4.37
2597	12	5	21.49
126	136	5	5.67
112	519	5	17.95
381	106	4	7.43
901	14	5	8.41
102	158	18	15.07
464	9	9	55.71
573	151	5	38.52
107	417	7	22.3
855	105	4	13.22
2736	12	3	9.79
112	4161	3	23.15
117	734	3	11.11
111	170	14	31.11
163	186	8	44.85
550	124	3	13.31
108	1539	4	21.75
1307	111	8	56.2
104	617	7	24.71
102	363	6	8.81
1281	14	5	12.81
109	2604	3	17.71
115	483	5	18.34
3479	101	4	23.1
377	114	3	6.72
131	210	3	7.9
105	1595	4	18.93
829	102	5	13.7
130	181	4	9.6
1119	104	6	27.15
149	228	4	17.77
440	112	4	11.37
101	507	5	7.93
1654	103	11	83.88
309	108	17	80.13
101	254	9	9.83
687	281	4	40.37
130	366	4	18.91
2411	12	4	14.48
550	12	7	10.16
1509	12	3	5.25
105	1340	3	11.12
482	208	6	54.29
1619	12	3	5.75
112	566	7	31.37
102	117	107	76.65
602	9	3	13.44
1068	14	5	10.59
1143	3785	3	50.33
196	2661	3	33.79
142	523	4	25.8
130	1710	3	22.7
2200	103	3	12.51
222	103	13	23.13
506	14	7	8.68
471	141	3	16.74
105	1781	4	19.86
3387	119	3	24.24
114	450	3	7.58
139	246	3	11.06
2993	12	4	16.29
412	116	7	28.95
1179	102	5	17.32
1200	12	3	4.05
899	103	7	28.05
274	449	3	25.29
198	855	3	26.19
257	103	7	8.37
4493	103	4	30.49
117	240	8	23.18
221	268	3	18.82
107	2220	3	15.04
110	187	15	41.73
1196	103	8	40.58
121	193	4	7.48
374	14	8	7.7
133	274	5	23.48
2250	102	3	11.21
617	104	3	5.65
236	138	13	83.77
272	102	9	12.64
117	4813	3	28.85
120	163	4	4.17
882	102	5	14.21
103	199	14	22.56
12	1583	10	52.71
118	2409	3	20.34
115	1044	3	12.81
128	309	3	10.62
102	942	4	9.97
1973	102	3	10.39
112	819	5	23.33
109	245	6	11.76
762	14	5	7.15
1727	110	4	23.28
107	1970	3	14.2
114	120	16	4.97
463	14	8	10.29
1881	106	6	39.1
112	802	4	16.34
150	1193	4	34.83
102	2304	4	19.29
152	123	38	199.7
803	109	3	10.07
570	104	12	55.25
1035	124	7	54.5
1485	126	5	40.38
125	211	3	6.51
179	280	6	41.98
1926	12	3	6.97
175	107	8	6.81
121	123	22	39.01
117	508	8	39.29
110	175	8	10.6
3359	103	4	25.53
1422	14	3	5.04
101	1000	4	10.29
3486	110	3	20.77
1087	103	13	83.82
4272	110	3	22.99
163	2555	3	30.85
101	663	5	10.52
3608	110	3	20.77
1666	14	5	14.75
113	1589	5	31.7
12	509	10	19.51
104	3020	4	24.4
384	292	4	35.81
175	412	18	189.19
112	5648	3	27.63
107	2237	4	23.01
6284	2	3	29.65
117	206	9	23.27
110	475	3	7.05
222	147	3	11.29
105	1764	8	56.32
184	244	4	23.55
102	628	6	15.17
112	1059	5	26.41
120	1269	3	16.9
114	485	6	24.17
122	217	4	9.31
103	435	11	36.96
109	2798	3	18.93
104	5888	3	23.97
587	105	3	6.2
3046	103	4	22.94
104	5804	3	23.97
153	341	3	16.55
126	105	18	5.13
1006	14	5	9.97
126	169	3	4.12
112	2702	5	40.67
193	154	3	10.99
386	167	4	26.96
2324	14	3	8.43
476	194	5	41.98
215	121	14	64.23
630	12	7	12.24
113	718	4	15.81
115	329	3	5.68
106	2005	9	75.71
102	201	11	10.21
238	104	27	102.59
102	276	7	7.22
101	1429	3	8.09
133	988	4	29.62
104	4606	3	19.51
104	4530	3	19.51
1589	102	3	9.07
1971	136	3	25.36
2621	107	3	16.04
273	104	16	51.05
3715	103	3	16.23
1271	125	3	19.45
154	169	3	8.99
1184	14	4	7.21
118	1603	4	25.47
2278	125	4	34.17
144	1582	3	25.2
105	164	20	38.72
102	4167	4	28.69
2255	14	3	7.51
105	312	5	8.21
130	279	3	10.12
514	113	3	8.17
358	12	10	13.16
1468	12	7	25.74
218	1992	3	32.77
737	102	8	27.72
243	111	4	5.53
123	170	5	8.97
104	5629	3	23.97
115	382	5	16.04
103	690	6	18.55
445	114	5	17.52
621	113	4	14.88
767	102	12	54.85
142	627	3	18.94
118	336	7	28.39
669	326	3	29.67
185	144	3	8.85
223	105	9	15.48
1968	14	3	6.75
102	4909	3	21.51
1498	103	10	65.52
1070	130	3	19.51
112	1938	4	24.58
1274	14	3	4.21
120	265	4	10.65
728	9	3	14.61
3043	14	3	9.56
104	2802	4	24.4
104	2870	6	47.95
965	111	7	40.41
110	186	5	4.52
371	114	5	15.77
316	201	3	19.49
104	1231	8	45.04
3772	12	3	11.27
118	844	3	12.87
414	102	7	14.02
583	113	5	20.18
122	456	3	11.34
114	218	7	15.27
3508	103	4	25.53
817	134	3	18.76
254	117	4	7.31
1243	14	5	11.99
4643	110	3	22.99
972	14	4	5.87
102	694	4	7.6
102	643	7	20.42
105	5541	3	24.84
101	1945	3	9.94
114	472	9	43.53
105	5465	3	24.84
103	426	4	5.77
113	152	19	47.65
102	2622	4	19.29
105	1620	3	12.21
641	373	3	30.68
689	12	7	13.23
103	4698	3	18.42
136	660	3	18.05
112	3562	3	20.94
105	924	5	19.96
1102	109	3	12.02
1502	12	3	5.25
129	121	16	30.32
101	806	3	4.67
124	117	23	28.98
178	14	24	16.07
120	398	10	57.2
821	103	5	15.78
106	118	56	49.44
1411	125	7	62.93
3588	110	5	45.78
2534	125	3	24.39
116	421	5	17.5
2996	106	3	17
188	174	5	24.76
1217	102	7	31.19
101	244	11	14.52
202	157	4	18.08
563	126	3	14.26
503	109	3	7.24
113	830	6	31.26
104	3388	3	17.32
219	113	4	4.75
103	983	3	7.32
115	269	8	25.23
890	103	19	137.02
2569	125	3	24.39
118	523	4	15.34
791	144	3	20.61
108	112	37	11.5
2111	106	4	22.67
118	6389	3	29.84
362	105	9	28.72
108	411	3	6.02
6585	103	3	22.87
349	14	8	6.78
894	12	7	16.99
103	794	3	6.19
113	1087	4	19.63
1325	12	3	4.8
1209	107	3	11.25
107	1548	4	19.76
21	2	3	10.15
3368	124	3	26.47
1869	111	9	82.6
750	111	6	28.43
104	4416	3	19.51
102	1282	5	18.98
102	1206	4	12.5
581	2	3	10.34
140	163	4	11.12
105	103	98	16.15
105	247	6	8.19
159	103	11	5.58
1144	103	11	66.66
101	512	7	15.38
1540	108	3	14.3
2555	14	3	8.43
101	570	7	17.42
949	112	3	11.71
104	2279	5	29.48
133	775	3	18.36
113	1630	6	41.04
130	123	13	22.19
198	107	14	32.89
108	1164	3	12.27
383	143	7	49.23
1259	12	3	4.41
137	120	27	90.55
122	864	3	15.55
304	112	6	16.1
124	2113	4	33.19
2402	14	4	14.17
148	315	4	21.9
103	894	3	6.72
517	121	3	11.77
2954	12	3	9.79
118	423	22	159.87
111	114	32	11.87
1514	501	5	70.56
136	206	4	13.94
118	1310	4	23.87
483	121	3	11.28
309	103	7	11.73
102	1446	3	8.52
107	367	4	7.43
119	148	5	4.28
1134	106	6	29.6
2182	125	6	58.89
8	735	3	14.05
2967	14	3	9.56
983	14	8	23.17
104	169	9	5.45
110	453	3	6.78
112	3579	3	20.94
201	455	4	31.91
12	495	6	6.06
124	276	3	8.41
1564	12	3	5.75
102	1899	4	16.6
16	159	5	18.56
128	495	3	13.84
1614	102	4	14.66
104	3671	3	17.32
109	2848	4	28.65
192	1712	3	30.75
779	241	4	39.48
167	152	4	13.77
200	118	5	9.09
132	105	22	19.6
2064	14	3	7.51
102	4647	3	17.07
102	2403	3	12.18
143	14	70	98.46
448	458	3	29.32
118	627	3	11.12
118	678	4	17.77
142	130	5	8.29
910	14	4	5.49
152	196	3	11.2
125	108	13	4.02
1309	14	3	4.61
365	12	7	5.57
746	102	7	22.18
120	1576	4	27.43
104	2855	5	34.59
1815	12	4	10.89
107	684	3	7.55
6449	101	3	21.03
135	158	8	29.44
530	101	4	5.24
292	804	3	29.8
5280	103	3	22.87
239	432	3	23.61
138	210	3	9.16
138	153	3	5.64
264	121	7	27.43
112	886	12	83.83
2628	119	5	43.24
118	927	5	28.04
109	363	5	13.77
113	2925	4	29.8
1913	14	3	6.75
141	609	3	18.56
8	666	3	13.56
558	103	30	214.02
106	3062	3	17
109	1196	6	34.38
339	14	7	4.31
150	259	9	60.61
117	176	7	10.38
205	1149	3	28.58
6139	103	3	22.87
1395	12	3	5.25
412	12	9	12.49
2518	12	3	8.65
122	1452	4	27.88
1162	109	4	19.08
120	121	20	27.09
108	3451	4	31.04
129	398	8	50.67
162	141	4	11.19
135	117	22	46.74
121	152	6	9.65
1496	106	9	62.3
281	8	3	7.51
818	101	3	4.91
109	117	47	40.38
679	106	3	7.32
461	101	4	4.23
196	111	24	96.72
2145	104	7	49.95
721	102	6	16.54
147	121	44	224.18
218	116	6	11.95
114	149	36	128.03
164	769	4	32.75
853	2	4	19.33
199	327	3	19.65
108	378	5	13.91
619	111	6	25.96
114	2445	4	28.32
270	113	6	15.14
4571	12	3	13.4
355	110	3	5.64
1577	105	3	12.21
137	162	8	30.83
657	14	5	5.8
107	1374	3	11.73
636	105	3	6.58
103	824	3	6.45
210	174	12	85.97
12	2000	8	41.27
107	310	4	5.78
112	1547	5	31.02
158	1104	3	24.75
1009	106	4	15.48
102	3930	4	28.69
216	114	16	60.11
4731	102	3	17.07
3306	12	3	11.27
149	172	5	18.49
109	2064	6	45.42
1964	12	3	6.97
1380	2492	4	68.19
6	4868	3	50.31
116	388	4	11.58
202	287	3	18.69
102	1367	3	8.03
134	173	6	19.74
182	4731	4	56.09
363	14	10	12.87
106	831	7	32.56
137	561	5	33.97
112	582	9	46.02
113	737	11	70.02
115	167	28	104.1
393	14	8	8.48
105	1152	8	45.76
359	109	3	5.4
130	1106	5	38.34
3570	109	3	20.49
2883	104	4	24.4
233	12	18	20.86
116	1146	3	13.85
1978	102	4	16.6
573	300	4	39.55
102	260	32	120.92
112	368	15	77.87
1929	12	4	11.88
1783	592	3	40.36
127	175	3	4.66
2827	132	3	27.6
108	287	4	6.64
12	2166	3	7.73
150	808	3	21.66
1780	14	5	15.93
324	12	7	3.89
597	116	3	9.61
955	102	7	26.76
974	12	4	6.13
1258	102	4	12.5
203	12	13	4.96
119	547	3	11.19
119	429	7	34.79
140	182	3	8.25
764	210	3	25.94
2443	109	3	17.71
101	475	6	10.59
3285	119	3	24.24
102	1227	5	18.11
102	1279	8	40.33
202	378	4	30.6
107	251	7	12.8
2162	103	6	36.84
887	115	4	18.15
5465	103	3	22.87
105	220	10	18.55
1570	152	3	26.71
970	103	8	36.71
136	479	16	145.09
683	14	6	9.21
173	106	10	10.78
2415	14	3	8.43
577	14	5	4.72
103	2602	3	13.49
2510	110	5	37.44
1785	108	3	14.95
1646	14	3	5.54
102	2694	3	13.36
115	397	6	22.18
103	674	3	5.3
321	107	8	22.09
102	470	6	11.4
122	1034	5	33.37
112	182	25	92.69
2795	111	5	40.49
105	1953	5	29.17
102	4420	4	28.69
461	145	4	24.89
109	276	10	32.62
665	577	4	47.31
112	616	6	26.17
104	6127	3	23.97
267	108	4	5.87
540	813	3	34.45
146	105	38	91.97
105	2477	6	43.98
2086	14	3	7.51
104	2825	4	24.4
105	723	9	42.39
484	102	11	34.69
2980	111	4	29.1
348	647	4	42.64
105	679	10	48.7
549	114	4	13.97
118	1924	3	18.47
221	109	10	25.28
105	979	5	20.56
163	693	3	21.86
1461	12	3	5.25
104	192	67	341.77
1425	140	3	24.2
197	282	12	108.9
110	357	3	5.64
114	1320	3	14.5
102	2045	5	25.44
101	730	3	4.23
405	106	3	4.56
12	591	23	104.57
278	14	20	35.58
101	1898	3	9.94
112	991	3	12.07
102	644	12	49.82
101	2002	4	15.98
176	319	4	25.45
6452	103	3	22.87
249	14	15	14.92
105	1645	5	26.44
777	12	6	10.98
143	190	16	101.47
105	1748	3	12.85
378	12	13	24.73
104	1541	5	25.02
1296	143	8	84.03
271	117	3	4.65
245	546	3	25.49
429	102	4	4.4
101	1944	3	9.94
112	861	7	38.85
115	636	4	15.34
405	119	6	27.3
1528	113	3	15.3
480	124	4	18.94
642	147	4	28.87
4508	1776	3	55.36
315	109	3	4.36
112	1682	4	23.51
101	597	5	9.55
1367	12	4	8.62
104	3006	5	34.59
105	857	13	80.05
494	542	7	86.32
104	150	31	64.5
129	177	29	176.22
456	101	4	4.23
150	544	5	37.27
319	110	4	8.15
110	117	40	28.29
120	213	4	7.9
107	835	5	19.89
253	155	3	14.05
703	12	4	3.96
107	783	4	13.27
214	313	3	19.97
104	2803	4	24.4
103	1447	3	9.78
961	104	10	55.5
545	166	4	29.8
113	402	3	6.79
123	743	4	21.65
1056	109	14	111.15
12	1534	3	5.75
371	115	7	26.85
919	108	11	73.4
125	152	6	12.96
803	103	3	6.19
1778	101	3	9.24
142	117	8	6.94
109	322	10	37.65
123	160	4	5.03
157	128	3	3.92
210	146	7	35.51
321	120	3	8.03
1181	134	14	161.92
496	105	9	34.39
1556	111	3	14.8
1192	12	3	4.05
1221	12	4	8.03
1297	107	4	18.19
130	138	28	128.48
105	298	6	11.09
129	2220	3	24.13
514	14	9	15.61
102	1281	6	25.48
102	1205	6	23.35
1708	14	6	22.08
654	14	7	12.25
101	554	4	5.64
1943	106	5	29.81
104	2444	3	14.56
112	1169	3	12.86
354	109	4	9.08
880	12	7	16.99
101	2902	3	12.9
117	722	10	62.82
105	416	5	11.72
2453	104	3	14.56
126	163	6	14.49
166	400	3	18.62
280	102	6	5.2
102	3085	5	30.51
108	113	41	19.97
138	788	3	19.27
3417	108	5	45.03
115	193	7	12.89
296	1483	3	34
112	488	5	17.13
726	14	6	9.64
105	6160	3	24.84
170	205	4	19.27
1851	117	3	17.5
1090	101	5	15.85
115	3030	3	20.15
12	3470	5	29.65
118	374	5	18.06
107	1199	3	10.82
195	199	5	29.52
102	175	17	17.03
115	221	4	5.22
327	12	10	10.53
115	123	51	113.97
352	178	3	18.68
1170	124	8	67.86
273	16	3	14.3
202	113	5	6.7
433	111	35	284.02
1273	12	3	4.41
508	282	8	87.69
824	14	7	15.76
118	1309	3	15.93
1383	14	5	12.81
455	14	12	23.82
953	106	6	27.91
104	751	14	79.69
116	261	5	11.19
216	112	4	4.3
4022	12	3	13.4
102	1234	3	7.58
145	547	9	75.78
145	429	4	24.48
115	1240	3	14.06
102	373	12	33.6
112	251	9	26.23
112	327	16	78.78
102	475	6	11.4
1110	102	5	16.6
1075	12	5	10.94
101	1159	6	22.43
1623	109	5	30.28
4722	119	3	26.46
108	509	7	28.22
199	198	6	38.19
819	391	3	32.55
426	552	4	43.28
725	101	3	4.03
103	141	15	6.03
346	103	5	6.99
452	151	10	86.41
128	171	5	12
147	169	3	7.98
102	984	10	47.44
194	143	4	14.72
2501	140	5	54.44
1597	102	3	9.07
1951	104	3	12.74
659	102	3	4.03
1355	104	6	30.27
1579	12	3	5.75
5320	1892	3	60.62
274	342	3	23.48
638	12	5	5.81
4960	6	3	50.31
113	1323	3	14.19
12	303	35	118.28
3673	101	3	14.42
225	336	4	30.9
120	301	3	7.52
2114	14	3	7.51
107	786	4	13.27
102	1747	3	9.69
105	2494	4	23.66
998	14	7	19.01
120	105	59	72.44
120	351	5	19.81
864	14	6	12.21
120	500	11	70.2
268	111	40	256.34
339	126	3	11.05
129	136	5	6.55
2616	12	4	14.48
141	1894	5	50.61
431	119	4	15.29
105	1787	4	19.86
184	155	3	10.59
2247	14	3	7.51
3167	14	3	11.04
113	164	8	10.27
3920	277	3	42.23
122	158	6	11.22
1723	103	8	51.08
609	103	3	4.74
320	118	3	6.72
110	155	14	26.87
2088	288	3	36.55
117	425	5	17.81
283	111	17	77.49
227	126	5	16.94
121	210	5	12.34
511	123	3	11.96
2783	103	4	22.94
325	14	17	32.67
4257	103	3	18.42
120	177	73	518.56
107	817	3	8.51
120	218	5	12.2
101	1032	3	6.04
104	6111	3	23.97
103	144	33	51.97
112	632	3	9.07
702	101	3	4.03
102	927	3	5.84
109	186	9	15.64
1750	12	3	6.31
132	369	5	27.78
152	153	9	42.43
839	102	3	5.3
717	12	4	3.96
2	13	14	54
179	352	5	36.72
288	454	16	199.73
113	231	11	34.61
7	975	12	142.87
138	152	3	5.54
109	2662	5	36.98
122	117	14	5.86
114	566	7	33.03
2001	14	4	11.58
113	1497	3	14.72
333	130	3	11.7
133	467	3	15.1
105	4412	3	20.38
204	14	18	13.09
101	643	6	14.74
101	694	4	7.06
4835	3192	3	65.35
118	1622	5	34.67
110	455	5	16.12
104	121	113	257.22
1679	12	3	6.31
155	484	5	37.2
548	12	8	13.53
202	286	4	27.27
3431	111	3	20.84
1170	12	3	4.05
119	344	3	8.36
668	143	4	28.37
119	194	5	9.94
105	521	6	18.55
188	146	4	14.33
1744	125	6	54.44
111	112	37	14.59
510	191	3	22.31
611	14	13	37.92
301	1726	5	65.59
322	849	8	101.48
112	2734	3	19.38
1581	14	3	5.54
108	128	13	5.11
149	1180	10	110.1
517	105	4	9.24
127	188	4	9.63
102	6243	3	21.51
170	114	13	30.34
114	902	3	11.76
123	527	5	25.74
113	686	7	35.52
112	197	35	171.62
532	104	5	12.64
137	107	32	61.49
112	331	6	17.74
101	1358	3	7.6
102	348	5	5.29
858	12	6	12.04
5566	102	3	21.51
3145	106	3	17
131	193	3	7.26
2343	101	3	11.72
1824	14	4	10.6
870	106	15	103.87
437	118	4	14.09
101	388	19	71.54
101	588	7	17.89
105	3139	3	16.62
112	1608	4	22.57
120	725	5	27.42
785	111	5	22.16
404	109	3	6.17
1949	12	3	6.97
251	1473	5	60.22
959	12	7	18.62
105	297	20	84.88
130	211	7	28.29
2098	124	3	22.63
581	108	5	18.21
102	1280	6	25.48
123	227	11	48.58
2698	14	4	15.98
1766	14	3	6.1
218	703	4	37.04
102	394	15	51.25
1361	14	3	4.61
105	3683	3	18.18
164	103	10	4.46
295	102	14	33.9
118	260	6	17.55
941	102	5	14.74
518	2	6	27.66
131	297	3	11.36
482	178	6	50.07
1338	145	4	34.75
180	102	12	7.92
104	1971	3	12.74
3915	3178	3	60.85
108	114	31	8.1
141	325	3	14.14
166	383	3	18.36
430	385	3	28.17
573	105	3	6.03
103	929	3	7.01
122	628	3	13.47
102	217	8	5.22
592	14	8	14.43
107	1217	6	32.08
195	112	15	45.62
145	148	3	5.62
1245	101	3	7.15
106	740	7	30.41
8	251	3	6.53
694	111	3	9.4
111	257	5	9.38
105	473	9	33.37
733	116	3	10.93
606	102	12	47.69
662	119	3	12.39
2836	102	6	43.03
1760	124	3	21.02
105	2267	3	14.42
480	12	8	11.5
1611	102	11	78.9
191	149	7	34.79
743	173	5	43.99
1558	112	3	14.9
524	106	7	24.69
4743	14	4	23.4
129	105	35	44.76
108	614	6	24.98
101	3346	3	14.42
184	117	5	6.13
2	14	132	47.31
6214	106	3	25.23
980	14	5	9.41
1604	106	4	19.43
2100	14	3	7.51
618	112	3	8.86
512	12	5	3.92
112	990	3	12.07
218	129	3	7.53
114	248	6	14.15
103	170	14	13.81
1169	1366	3	43.02
103	242	7	7.54
102	2247	3	11.21
142	158	6	21.24
874	14	4	5.15
104	1201	11	70.68
319	117	12	55.38
2447	103	5	29.83
456	9	4	17.66
117	442	3	8.01
110	158	6	4.06
1435	106	3	12
12	273	20	35.95
106	355	4	7.01
728	12	4	4.21
12	142	119	298.42
432	102	4	4.4
295	109	6	14.96
362	284	4	34.95
108	477	3	6.66
199	300	5	36.76
115	462	4	12.51
12	2115	5	19.38
458	106	3	5.03
458	162	3	19.15
664	103	15	77.83
112	218	18	67.77
102	456	15	56.08
102	507	4	5.37
2412	103	7	53.37
805	160	4	32.92
230	118	8	24.24
203	110	72	484.24
101	539	4	5.44
140	294	4	19.93
437	138	10	78.1
187	826	3	25.27
130	153	3	3.95
830	102	4	9.19
5129	113	3	28.05
1277	448	3	36.57
1495	102	4	13.86
564	102	4	6.15
5419	124	3	33.18
117	706	5	23.4
217	677	8	86.21
136	293	11	74.81
543	106	3	6.02
103	1837	6	34.42
106	602	3	6.72
3870	3274	3	60.85
101	117	83	27.59
591	128	3	15.11
101	289	6	4.9
327	130	5	24.06
103	862	13	73.55
115	152	8	9.23
112	370	20	118.72
195	243	18	169.51
127	117	36	83.73
107	1156	3	10.82
1655	12	4	10.04
4773	109	3	22.7
141	143	13	55.8
166	384	4	26.85
105	3491	4	28.15
2368	12	3	8.65
807	116	4	17.65
101	2012	3	9.94
878	163	3	23.53
1254	145	4	34.05
541	117	3	9.24
1825	110	4	23.28
414	534	3	30.03
505	14	7	8.68
117	128	11	5.98
112	3495	3	20.94
339	156	5	33.45
197	220	4	23.46
104	332	26	129.34
105	2208	3	14.42
124	12	56	8.68
196	1331	3	29.32
989	12	4	6.55
158	182	3	10.53
114	1373	5	30.11
102	1674	5	22.28
1478	111	4	21.59
106	350	4	6.75
158	434	3	18.64
133	113	18	25.51
12	127	559	3051.71
107	2496	4	24.51
112	3170	4	31.86
121	299	3	7.97
1741	108	3	14.95
388	105	3	3.94
110	173	9	13.31
110	245	4	5.46
425	117	5	17.81
1485	14	4	9
108	930	4	16.8
149	1990	3	27.24
118	761	3	12.31
1710	108	4	22.69
529	110	3	7.81
4649	156	3	35.58
4753	124	4	44.24
239	138	4	16.24
1204	161	4	36.37
900	12	6	12.63
281	119	8	32.63
109	175	19	52.26
109	291	6	14.65
461	111	3	6.97
796	14	4	4.52
103	205	36	126.09
102	1068	4	11.36
102	1000	4	10.87
435	14	14	31.52
102	864	6	19.38
12	115	790	2611.6
106	463	3	5.03
129	400	3	12.9
113	4059	4	37.4
1921	12	3	6.97
102	3558	4	23.74
1692	116	3	16.56
753	121	3	14.05
202	2271	3	32.95
1166	12	4	7.49
710	14	5	6.43
126	3390	3	27.25
106	148	12	9.19
139	179	10	47.64
498	152	3	18.84
148	2119	3	28.05
2137	103	5	27.67
105	2225	5	30.92
12	1194	4	7.49
160	2503	3	30.74
1875	101	3	9.94
1233	103	11	69.46
167	138	13	64.1
2008	12	3	6.97
103	2810	6	45.74
148	2631	3	29.07
576	111	3	8.39
1135	12	3	4.05
787	486	4	46.98
1789	145	3	25.87
2969	109	4	28.65
476	102	4	4.86
115	313	4	9.13
114	2296	4	26.81
193	117	4	4.29
1177	14	3	3.86
108	189	10	19.48
118	358	8	35.89
110	1788	3	15.39
1870	103	5	25.93
105	447	3	4.6
102	3817	3	17.07
109	1747	4	22.91
174	118	5	5.91
666	9	3	14.11
12	2153	3	7.73
101	335	5	4.34
1553	102	6	28.15
578	119	3	11.56
140	136	4	6.96
101	529	4	5.24
2611	12	3	8.65
440	114	3	7.58
12	615	23	107.49
241	14	15	13.94
136	525	3	16.45
348	112	3	5.48
367	106	10	35.28
118	1506	4	24.63
2600	106	3	15.79
105	1469	3	11.64
105	1605	5	26.44
977	118	4	20.92
118	306	29	199.04
345	583	5	54.68
806	114	3	11.18
123	142	15	42.68
104	5664	3	23.97
123	340	3	9.5
102	3794	3	17.07
677	103	8	29.7
8	218	3	5.18
1235	14	3	4.21
104	742	3	6.67
666	101	5	10.88
101	155	26	31.95
237	121	4	10
798	12	5	7.87
309	109	3	4.28
102	1452	3	8.52
102	186	10	5.41
3077	111	3	19.27
1371	102	4	13.14
1753	12	4	10.89
1927	14	4	11.58
1079	108	10	69.04
3642	106	5	42.05
131	462	3	14.49
1619	101	3	8.63
251	546	8	86.17
482	151	4	27.17
118	363	7	29.75
166	105	10	8.7
306	336	12	134.76
812	187	3	24.97
362	151	5	33.45
102	438	22	102.29
112	149	54	224.72
1636	12	3	5.75
107	1561	3	12.82
103	781	3	5.95
265	153	4	21.19
806	161	3	22.81
2407	102	3	12.18
1540	102	3	9.07
101	506	4	4.88
1665	12	3	5.75
568	338	3	29.09
559	134	5	32.74
111	478	3	7.25
794	103	3	6.19
2550	712	3	44.17
106	2238	3	14.79
109	2029	7	53.95
116	154	7	7.33
186	1104	4	38.47
106	387	3	4.24
1955	101	3	9.94
2855	105	3	16.62
1718	14	10	58.5
882	103	4	11.19
399	110	4	10.47
154	970	4	33.91
104	487	3	4.28
118	688	17	135.87
696	143	4	28.71
125	102	47	34.71
2	585	16	117.03
128	160	3	4.07
746	108	3	9.4
446	117	3	8.01
165	120	7	13.76
112	903	8	48.07
402	105	3	4.15
2127	103	7	47.39
195	692	3	24.56
134	2013	3	24.77
132	163	9	33.86
3581	111	3	20.84
104	1577	9	61.58
957	325	4	45.35
857	172	3	23.83
6517	124	3	33.18
183	124	17	80.89
886	172	6	57.72
994	107	7	36.73
1025	101	6	20.66
202	673	6	59.14
1156	156	4	36.09
749	14	7	13.85
1904	9	3	21.1
257	148	3	12.85
101	2455	7	49.08
5265	8	3	31.93
315	102	6	6.61
1240	102	3	7.58
1156	161	4	36.37
101	812	3	4.67
120	400	3	9.74
12	574	5	5.01
118	3505	3	23.14
145	785	9	83.63
118	3657	3	23.14
1511	342	3	35.9
114	368	7	26.48
112	1058	6	34.31
1795	111	3	15.45
105	3412	3	18.18
113	314	12	51.85
171	348	3	17.92
587	104	3	5.47
113	211	4	4.3
411	111	4	10.71
2006	161	3	28.85
138	123	16	42.97
1769	14	3	6.1
378	117	4	11.66
3072	106	3	17
104	1422	5	23.92
102	2305	3	12.18
1510	14	4	9.75
583	14	6	7.72
161	200	6	32.33
1926	101	3	9.94
134	1654	3	23.34
3869	5135	3	67.58
114	182	19	64.34
12	1419	3	5.25
6125	109	3	27.18
6498	12	3	17.79
338	107	4	6.78
103	114	228	495.99
101	865	3	5.16
107	848	6	26.28
579	109	3	8.08
364	228	15	164.31
421	104	19	93.78
1114	12	4	6.99
106	429	7	22.08
4555	101	3	16.59
117	575	5	21.13
104	6506	3	23.97
1255	103	6	26.98
12	708	4	3.96
750	101	4	7.64
177	154	3	9.44
140	105	11	4.43
129	870	3	17.88
163	506	4	28.85
103	2511	3	13.49
118	276	6	18.53
116	1369	4	22.31
3421	12	3	11.27
114	2517	3	18.88
1701	12	3	6.31
3327	14	3	11.04
115	381	6	21.4
423	1455	3	36.82
219	14	30	52.89
115	279	5	11.85
1463	106	12	100.96
101	1582	3	8.63
289	143	4	20.08
126	104	104	287.39
289	13	3	19.35
114	2158	3	17.87
108	170	7	6.75
1483	12	4	9.29
116	408	4	12.08
2579	102	3	12.18
163	155	5	19.61
303	121	4	12.89
111	340	3	5.3
324	117	11	49.49
3158	14	3	11.04
459	503	3	30.13
122	2045	3	21.77
102	1399	8	42.33
101	158	15	7.61
352	134	5	27.65
256	109	6	12.46
771	12	4	4.48
2	1822	3	17.53
130	192	6	20.81
340	225	4	30.9
106	1043	3	9.81
2594	106	5	33.74
230	105	8	12.68
1199	110	14	120.92
4302	106	4	33.64
102	1359	4	13.14
102	1283	5	18.98
1360	14	4	8.34
102	1207	5	18.11
3443	101	3	14.42
894	14	4	5.15
3118	14	3	9.56
157	130	4	7.54
210	319	3	19.78
114	724	3	10.41
102	391	7	12.89
118	340	4	11.83
6402	124	3	33.18
270	129	3	9.71
1351	111	9	66.64
131	168	4	9.16
101	4068	3	16.59
517	138	4	24.6
482	102	4	5.02
1598	102	3	9.07
407	161	3	18.49
104	1998	8	57.7
117	2096	3	18.35
115	266	3	4.12
124	1963	6	54.95
195	117	5	7.22
106	683	4	11.98
119	169	4	4.22
213	209	51	600.49
324	125	4	16.24
246	1024	3	29.87
163	143	4	11.47
2880	102	3	13.36
1184	111	5	26.99
111	201	9	19.64
102	1913	5	23.72
108	3363	3	20.33
178	12	16	4.18
124	114	21	21.14
102	2049	3	11.21
1749	104	4	18.73
333	113	3	5.55
4023	12	3	13.4
139	251	3	11.18
150	174	3	8.72
3651	108	4	31.04
117	217	9	25.05
274	430	7	71.58
184	112	13	32.57
2	9	24	32.53
211	128	5	16.28
107	5497	3	25.48
271	115	3	4.3
485	143	4	25.17
2091	119	3	20.42
264	147	4	19.73
156	114	23	71.87
786	104	5	16.54
1018	114	3	12.77
122	457	7	38.62
112	814	8	45.15
1069	113	4	19.63
889	119	4	21.44
114	123	20	14.9
290	140	3	13.07
1243	12	4	8.03
171	309	6	42.36
721	136	3	18.54
103	175	12	9.85
115	953	3	12.45
972	12	4	6.13
125	151	8	21.16
1126	103	7	31.84
103	3036	3	14.69
142	115	10	10.78
734	1418	3	40.5
456	14	15	37.58
121	183	9	27.93
121	120	13	9.6
347	376	3	26.36
120	211	3	4.38
214	107	15	40.08
1274	12	4	8.03
2150	102	6	34.15
12	216	66	238.44
113	1270	3	13.7
110	199	6	8.65
2016	124	3	21.77
511	104	9	32.45
374	111	7	24.91
3409	104	5	39.96
117	497	11	61.25
4928	3901	3	67.58
2043	4835	3	61.49
459	602	3	31.49
1815	14	4	10.6
12	101	1082	1517.35
168	115	5	3.9
139	488	4	24
2400	125	3	24.39
474	108	4	11.01
2217	106	4	22.67
103	187	16	25.26
1475	14	3	5.04
365	14	7	5.19
112	653	7	33.99
281	102	10	16.71
113	2640	3	18.56
839	121	4	22.29
109	359	3	5.4
104	1362	4	16.25
646	111	3	9.18
2064	12	3	7.73
117	1436	3	15.51
143	12	41	26.57
775	1923	3	42.81
128	421	3	12.94
176	174	12	75.84
102	728	5	12.36
122	112	25	21.96
1305	103	3	9.27
2831	105	3	16.62
122	308	16	100.44
113	1578	4	23.11
139	162	4	10.37
119	818	4	21.01
218	1116	5	53.93
426	2028	3	39.01
129	269	4	15.05
197	327	4	28.58
112	1220	4	20.29
192	518	3	22.53
102	1491	4	13.86
102	1447	3	8.52
104	2395	4	22.52
111	117	42	32.93
3739	1021	3	49.5
4039	14	3	13.16
174	105	18	34.91
1851	115	3	17.06
108	322	3	4.46
1090	14	4	6.73
153	118	7	9.37
127	258	3	8.88
127	318	3	10.67
686	102	9	31.96
556	12	5	4.77
113	606	15	100.43
573	138	3	17.41
148	149	6	19.78
673	12	12	36.76
102	375	20	78.85
114	695	15	106.72
101	1225	4	11.9
115	369	3	6.65
376	119	3	8.91
157	116	8	10.78
131	150	3	4.07
102	4751	3	17.07
2398	103	6	40.05
323	105	7	16.45
251	231	4	27.43
122	3561	4	38.09
595	103	29	212.53
104	1009	8	40.77
116	144	7	4.78
174	500	3	20.35
334	111	12	52.4
654	145	6	47.66
3609	12	3	11.27
404	119	4	14.92
1761	12	3	6.31
258	121	4	11.11
105	1353	5	24.34
359	106	19	93.5
528	101	4	5.24
233	14	25	41.61
556	124	12	90.68
102	170	12	5.98
381	102	5	6.2
1942	1813	3	48.4
772	102	5	12.78
115	168	9	14.92
393	12	11	18.33
101	190	10	5.09
202	116	7	14.44
727	12	6	10.04
119	136	11	17.39
389	106	5	11.46
111	158	9	11.31
758	446	4	46.34
781	106	18	127.54
12	4322	4	23.72
174	177	17	120.61
525	106	8	30.47
719	9	3	14.35
118	1569	3	17.06
216	117	10	29.82
385	113	6	20.97
1612	102	4	14.66
764	107	5	18.91
104	2147	5	29.48
224	408	4	32.67
1311	104	3	10.3
1761	124	3	21.02
102	553	8	22.74
732	107	9	45.15
657	12	7	12.72
123	129	15	28.39
2485	12	3	8.65
116	1616	3	15.9
113	367	12	57.85
128	174	7	21.36
725	125	4	23.4
104	4110	3	19.51
702	14	6	9.64
1279	101	4	12.54
122	537	5	26.04
112	836	5	23.33
109	114	41	23.82
624	121	5	27.18
125	119	19	32.33
125	284	6	26.86
104	6475	3	23.97
4678	12	3	13.4
106	2764	3	17
135	114	31	80.75
283	113	3	4.27
227	124	4	10.92
121	16	4	3.92
3257	113	3	21.35
208	102	68	314.88
374	116	4	11.26
168	160	3	9.5
3522	14	4	18.5
133	217	4	13.85
168	112	6	5.11
1886	103	5	25.93
412	14	7	6.47
1395	14	3	5.04
139	120	11	19.36
1709	125	3	21.75
133	469	4	22.48
104	2986	3	15.77
119	639	3	12.17
1129	101	3	6.38
515	292	3	26.85
105	2236	3	14.42
187	422	6	50.36
453	111	3	6.84
129	211	4	11.65
102	3162	3	14.9
227	423	3	23
466	109	3	6.81
271	157	3	14.86
2149	12	3	7.73
109	436	5	15.45
706	104	10	46.84
294	166	4	23.72
105	1663	4	18.93
156	205	4	18.1
777	14	6	10.57
184	115	6	8.37
5704	103	3	22.87
271	112	9	28.52
637	104	7	25.23
112	992	6	33.42
533	104	5	12.64
878	102	3	5.56
3203	12	3	11.27
249	12	12	8.74
103	348	5	6.99
176	1484	3	27.76
755	677	3	35.4
102	2046	3	11.21
259	102	13	24.85
107	967	3	9.7
191	262	4	25.3
498	104	4	7.84
106	163	10	9.19
133	497	6	39.54
278	12	16	23.01
257	198	4	25.65
1030	103	3	7.65
117	337	3	6.42
221	310	3	20.24
105	1056	4	14.99
113	5829	3	28.05
1461	14	4	9
1569	108	3	14.3
524	108	5	16.99
116	878	5	25.53
105	726	12	65.21
121	162	5	7.64
401	110	10	44.63
117	589	3	9.79
150	347	6	40.8
319	227	4	30.06
549	117	3	9.24
909	101	3	5.43
187	217	3	14.8
110	112	52	40.88
116	625	3	10.01
120	269	6	20.99
101	1051	3	6.04
120	138	14	30.17
667	143	3	19.44
6576	102	3	21.51
2086	12	3	7.73
12	271	52	212.04
867	113	5	24.54
12	188	20	13.86
106	560	20	126.34
590	126	4	21.92
147	138	10	37.35
101	1820	3	9.24
997	12	4	6.55
114	246	9	27.87
2327	12	3	8.65
338	123	7	33.94
1732	109	6	41
3797	14	3	13.16
125	134	5	4.91
425	125	20	167.44
144	625	4	27.89
104	1203	7	35.51
331	110	44	339.94
118	143	10	14.46
1276	104	3	9.83
104	1796	10	79.93
577	12	5	5.01
161	645	5	41.38
144	293	5	27.82
12	4662	3	13.4
154	432	6	45.11
149	143	7	23.68
12	4490	4	23.72
111	455	3	6.84
102	4032	3	17.07
683	12	6	9.61
103	1945	3	11.68
3656	103	3	16.23
436	1175	3	35.45
104	4292	3	19.51
115	1336	3	14.54
113	1649	3	15.3
192	105	11	17.79
792	103	4	10.44
107	152	31	82.5
847	106	3	8.55
543	103	17	84.65
974	14	5	9.41
12	2165	4	13.05
126	1498	6	51.37
105	545	3	5.7
247	178	3	15.33
409	102	13	41.58
275	149	4	20.37
111	155	7	5.99
1034	204	8	92.91
2834	124	4	36.62
1378	12	3	4.8
182	1250	5	51.91
108	116	40	22.99
193	142	3	9.34
141	155	7	26.14
115	150	13	23.54
1280	14	4	8.34
4511	14	4	23.4
101	1448	3	8.09
3041	14	3	9.56
102	144	19	8.97
1069	945	3	40.06
117	130	14	13.23
105	1043	3	9.45
102	5295	3	21.51
110	494	4	11.95
101	793	3	4.67
784	12	4	4.48
4925	5188	3	72.08
765	102	3	4.83
12	529	12	29.35
106	104	445	1267.62
4751	2276	3	56.99
12	587	6	8.1
1481	102	3	8.52
3478	124	3	26.47
2428	124	4	34.71
2198	109	6	45.42
112	979	3	11.71
138	168	3	6.57
104	3705	4	27
587	123	3	13.06
103	357	4	4.55
107	3566	3	18.81
885	14	6	12.21
142	419	3	16.3
113	3080	4	29.8
109	525	13	72.15
3321	108	4	31.04
1052	125	9	78.4
141	899	4	30.4
118	657	9	55.44
129	1255	3	20.2
194	117	4	4.33
290	204	8	66.49
3336	109	3	20.49
122	441	12	80.05
122	390	3	10.4
113	518	9	44.75
346	280	3	23.83
102	1672	3	9.69
470	145	4	25.1
158	484	4	28.07
728	113	5	22.54
113	1150	5	27.84
351	107	3	3.96
105	735	3	7.43
1236	292	3	32.77
102	5628	3	21.51
121	249	4	10.69
104	530	3	4.83
8	905	6	40.31
1065	134	3	20.81
1128	240	5	55.76
1288	101	3	7.6
102	1163	4	11.91
124	929	10	84.48
8	464	5	23.69
547	111	8	37.38
672	109	23	190.09
1165	12	3	4.05
173	102	12	6.19
472	143	3	16.93
1480	2	4	24.37
113	4411	3	23.57
223	123	5	14.15
518	178	3	21.11
2929	12	3	9.79
1023	515	3	35.76
258	1422	3	32.63
103	611	4	8.34
137	263	6	31.17
102	458	9	23.64
114	815	3	11.18
101	1127	3	6.38
1522	345	3	36.02
337	281	5	44.95
127	115	12	6.38
2013	103	5	25.93
170	187	3	11.7
448	729	3	32.53
12	3453	5	29.65
1249	102	3	7.58
335	102	9	17.52
967	12	8	23.77
105	1303	6	31.97
247	182	3	15.83
1113	161	3	24.88
324	112	3	4.96
119	233	4	8.71
122	2048	3	21.77
768	14	5	7.15
111	173	7	7.75
105	582	5	14.85
2960	103	4	22.94
113	3290	4	32.41
103	1778	3	10.97
224	172	13	98.68
107	1181	9	56.46
113	725	4	15.81
115	107	137	275.8
113	681	3	9.88
102	2966	3	13.36
193	115	4	3.87
1357	106	5	24.97
220	1107	4	41.23
105	1607	3	12.21
123	3000	5	48.47
103	2435	3	13.49
104	1814	6	34.64
114	755	3	10.66
102	558	11	38.89
103	828	12	63.22
123	188	3	4.13
229	107	5	5.08
102	1117	6	22.42
663	178	8	78.18
607	109	18	124.97
9	12	197	337.5
139	877	3	20.23
151	140	14	68.74
314	123	10	53.15
5939	103	3	22.87
1174	106	11	75.26
723	164	3	22.16
2492	14	4	14.17
504	14	12	27.02
116	128	21	29.25
106	2295	3	14.79
104	1045	11	66.08
113	1305	4	21.52
12	229	11	4.63
470	101	4	4.38
846	103	17	109.38
111	2275	4	25.69
114	1596	3	15.62
120	118	19	14.86
109	1447	3	13.88
8	1008	5	32.75
104	366	18	79.76
12	2918	3	9.79
584	12	6	8.1
208	109	21	78.5
1621	12	3	5.75
161	111	7	6.46
125	178	15	67.6
316	170	7	51.94
319	1615	3	35.17
102	2287	3	11.21
125	295	4	15.14
104	4125	4	31.97
796	101	5	12.51
2515	103	3	13.49
248	609	3	26.5
817	103	6	20.68
114	152	6	4.46
137	753	3	18.94
711	337	3	30.46
103	507	5	10.49
138	150	9	33.37
114	403	6	22.37
457	106	3	5.03
3326	125	5	56.55
800	102	4	8.83
132	2	9	6.79
420	12	8	9.83
506	124	5	26.55
143	116	8	6.65
706	107	3	7.77
116	1036	6	35.43
339	111	5	13.39
104	181	76	378.62
117	116	53	74.14
298	14	13	15.76
1737	156	9	113.97
242	289	4	30.09
204	110	5	5.97
1268	105	3	10.65
101	780	4	7.95
124	144	6	9.23
101	630	4	6.54
109	242	8	19.8
109	170	10	15.5
501	113	3	7.86
102	2212	4	17.82
783	102	6	17.58
3004	108	3	18.76
104	4074	3	19.51
113	500	3	7.86
113	417	21	137.36
113	351	4	10.09
4230	103	3	18.42
102	989	5	15.93
122	345	7	34.19
102	1049	5	15.93
106	385	3	4.24
3143	14	3	9.56
133	130	7	11.96
2730	281	3	38.65
515	559	3	31.7
1590	103	9	58.28
399	112	3	6.43
1471	102	4	13.86
135	170	4	10.55
104	355	5	8.95
1621	124	5	40.2
1236	143	4	33.9
45	102	5	8.12
217	143	10	58.97
121	518	3	11.77
2457	12	3	8.65
102	3282	4	23.74
903	345	3	32.34
106	191	13	25.98
1045	154	3	23.89
231	108	39	216.6
1200	14	3	3.86
2469	106	3	15.79
2106	14	3	7.51
332	125	5	22.86
766	103	10	45.34
156	141	3	6.6
1229	14	3	4.21
402	103	10	30.14
114	447	3	7.58
109	346	4	8.81
143	239	6	31.03
112	2240	3	17.15
2661	124	4	34.71
179	484	3	20.77
122	809	5	30.43
102	114	84	28.8
106	2123	3	14.79
1772	104	5	26.28
327	113	3	5.29
3494	14	3	11.04
1509	14	3	5.04
126	148	4	5.01
153	179	4	15.22
154	1485	3	26.22
111	290	3	4.06
1544	14	4	9.75
550	14	6	6.78
247	151	3	13.35
106	4667	4	33.64
666	14	5	6.11
104	4516	4	31.97
113	1872	5	34.46
106	697	3	7.54
114	1906	5	34.99
3080	102	4	21.16
107	123	50	69.39
101	406	6	9.33
117	2133	4	27.45
104	2283	7	49.95
151	145	6	20.25
177	309	7	52.51
198	103	7	4.15
648	125	3	15.25
2027	103	4	18.35
574	110	16	103.95
108	469	3	6.66
102	436	5	7.27
112	262	14	55.09
390	143	17	154.41
189	107	9	12.25
103	629	4	8.6
118	2980	3	21.57
295	119	7	27.65
223	102	22	52.69
2201	102	3	11.21
3117	102	3	13.36
131	107	92	325.19
103	731	5	14.4
778	14	4	4.24
102	584	9	29.08
105	3669	3	18.18
445	117	3	8.01
137	193	3	8.45
113	1665	3	15.3
750	14	5	6.78
102	1294	8	40.33
102	1346	5	18.98
358	14	10	12.54
256	102	7	6
118	1550	3	17.06
2670	178	5	60.89
1202	107	3	10.82
1693	111	3	15.45
8	194	3	4.24
226	161	3	13.13
12	1084	13	61.97
12	964	16	82.55
107	595	4	11.17
101	160	25	31.08
1314	103	3	9.27
101	112	78	9.19
2876	14	3	9.56
630	14	7	11.77
1972	103	8	54.76
123	421	3	10.92
1571	14	4	9.75
127	112	14	7.86
117	3378	4	33.49
102	334	15	44.26
112	415	16	91.26
320	639	3	29.1
108	244	4	5.01
181	352	7	56.94
102	781	17	95.89
1269	104	3	9.83
2019	109	8	66.25
113	316	3	5.05
132	209	3	8.12
1548	106	6	35.46
1802	101	3	9.24
850	125	5	33.61
8	696	3	13.8
129	118	11	8.74
101	743	5	11.65
101	810	3	4.67
120	402	8	41.86
103	1128	4	13.04
139	149	7	21.76
106	219	12	27.1
103	1299	3	9.27
498	284	4	37.47
810	102	9	35.51
120	153	5	6
4657	104	4	31.97
107	636	3	7.14
113	1155	5	27.84
236	121	4	9.93
1759	140	4	36.8
1648	107	3	12.82
121	177	4	5.69
110	224	5	7.27
2667	106	6	44.75
414	106	4	8.2
301	105	10	28.19
104	1271	9	53.87
142	224	3	10.77
845	102	4	9.19
102	960	3	6.14
463	12	8	10.8
103	186	8	4.32
2543	102	3	12.18
128	155	5	10.57
475	103	33	218.58
102	910	5	14.74
122	391	3	10.4
4999	112	3	27.63
103	158	15	13.35
396	560	6	69.62
232	111	9	23.78
102	2301	4	19.29
874	111	3	10.96
121	168	6	11.67
105	684	3	6.98
4462	109	3	22.7
110	242	6	12.24
102	1673	4	15.56
1554	103	4	16.39
1330	14	3	4.61
122	1207	3	17.86
740	1010	4	53.63
1457	106	3	12
12	202	121	654.45
892	110	14	103.93
259	108	8	20.91
1312	108	3	13.19
105	2263	8	66.26
169	747	3	22.79
1821	103	5	24.48
106	105	92	43.15
439	115	3	7.62
913	108	5	23.44
989	14	4	6.28
103	1114	3	8.01
505	12	8	12.27
117	201	15	53.28
257	136	5	23.53
524	102	4	5.55
759	280	3	29.17
307	155	5	31.61
375	103	44	303.78
105	3492	4	28.15
106	1575	3	12.58
656	112	3	9.28
411	115	3	7.23
186	2027	3	30.86
109	894	4	16.57
193	128	3	6.26
280	120	3	6.99
104	3402	3	17.32
2804	111	3	19.27
102	257	9	11.22
101	1554	3	8.63
127	114	21	26.94
140	1136	4	32.88
104	2427	6	42.25
1664	111	4	22.42
237	147	10	64.3
101	114	80	18.08
102	1599	4	14.66
134	157	3	5.31
104	701	18	114.53
118	1267	4	23.18
531	117	12	71.7
121	923	3	15.51
12	2484	7	41.51
116	115	48	54.36
1775	14	6	22.08
111	512	3	7.55
340	160	3	17.13
921	12	5	9.23
1288	12	3	4.8
101	480	4	4.54
107	211	18	53.32
159	197	10	63.66
1924	102	4	16.6
5496	12	3	17.79
85	445	3	20.62
103	662	3	5.11
3062	12	4	16.29
265	119	15	77.64
113	893	5	24.54
177	1602	4	40.72
2171	102	8	57.38
102	457	14	50.09
112	297	10	36.52
112	123	15	4.34
577	110	8	38.33
362	118	4	12.55
1804	14	3	6.1
2307	101	3	11.72
295	106	10	28.79
12	3197	3	11.27
109	692	8	40.8
131	120	10	12.24
1281	9	3	18.55
137	167	3	6.39
102	360	12	33.1
114	653	3	9.96
137	299	6	33.6
1566	110	3	14.74
1494	125	3	20.49
2199	106	3	14.79
115	354	3	6.33
2	1017	3	14.01
1315	12	3	4.8
118	241	3	4.53
185	175	3	11.76
1346	12	4	8.62
105	197	21	61.59
6087	109	3	27.18
111	422	3	6.58
851	12	8	20.91
220	102	16	28.05
292	119	5	16.31
744	111	5	21.7
102	1251	14	100.43
1044	115	3	12.81
385	14	7	5.8
104	2157	6	39.03
9	101	81	86.43
785	14	6	10.57
134	112	17	21.32
3070	156	3	31.77
521	14	7	9.01
2585	108	3	17.54
1014	106	4	15.48
105	533	11	49.05
111	244	4	5.53
117	613	3	9.99
102	3814	4	28.69
483	109	4	11.41
102	2899	4	21.16
117	1960	3	17.5
1537	143	3	25.09
104	1966	4	19.79
118	492	5	20.88
127	128	18	49.08
102	112	141	115.08
122	728	5	29.47
137	498	4	24.05
114	966	3	12.42
107	1107	3	10.42
4470	103	3	18.42
101	1465	3	8.09
102	308	39	193.91
393	110	3	6.17
2455	105	3	15.41
1032	200	4	39.54
602	14	11	27.84
132	118	10	9.39
200	105	6	5.04
360	514	3	28.92
1088	14	5	10.59
104	1377	6	30.27
1423	103	3	9.78
1135	14	4	7.21
115	606	3	9.58
103	455	6	13.17
1670	12	3	6.31
113	121	33	42.68
2794	12	3	9.79
710	12	10	27.24
2829	12	3	9.79
821	280	3	29.76
12	438	6	5.15
8	602	3	12.89
109	1235	4	19.71
2254	125	8	90.52
117	229	6	13.24
328	108	5	11.98
217	141	3	10.32
584	101	5	9.55
187	158	3	10.92
408	106	16	77.79
257	428	3	24.47
105	782	4	12.48
121	150	11	27.8
109	3678	3	20.49
113	1306	4	21.52
470	12	7	8.19
169	898	5	45.64
102	1836	3	10.39
103	155	14	10.65
239	121	10	42.57
311	109	3	4.28
452	138	7	49.08
122	375	9	50.61
114	210	6	10.63
107	1874	3	14.2
817	102	3	5.06
102	863	6	19.38
161	110	11	17.54
106	267	7	13.44
139	248	4	17.06
106	136	21	23.65
113	1576	4	23.11
112	1667	4	23.51
4082	111	3	23.05
2476	103	7	53.37
5756	125	3	33.92
110	442	3	6.78
1222	110	4	20.08
3836	103	4	30.49
175	505	3	20.62
120	2851	5	46.83
144	962	3	21.9
635	103	8	28.38
102	2406	3	12.18
506	101	7	15.38
1969	14	5	17.32
145	2008	4	38.42
103	380	7	15.32
1453	102	5	19.95
402	102	5	6.71
101	1929	3	9.94
113	418	4	11.51
122	553	6	33.99
112	651	7	33.99
144	657	3	19.31
109	243	51	336.17
125	249	3	8.23
783	103	6	20.1
2	586	4	16.35
110	141	14	18.34
1272	125	3	19.45
121	191	6	15.34
12	239	26	47.94
106	384	5	11.46
3466	12	3	11.27
242	490	3	24.78
866	985	3	38.95
17	121	6	14.48
596	12	5	5.26
134	944	3	19.7
105	327	8	20.81
3491	109	4	31.26
2930	12	3	9.79
104	859	6	23.38
129	956	7	56.99
101	575	4	5.85
114	836	3	11.46
102	537	8	22.23
712	14	8	17.33
1636	14	4	9.75
104	3565	4	27
148	460	9	73.48
751	125	3	15.98
285	103	55	342.02
108	571	3	7.92
1072	102	3	6.8
3051	12	3	9.79
1357	119	3	17.02
300	102	13	29.98
918	102	3	5.84
137	548	5	33.64
310	134	5	25.54
115	285	6	16.69
115	120	44	74.54
464	14	7	7.77
1392	14	4	9
2638	14	3	8.43
309	106	12	40.74
798	14	6	11.08
101	324	5	3.99
107	372	5	11.45
1099	101	4	10.78
2947	101	3	12.9
119	326	5	17.8
102	3797	3	17.07
111	175	6	5.5
116	574	5	20.81
1061	113	4	19.63
106	622	3	6.91
104	2612	4	22.52
145	6383	3	38.07
119	163	6	9.4
902	172	3	24.14
622	5163	3	53.01
101	113	70	6.59
111	187	12	28.62
2495	110	4	27.12
188	115	5	5.87
247	106	6	8.79
105	354	5	10
171	2137	3	30.41
102	2937	4	21.16
2	790	3	12.4
3665	14	3	11.04
219	12	19	19.75
113	767	17	132.78
430	504	5	55.36
102	199	9	5.66
310	182	3	17.94
195	175	9	57.48
127	113	20	22.57
164	434	3	18.93
102	274	10	16.02
265	107	4	4.26
1454	104	4	16.99
2107	12	4	13.05
164	182	3	10.81
107	1611	5	27.49
101	1252	3	7.15
112	246	25	124.88
1968	101	3	9.94
182	1490	4	40.83
136	1264	5	43.13
108	421	3	6.14
102	4807	3	21.51
1701	14	3	6.1
116	112	46	40.79
369	104	4	5.93
102	1293	6	25.48
102	1141	5	17.32
107	194	6	5.23
2157	124	3	22.63
112	1574	3	14.9
299	124	7	32.85
302	136	5	26.03
120	152	8	15.37
146	118	12	21.67
379	151	4	25.24
106	472	6	17.97
112	669	11	66.24
845	103	4	10.8
181	105	7	4.83
2382	106	3	15.79
123	671	4	20.97
115	955	3	12.45
685	106	21	151.43
103	117	72	36.16
105	1939	3	13.58
1620	12	4	10.04
105	2091	4	22.16
707	102	4	7.88
104	1272	6	29.13
117	1477	4	23.33
141	693	5	37.58
828	102	3	5.3
692	103	10	42.32
266	771	3	28.62
113	265	4	6.89
1282	14	4	8.34
104	5750	3	23.97
102	1979	3	10.39
1832	9	3	21.1
107	890	5	20.42
102	2063	3	11.21
682	101	5	10.88
2793	101	3	12.9
129	3029	4	38.63
112	5646	3	27.63
1418	102	5	19.95
105	921	6	26.41
2887	124	4	36.62
123	408	3	10.79
170	155	6	26.78
113	4607	3	23.57
136	1582	4	34.67
625	103	9	34.3
105	1184	5	22.63
6188	103	3	22.87
8	132	8	8.9
174	265	4	23.03
104	2615	4	22.52
145	136	5	11.16
755	172	4	33.12
155	4351	3	35.5
2401	124	3	23.65
514	12	5	4.12
151	111	7	5.2
112	1511	3	14.9
116	171	55	295.59
2636	103	4	21.07
394	103	17	70.34
645	2462	7	125.41
1939	110	6	43.54
1221	14	3	4.21
256	108	4	5.42
174	398	7	57.24
121	735	3	14.05
102	4026	3	17.07
103	2471	3	13.49
1192	14	3	3.86
4561	111	3	23.05
7	7	8	44.53
157	129	6	15.22
113	1089	3	12.85
1613	102	7	36.01
102	390	10	25.15
102	441	15	55.21
125	208	6	20.29
105	2024	3	13.58
142	114	12	16.12
109	257	6	12.58
122	458	5	24.03
114	179	26	101.46
112	815	3	10.49
102	946	7	26.76
674	14	24	126.54
107	1983	4	21.76
102	894	4	9.57
104	4157	3	19.51
128	146	4	5.05
1422	110	3	14.15
124	435	13	92.21
308	103	55	364.6
168	128	3	4.46
4496	103	3	18.42
105	803	4	12.84
135	157	15	73.64
110	114	35	15.89
293	102	7	8.39
312	12	14	21.08
315	106	4	5.62
112	1681	3	15.56
158	103	18	20.82
1367	14	3	4.61
106	233	9	17.77
104	3009	3	15.77
133	424	6	37.61
1493	110	3	14.15
284	106	27	132.47
138	120	23	70.49
244	638	3	26.53
271	114	18	87.16
104	1486	9	58.55
103	588	3	4.57
102	794	9	35.51
101	1926	3	9.94
107	1636	3	12.82
235	112	5	8.26
646	110	5	20.36
350	14	11	14.85
742	14	4	3.98
1331	106	11	81.44
268	112	6	14
8	737	3	14.05
5	14	7	5.8
1830	14	3	6.75
105	1075	5	21.89
116	4206	3	24.17
278	140	8	49.67
3699	109	3	20.49
710	116	3	10.68
103	1206	4	14.19
864	12	6	12.63
1129	124	5	35.53
106	383	5	11.46
379	300	13	151.79
3542	104	3	17.32
111	2214	4	25.69
107	686	5	17.63
2982	12	3	9.79
998	12	4	6.55
135	112	27	57.68
530	14	5	4.05
104	549	3	4.98
109	1432	5	29.16
104	6553	3	23.97
117	421	12	65.08
281	299	6	53.65
109	112	82	113.95
501	14	11	22.18
910	101	5	14.01
891	103	7	28.05
406	110	14	73.82
125	106	51	91.5
1237	115	7	47.02
1176	12	4	7.49
128	304	4	16.03
122	558	4	19.22
130	3343	3	28.16
112	755	11	68.52
368	4109	3	44.88
102	983	5	15.32
131	149	5	10.35
270	116	7	20.98
1151	109	3	12.43
1673	12	3	6.31
112	2943	3	19.38
1238	454	3	36.07
118	225	16	69.67
2423	1704	7	144.1
105	3778	3	18.18
189	105	9	10.79
107	1497	3	12.25
410	101	5	6.28
113	1072	6	35.12
107	118	84	131.86
932	132	4	28.39
107	231	20	71
117	2139	3	18.35
9	17	6	15.49
384	883	4	46.43
4634	14	3	13.16
648	114	3	9.96
136	572	10	83.9
124	2378	5	46.95
8	366	5	21.16
700	102	3	4.4
117	597	3	9.79
824	12	4	5.07
188	142	3	8.89
1892	111	3	16.19
1364	102	9	48.73
389	119	5	20.22
136	204	8	38.61
116	468	3	8.11
104	805	3	7.15
8	2	14	6.91
3751	102	3	14.9
101	144	41	59.42
5161	103	3	22.87
107	534	3	6.08
112	1339	5	28.9
1273	14	4	7.75
3250	14	4	18.5
113	2022	4	25.13
113	2090	3	17.55
112	403	16	90.36
127	144	7	14.73
686	103	7	23.93
1203	125	3	18.99
451	106	5	12.73
973	14	4	5.87
1407	134	6	55.82
106	2117	3	14.79
115	218	5	8.09
2161	14	3	7.51
300	109	5	10.95
153	181	5	21.52
372	114	4	10.92
104	1950	3	12.74
640	124	14	116.34
454	5033	3	50.61
107	312	5	9.08
2463	103	3	13.49
107	164	28	76.87
1324	14	3	4.61
1683	360	3	37.17
113	1752	4	24.05
3575	12	3	11.27
116	142	11	14.1
220	109	4	4.02
504	113	6	24.22
104	935	12	71.18
367	102	8	15.77
125	684	3	15.49
397	102	7	13.44
235	944	4	40.67
102	494	7	16
102	345	13	35.94
118	3041	3	21.57
104	3497	3	17.32
123	130	25	71.66
376	106	17	80.75
104	3601	4	27
105	6195	3	24.84
127	189	3	5.79
115	249	5	10.23
115	301	5	12.88
2	720	3	11.62
528	12	9	16.72
108	129	19	17.14
3990	1532	3	54.69
1127	178	5	49.41
275	104	26	111.35
483	102	10	29.5
101	272	6	4.15
107	563	4	10.67
139	616	3	17.88
104	4577	4	31.97
103	1668	6	32.46
597	128	3	15.11
339	101	6	7.15
671	105	3	6.98
150	146	5	14.81
104	2987	3	15.77
204	12	13	4.96
101	691	6	15.2
103	470	4	6.26
104	3682	3	17.32
130	3477	3	28.16
102	750	8	27.72
122	114	20	14.87
102	809	5	13.23
717	14	6	9.64
116	1869	3	17.3
113	2923	4	29.8
105	1867	5	29.17
6070	125	3	33.92
143	222	9	51.75
111	2094	7	58.23
1750	14	3	6.1
818	14	5	7.96
161	101	13	4.89
109	227	4	4.33
1656	110	5	30.74
125	183	39	265.76
1928	12	3	6.97
311	102	6	6.46
114	262	6	15.03
287	1254	3	32.59
105	3339	4	28.15
113	1199	4	20.21
106	502	3	5.57
106	459	3	5.03
102	1827	3	10.39
1246	12	3	4.41
325	12	9	8.04
102	1775	6	29.79
102	1691	3	9.69
789	14	6	11.08
126	1862	3	22.55
135	115	30	76.69
808	105	3	7.93
1232	151	6	59.93
5588	103	3	22.87
146	247	3	12.11
102	1670	3	9.69
214	120	3	4.53
105	4439	3	20.38
6084	14	3	17.55
728	14	7	13.85
118	3383	3	23.14
443	121	4	16.72
909	12	5	9.23
2244	102	3	11.21
1337	12	3	4.8
245	166	11	81.76
109	199	12	30.78
735	111	16	116.52
161	145	9	39.77
107	1984	3	14.2
1447	14	6	19.12
114	167	6	5.91
103	173	10	5.62
133	1519	3	23.22
267	106	5	6.8
176	146	20	128.33
1341	103	3	9.27
228	103	7	6.13
102	824	8	30.2
485	339	4	39.57
114	415	4	11.9
127	676	4	23.56
112	2156	3	17.15
2	12	112	26.84
599	109	3	8.26
184	114	23	88.43
396	104	5	10.05
132	269	3	10.77
561	121	9	58.05
117	188	12	33.51
922	124	14	133.19
257	197	4	25.65
105	981	13	86.59
1345	161	3	26.27
104	138	47	103.33
110	359	4	9.55
124	112	19	13.43
606	105	4	10.66
569	203	3	23.86
191	315	10	88.48
104	2926	5	34.59
2665	103	4	21.07
1097	14	6	15.03
104	847	5	17.5
6030	151	3	39.48
105	428	23	133.39
5761	6265	3	72.08
1071	111	5	26.23
2059	111	3	17.04
107	402	12	50.73
115	316	3	5.35
113	783	6	30.02
123	482	3	11.64
102	318	5	4.3
1515	12	3	5.75
2292	111	3	17.04
441	103	29	172.22
386	120	4	14.88
1141	14	3	3.86
131	472	3	14.64
108	117	33	13.12
131	370	4	20.01
1500	101	3	8.09
5487	14	3	17.55
4494	14	3	13.16
801	106	5	18.98
102	2696	3	13.36
2148	14	3	7.51
1116	108	3	11.86
123	116	32	48.11
608	180	3	22.56
248	143	6	32.18
1415	102	5	19.95
107	153	15	21.23
1776	102	4	15.56
107	328	5	9.79
120	636	4	19.07
226	376	8	75.9
547	101	6	12.42
3614	106	3	18.56
105	294	8	18.71
173	164	3	9.91
1550	103	3	10.34
173	108	9	12.26
113	2901	3	19.78
1576	161	4	39.34
976	143	4	31.6
4439	109	3	22.7
1479	12	4	9.29
138	130	18	66.68
906	14	6	12.83
138	277	3	11.96
3550	112	3	20.94
3119	105	3	16.62
1305	14	3	4.61
779	106	3	8.02
4196	103	3	18.42
320	117	3	5.88
102	724	4	7.88
3154	14	3	11.04
114	442	10	49.6
156	330	3	16.6
113	1370	3	14.19
340	2162	3	38.21
287	117	13	58.08
613	107	3	6.94
104	170	10	7.7
4073	111	4	36.7
453	119	10	58.03
110	581	11	60.83
118	1645	3	17.06
3559	12	4	18.82
150	192	11	66.63
770	102	3	4.83
2766	124	3	24.89
117	300	3	5.33
102	3241	4	23.74
511	12	15	42.28
121	129	35	116.54
121	335	3	8.95
384	5	4	39.1
1429	101	4	13.26
105	2620	7	57.98
114	1464	3	15.03
1218	14	4	7.75
225	132	3	8.96
17	117	5	6.32
146	141	3	5.01
128	105	33	37.22
104	6104	3	23.97
725	103	3	5.51
113	557	6	25.7
103	191	11	12.09
113	409	16	92.54
365	103	7	14.79
122	489	6	32.12
114	141	84	423.85
102	1054	3	6.46
762	107	3	8.25
2846	12	3	9.79
125	111	17	11.89
112	2436	3	18.15
137	226	3	9.97
137	286	4	18.65
304	163	3	16.05
112	206	25	105.78
2496	126	3	24.44
102	547	6	13.25
171	830	4	34.25
2810	111	3	19.27
166	112	12	22.36
3727	110	3	20.77
270	120	14	73.62
131	217	4	13.27
4882	6	3	50.31
956	103	9	44.07
1164	106	4	16.57
6258	110	3	27.46
144	315	3	14.15
130	174	14	63.54
4501	103	3	18.42
149	220	45	435.33
700	14	7	13.28
3362	106	3	18.56
1368	104	8	46.8
159	172	13	79.47
2049	12	3	7.73
534	109	3	7.56
110	2479	7	64.1
202	107	6	5.91
1294	12	4	8.62
101	211	17	26.62
118	6178	3	29.84
12	854	6	12.04
104	2391	3	14.56
105	394	7	19.99
444	14	14	32.23
117	802	4	17.91
104	808	14	83.38
837	14	4	4.82
300	112	4	7.7
1711	125	3	21.75
1393	14	4	9
413	14	11	18.97
104	1879	4	19.79
113	2591	3	18.56
5237	454	3	50.61
127	147	7	15.76
1263	12	3	4.41
112	508	22	155.03
266	114	3	4.09
115	223	9	24.74
123	400	4	16.47
673	104	6	20.6
6262	109	3	27.18
126	241	12	64.81
261	102	6	4.18
141	280	10	67.68
108	107	74	50.86
131	497	3	14.96
911	102	3	5.84
1856	14	3	6.75
103	876	4	11.19
2362	103	4	21.07
3288	103	5	38.12
4614	103	3	18.42
104	4614	4	31.97
109	5632	3	27.18
398	105	6	15.6
106	731	5	18.06
107	451	6	17.84
237	128	3	8.17
5567	102	3	21.51
2366	113	3	18.56
226	102	20	44.92
303	114	7	22.41
575	754	3	34.29
113	3634	5	46.75
105	172	71	336.04
130	338	4	18.15
12	648	5	6.1
151	106	28	66.18
643	14	5	5.8
120	646	4	19.37
101	498	8	19.23
107	128	46	84.43
243	103	68	412.29
1584	14	3	5.54
123	162	4	5.11
4052	103	4	30.49
732	130	3	16.92
127	349	4	17.7
112	240	21	93.79
102	387	21	87.5
432	116	4	12.44
1276	124	6	47.33
108	487	3	6.8
518	111	6	23.58
102	2746	3	13.36
463	107	4	9.01
122	504	6	32.47
1713	119	3	18.81
1552	102	9	54.23
108	920	6	30.62
102	2372	3	12.18
137	2634	3	27.4
103	2912	3	14.69
108	1632	3	14.3
120	3013	3	23.04
105	747	4	12.14
693	134	4	26.05
110	118	66	112.56
162	105	10	8.26
1327	125	9	85.83
825	103	3	6.45
579	12	5	5.01
101	924	3	5.43
5796	126	3	33.97
12	213	12	4.47
12	264	18	27.22
106	438	5	12.73
107	884	3	9.07
627	123	3	13.47
1749	12	4	10.89
12	517	13	33.25
118	3444	4	34.8
106	186	6	3.96
121	539	3	12.12
293	14	18	31.72
104	319	38	222.17
104	144	30	51.38
1644	103	10	69.59
3039	14	4	15.98
4254	103	3	18.42
2	8	26	34.65
813	134	3	18.76
2784	103	3	14.69
164	1053	4	35.44
176	192	4	18.78
429	12	12	24.09
114	477	3	7.86
284	111	15	64.74
520	1243	4	52.17
286	1707	3	34.92
113	323	3	5.29
446	138	4	23.29
411	102	4	4.13
2832	103	6	45.74
4559	110	3	22.99
105	678	7	28.3
388	112	4	10.35
110	164	6	4.44
353	128	6	32.02
191	2876	3	34.6
120	273	3	6.71
107	707	4	12.6
101	875	9	36.25
214	116	9	23.94
124	562	5	27.79
122	1137	3	17.4
120	190	4	6.42
106	490	3	5.43
112	734	7	35.86
102	904	4	9.97
122	448	5	23.78
118	2495	6	53.97
382	12	6	3.86
128	192	4	10.32
103	300	12	30.63
4157	117	3	24.37
109	330	5	12.39
142	164	7	27.52
1001	14	5	9.97
2856	106	6	50.46
637	12	15	51.66
1695	12	3	6.31
902	1964	3	43.71
1565	102	3	9.07
112	988	6	33.42
114	346	4	10.2
103	551	4	7.63
656	102	8	25.63
114	1313	3	14.5
1439	107	3	12.25
128	1150	3	19.51
627	102	3	3.85
105	880	6	25.71
105	932	3	8.78
594	9	3	13.24
2588	103	4	21.07
274	552	11	131.37
12	2885	3	9.79
274	345	4	33.87
177	595	4	31.62
133	1059	3	20.69
1674	14	3	6.1
2263	106	8	67.29
112	1298	4	20.98
788	104	10	48.92
2283	12	4	13.05
660	109	5	19.91
180	12	31	36.23
946	113	3	12.11
160	166	50	451.76
280	124	4	13.68
142	4260	3	33.42
113	628	3	9.45
115	261	11	40.29
215	112	10	25.82
219	120	3	4.74
112	361	5	14.45
102	212	11	11.09
114	853	5	24.52
102	148	22	16.81
12	2122	4	13.05
123	120	18	23.21
458	14	11	20.49
123	183	4	7.07
6480	103	3	22.87
2903	103	3	14.69
102	514	5	8.84
823	14	4	4.82
1747	14	4	10.6
295	12	8	4.39
1276	12	3	4.41
199	241	4	24.93
427	352	3	27.54
292	140	8	51.04
116	123	34	54.49
105	291	45	280.85
247	423	6	56.89
3074	12	3	9.79
102	4156	3	17.07
258	146	3	12.51
314	128	3	10.71
106	1000	4	15.48
1080	103	4	13.04
101	548	4	5.44
117	2310	4	28.96
121	829	3	14.88
112	3708	3	20.94
5554	106	3	25.23
241	106	10	22.93
2714	14	3	9.56
437	117	3	8.01
110	831	3	10.61
159	291	5	31.05
1324	102	3	8.03
9	107	26	13.57
2228	12	3	7.73
2622	111	3	18.05
112	199	13	37.06
879	12	5	8.74
137	113	37	109.01
102	499	7	16
170	486	3	20.07
102	350	15	46.58
112	274	10	34.02
114	647	4	15.58
210	123	3	5.09
513	104	20	111.05
436	461	3	29.17
113	1046	7	42.61
118	247	4	8.18
776	105	9	44.21
223	128	7	28.96
112	4851	3	27.63
386	130	14	106
3809	14	3	13.16
114	976	8	51.12
122	789	3	14.96
1407	204	3	30.05
127	269	4	14.57
215	157	10	65.76
169	327	9	72.15
107	359	4	7.29
422	116	3	7.57
148	1461	3	25.15
104	2404	3	14.56
133	902	3	19.25
213	114	25	115.15
389	110	3	6.06
130	496	3	14.26
118	1258	3	15.45
133	566	3	16.3
106	6321	3	25.23
1108	14	4	6.73
107	914	6	27.65
292	933	3	30.74
1499	102	7	34.18
742	221	3	26.32
12	1237	7	22.84
106	1478	11	85.68
113	117	36	25.04
2267	14	3	7.51
326	385	4	37.07
102	602	7	19.38
122	283	10	49.74
114	467	21	145.3
3753	103	3	16.23
835	103	19	131.79
12	1494	3	5.25
128	177	3	4.88
239	117	4	6.52
311	14	11	11.46
104	4114	3	19.51
1059	345	3	33.47
120	1568	4	27.43
1630	103	3	10.34
112	840	5	23.33
102	925	6	20.06
126	960	3	17.85
142	328	9	63.7
295	645	4	40.62
461	102	5	7.68
162	136	4	10.04
121	323	3	8.67
1412	102	3	8.52
105	844	3	8.2
168	164	3	9.66
827	106	4	13.7
214	130	9	41.46
253	118	9	32.57
2	3975	3	25.16
396	1016	5	63.03
131	130	15	43.78
104	1706	8	54.01
542	120	3	11.55
118	164	8	14.05
223	141	5	22.66
1716	101	3	9.24
1824	106	3	13.22
114	826	4	17.68
102	562	12	44.86
102	413	10	26.94
2593	12	3	8.65
107	242	8	15.87
159	228	4	19.74
104	4174	4	31.97
893	109	5	23.14
224	551	4	35.35
313	118	7	26.47
102	3990	3	17.07
116	279	4	8.18
111	105	70	41.46
111	169	6	5
400	103	4	5.33
537	9	3	12.66
159	364	3	17.63
644	12	6	9.2
12	938	5	9.23
119	201	3	3.87
104	2407	3	14.56
1147	121	3	17.04
833	123	17	162.98
399	1755	4	53.35
337	228	3	21.49
3337	111	4	31.72
144	2889	3	29.76
112	2879	3	19.38
736	103	4	9.76
105	1144	11	73.85
180	322	3	18.08
1198	14	3	3.86
113	222	6	11.29
962	101	3	5.73
551	14	7	10.08
181	389	3	19.67
951	103	3	7.32
114	575	3	9.15
2775	14	4	15.98
1652	14	4	9.75
618	149	3	19.47
184	138	3	7.86
104	114	83	66.94
3378	12	4	18.82
1959	124	5	42.98
136	638	7	54.51
105	1034	4	14.99
117	182	7	11.92
4625	102	3	17.07
2442	14	3	8.43
287	173	5	32.33
124	148	8	17.39
178	134	4	10.71
697	14	9	21.74
204	106	7	8.05
105	4301	3	20.38
12	183	17	7.48
6503	103	3	22.87
102	1833	4	16.6
105	2424	3	15.41
1190	156	3	25.1
104	362	30	173.41
12	2974	5	24.35
1283	12	3	4.8
117	368	7	27.55
104	1193	5	21.23
1890	102	3	10.39
104	1126	3	9.01
342	583	3	29.3
125	124	12	18.61
111	1618	3	14.8
990	430	3	34.62
721	110	4	15.07
416	14	9	12.28
1059	360	3	33.94
122	430	4	17.01
112	641	7	33.99
2025	103	8	54.76
147	115	9	9.75
13	101	14	18.55
112	775	4	15.97
1337	106	4	17.86
194	233	4	23.89
3106	106	5	36.68
1167	124	5	36.3
113	522	6	24.57
267	12	15	18.32
1956	102	3	10.39
103	163	12	7.78
115	1017	3	12.81
113	388	6	20.97
104	6083	3	23.97
103	311	9	19.1
133	1373	3	22.08
225	166	7	43.05
2203	102	5	25.44
104	2893	4	24.4
1349	12	3	4.8
104	2681	5	31.66
133	107	25	31.88
716	116	3	10.68
623	110	6	26.29
116	737	3	10.93
187	250	4	24.15
8	1081	3	16.61
274	360	5	45.53
187	460	6	51.29
135	446	3	15.31
535	121	4	18.24
124	166	7	17.56
178	119	10	27.83
106	244	7	11.79
1215	12	3	4.41
12	533	9	16.72
278	107	5	7.64
3007	12	3	9.79
102	711	4	7.88
12	1291	3	4.8
2	234	10	35.15
1387	125	4	29.25
471	105	3	4.85
143	134	12	43.63
250	101	11	15.31
599	14	9	18.31
1717	14	5	15.93
104	1549	8	51.16
491	14	8	11.36
167	174	8	42.34
113	845	3	11.16
436	103	8	21.61
2656	101	3	11.72
112	426	3	6.8
1347	125	3	19.95
1085	14	4	6.73
195	169	9	56.37
108	121	35	39.38
141	149	3	5.42
2791	12	3	9.79
149	461	3	17.49
129	608	5	31.31
118	1168	3	15
4666	111	3	23.05
5251	140	3	37.67
105	364	19	92.03
111	149	17	32.22
1076	111	9	60.82
119	117	26	23.41
8	2756	3	23.64
1267	14	4	7.75
299	105	9	23.28
102	1167	3	7.18
105	228	73	473.57
117	886	3	12.22
108	1186	13	105.38
525	145	5	34.87
432	12	9	13.22
126	543	16	135.9
118	328	7	27.39
131	116	56	197.26
102	2686	3	13.36
244	572	6	60.9
105	1384	6	31.97
123	294	23	160.86
540	103	4	7.41
123	177	4	6.09
103	742	4	9.76
1234	14	7	22.31
3610	106	3	18.56
1047	108	5	24.7
3083	14	3	9.56
754	12	4	4.21
226	109	9	21.75
111	136	28	62.25
2209	111	7	58.23
117	713	23	207.62
115	1467	3	15.07
883	14	7	16.48
120	1014	3	15.63
493	103	4	6.62
115	130	23	36.58
1560	101	4	14.05
852	14	6	11.62
109	2189	4	25.24
115	277	7	20.62
436	220	3	22.82
108	168	7	6.46
130	1552	3	22.04
21	9	3	12.85
106	984	5	21.17
286	125	3	9.46
62	62	5	65.89
107	272	4	4.56
107	189	22	65.07
112	1517	4	22.57
380	559	5	55.22
1180	14	6	15.9
116	109	28	6.69
133	2465	6	66.45
489	12	7	8.79
101	2714	3	12.9
107	842	3	8.78
120	257	4	10.3
107	640	5	16.86
1349	124	3	19.21
101	2282	3	10.75
780	125	5	32.59
105	746	4	12.14
3517	14	3	11.04
104	407	30	185.44
110	179	5	3.84
1669	14	3	6.1
4300	14	3	13.16
102	2307	3	12.18
1091	106	5	22.51
109	148	10	9.55
118	784	3	12.31
122	464	4	17.61
147	157	11	54.18
107	1973	4	21.76
572	129	3	15.14
832	104	12	67.58
1521	342	4	50.71
102	785	3	4.83
284	12	8	3.86
156	180	3	10.23
411	109	6	20.14
277	208	7	55.2
103	536	3	4.1
305	102	5	3.87
786	111	4	15.84
190	113	6	8.35
393	835	7	90.35
3601	105	3	18.18
904	9	3	16.07
828	14	6	11.62
109	463	18	108.65
438	14	10	16.36
104	256	16	47.5
315	12	9	7.41
2048	113	4	26.38
535	104	12	52.59
106	175	9	8.61
1323	119	3	17.02
201	350	4	29.78
1425	109	7	47.25
613	104	4	9.62
770	109	8	43.11
117	107	48	25.5
106	187	7	6.28
259	128	4	14.28
107	878	8	41.4
204	120	6	15.38
1488	14	3	5.04
675	8	3	13.56
277	106	10	26.67
609	110	3	8.71
102	685	8	26.29
194	502	3	22.44
271	138	5	24.86
102	2583	5	27.59
211	123	8	27.95
467	143	12	104.1
2962	12	4	16.29
142	138	9	29.94
605	109	6	25.3
3330	12	3	11.27
117	1119	3	13.62
614	141	5	36.38
12	1374	4	8.62
147	112	19	39.71
102	873	6	19.38
1559	14	4	9.75
102	941	4	9.97
355	680	7	85.24
102	993	4	10.87
272	101	7	6.3
104	4767	3	19.51
107	676	6	23.46
102	5450	3	21.51
121	188	4	6.94
117	412	8	35.83
134	432	9	65.22
107	293	7	15.96
120	608	9	58.33
103	1980	3	11.68
113	1773	3	15.96
198	14	21	19.19
116	152	16	37.97
1151	14	3	3.86
185	105	8	7.68
2387	106	4	24.17
185	169	3	11.41
104	1626	5	25.02
102	432	6	10.6
114	631	7	35.09
1075	109	6	33.42
103	700	6	19.04
202	1364	3	29.5
487	123	4	17.83
127	153	6	13.83
115	116	88	188.31
393	119	4	14.57
1880	111	4	24.44
476	124	14	104.33
117	1938	3	17.5
160	132	9	33.55
105	1221	4	16.7
300	14	9	6
126	144	6	10.5
4156	14	3	13.16
103	2175	3	12.51
107	2779	3	17.25
2680	106	5	33.74
1256	14	4	7.75
275	117	4	8.22
113	3369	4	32.41
197	762	4	36.66
422	12	9	12.85
2291	104	5	29.48
309	111	3	4.55
727	119	5	26.8
112	1277	7	46.67
119	155	6	8.77
811	12	8	20.08
101	330	5	4.22
104	2466	5	31.66
111	104	394	1326.12
389	12	8	8.68
964	121	4	23.65
1455	102	3	8.52
102	2895	4	21.16
102	3047	4	21.16
372	102	7	12.37
747	12	6	10.49
4366	4446	3	63.08
127	196	3	6.43
112	442	4	11.37
4058	14	3	13.16
103	908	5	16.84
102	489	8	20.37
1707	106	9	69.24
355	103	18	72.53
112	189	7	10.63
102	356	18	64.76
2593	101	3	11.72
103	757	5	14.84
141	352	3	15
199	143	13	80.14
1603	12	3	5.75
163	484	7	58.17
1119	126	4	27.39
136	592	6	43.7
117	990	4	20.14
105	276	16	55.82
216	121	6	17.73
104	1048	6	26.29
2241	108	3	16.54
107	171	73	364.91
1311	110	6	37.14
129	4424	3	30.19
177	118	11	28.24
110	148	14	21.51
1634	14	6	20.49
6355	109	3	27.18
242	536	4	36.46
106	6576	3	25.23
106	395	3	4.34
3130	124	3	24.89
120	114	17	6.27
2275	12	3	7.73
101	1040	3	6.04
1121	102	3	6.8
106	1227	5	24.07
128	182	4	9.26
107	2030	4	21.76
114	206	12	35.76
131	2425	4	37.94
147	114	25	70.26
161	106	67	297.67
118	605	4	16.87
1763	110	9	75.94
152	146	4	10.75
316	247	3	21.64
152	261	5	28.3
277	119	6	20.58
165	113	26	88.82
2979	124	6	66.38
1925	12	4	11.88
969	140	4	31.22
191	241	6	41.46
115	2019	4	25.61
104	115	66	34.74
105	959	4	14.51
958	106	9	51.02
105	2215	3	14.42
133	488	3	15.25
113	1614	4	23.11
1974	102	4	16.6
102	3325	3	14.9
1334	12	4	8.62
871	12	4	5.4
129	309	3	10.84
105	1757	3	12.85
777	109	3	9.8
250	12	12	8.92
656	108	4	13.88
1470	105	3	11.64
3452	14	4	18.5
102	906	4	9.97
114	240	19	85.27
1372	125	5	39.29
3410	111	4	31.72
371	104	4	5.93
125	140	6	9.78
104	1345	5	22.93
109	269	4	6.21
790	2	3	12.4
109	194	6	7.67
1139	119	5	32.61
135	138	13	47.05
1615	109	9	71.18
139	2744	4	41.8
549	121	5	25.43
109	1543	4	21.98
5691	102	3	21.51
102	1677	6	29.79
120	334	3	8.4
146	160	3	7.15
3591	108	4	31.04
120	128	31	87.87
391	1353	3	35.72
116	231	10	31.49
256	125	3	8.41
116	118	37	40.57
173	14	39	50.25
489	9	3	11.98
404	145	5	32.46
805	163	3	22.92
865	2	3	12.98
1618	12	3	5.75
105	2978	3	16.62
113	1033	4	19.09
540	102	6	13.25
1874	104	8	57.7
1651	12	3	5.75
102	461	6	11.12
107	1586	6	35.96
102	504	9	25.58
118	209	17	70.81
1500	106	3	12
145	6063	3	38.07
102	4785	4	28.69
718	106	5	17.63
199	243	4	25.02
102	2807	3	13.36
104	1911	5	27.74
180	110	8	11.85
261	118	3	5.08
2778	103	5	32.76
118	505	5	21.16
335	14	8	5.96
115	323	3	5.59
123	369	6	28.61
1104	104	4	14.42
123	471	10	63.66
310	239	4	30.43
107	1329	4	18.19
833	269	3	29.36
137	511	3	16.43
112	477	3	7.2
1120	104	5	20.49
137	569	3	17.35
3446	124	3	26.47
106	807	6	25.16
104	2559	3	14.56
2365	2760	6	130.09
450	12	10	17.03
108	5771	3	27.01
564	101	5	8.96
1909	14	4	11.58
483	156	3	19.18
917	14	4	5.49
149	505	5	35.59
102	3887	3	17.07
117	632	8	43.79
157	136	3	5.8
123	104	39	26.23
486	107	3	5.5
2107	104	3	13.57
122	904	5	32.08
621	107	8	35.04
676	123	3	13.93
114	734	3	10.66
102	448	10	27.91
107	1463	3	12.25
144	312	5	28.59
741	106	9	44.4
108	351	3	5.17
3580	106	3	18.56
647	103	6	18.08
256	14	13	10.83
771	106	8	38.02
116	164	9	14.67
8	591	3	12.69
116	312	8	29.16
698	124	15	132.57
107	340	4	6.78
102	1289	5	18.98
107	273	9	22.67
4094	111	3	23.05
112	1518	5	31.02
299	121	3	7.97
107	142	13	10.06
119	239	3	5.17
473	12	6	5.59
102	1394	3	8.52
754	101	3	4.23
1195	14	3	3.86
8	189	3	3.9
1020	14	4	6.28
2153	125	3	23.37
153	141	7	25.47
2337	14	3	8.43
1226	14	4	7.75
1450	103	3	9.78
108	249	4	5.21
1437	101	6	25.8
108	105	138	200.31
115	129	26	45.25
430	457	3	29.17
115	335	3	5.86
522	102	6	12.59
2430	119	4	31.74
102	278	20	59.02
378	2	6	23.74
113	3010	4	29.8
120	1343	6	44.8
102	634	6	15.17
114	361	3	6.51
284	101	8	9.59
112	853	8	46.06
2441	14	3	8.43
138	174	3	6.83
103	485	4	6.44
204	134	6	24.39
315	101	7	8.54
178	106	74	382.51
662	14	8	16.08
107	1030	3	10.04
552	14	5	4.49
1251	103	9	50.6
104	3066	3	15.77
117	251	5	10.96
116	1071	3	13.43
110	429	6	21.23
2931	102	4	21.16
129	114	10	3.96
104	157	26	53.37
175	241	3	14.82
105	610	3	6.39
106	2832	3	17
1893	102	3	10.39
739	117	5	23.84
133	120	7	5.79
290	134	15	108.43
102	889	9	37.64
122	514	6	32.83
103	233	9	12.03
148	916	4	31.99
1265	102	3	7.58
125	145	7	13.98
232	119	4	8.71
102	2306	3	12.18
371	121	6	27.87
4980	5149	3	72.08
128	163	3	4.15
1292	114	3	14.5
1348	12	6	18.38
1329	1647	4	63.33
12	1425	4	9.29
113	348	7	24.68
122	499	5	24.84
102	872	3	5.56
114	199	9	21.48
112	722	9	50.58
2083	2065	5	93.85
1117	542	6	83.37
387	14	12	20.66
232	134	5	21
260	106	49	299.83
1835	14	5	17.32
3568	14	3	11.04
659	110	3	9.12
117	488	4	13.46
105	761	10	51.76
104	2846	3	15.77
106	588	3	6.54
133	197	6	23.89
113	1179	4	20.21
101	1087	3	6.38
17	175	3	11.87
12	353	8	7.45
1179	12	3	4.05
2092	12	3	7.73
2479	109	7	63.44
45	14	8	10.99
129	128	7	8.63
104	112	48	5.71
600	14	5	4.97
466	125	7	42.71
4060	103	3	18.42
150	332	3	15.68
142	446	9	70.88
167	146	11	54.75
112	2363	3	18.15
305	211	3	19.49
2850	109	4	28.65
113	304	26	154.68
128	353	4	18.03
1003	12	4	6.55
102	789	4	8.83
102	619	5	10.54
2444	102	3	12.18
193	109	5	4.99
180	129	3	5.46
1490	12	3	5.25
102	283	42	202.06
1057	14	6	14.24
556	106	5	15.13
2041	14	4	12.75
1263	110	3	13.14
102	118	95	73.67
115	229	6	12.48
938	108	9	55
107	478	4	9.39
134	118	13	18.21
1273	108	3	12.71
2308	14	5	21.09
136	149	8	26.18
104	660	4	10.17
8	293	5	17.98
106	2418	4	24.17
104	743	10	47.85
118	1378	4	23.87
116	153	10	15.96
1417	12	3	5.25
4647	110	4	36.62
1923	14	3	6.75
123	150	16	53.54
143	921	8	75.51
560	113	4	13.81
801	140	5	39.29
185	104	29	85.7
1388	12	4	8.62
106	5609	3	25.23
12	104	768	1262.38
106	529	8	30.97
1429	12	3	5.25
1826	12	3	6.97
1355	14	3	4.61
135	164	8	30.2
2483	101	3	11.72
136	968	4	30.05
1980	14	3	6.75
105	762	4	12.48
538	205	5	44.68
144	650	4	28.2
102	2324	3	12.18
1449	106	4	18.6
316	118	3	6.55
125	110	23	25.32
103	136	36	49.28
118	2580	3	20.34
122	562	5	26.37
114	190	11	27.74
631	311	3	28.81
122	413	3	10.91
122	355	4	15.47
190	143	6	26.01
112	1083	3	12.45
109	356	5	13.59
200	117	4	4.81
6298	103	3	22.87
1029	14	5	9.97
5	103	19	82.74
129	189	3	6.11
118	1646	3	17.06
117	301	4	9.2
102	3240	4	23.74
121	379	5	21.57
106	276	6	10.45
139	307	20	167.96
158	143	10	45.49
115	1959	3	17.06
357	107	3	4.05
101	718	3	4.03
120	420	3	10
253	355	8	78.62
181	1162	7	77.23
111	232	5	8.04
4026	12	3	13.4
144	1273	3	23.56
118	1308	4	23.87
2284	12	3	7.73
1647	14	7	26.97
101	148	18	7.67
101	212	13	14.86
102	1392	4	13.86
578	14	7	10.48
633	118	3	11.12
102	220	10	9.92
102	179	23	37.13
973	103	3	7.32
3963	9	3	28.01
1532	14	4	9.75
1779	104	3	12.02
193	102	14	16.17
130	1131	3	19.51
141	182	4	13.24
233	221	3	17.49
956	102	4	10.4
295	140	3	13.23
118	297	14	70.97
153	436	5	35.64
212	280	6	46.33
102	430	8	18.39
1110	101	4	10.78
1381	880	3	41.12
2939	103	3	14.69
157	120	8	16.57
107	115	91	119.85
101	564	4	5.64
105	3131	4	25.55
102	1135	5	17.32
4119	106	4	33.64
104	4371	3	19.51
8	2844	3	23.64
269	327	3	22.79
121	779	3	14.31
942	12	4	5.75
116	314	7	23.87
292	12	10	8.24
104	2288	3	13.57
286	114	4	8.14
122	1676	3	20.15
358	109	5	13.59
105	3114	5	36.04
1996	12	3	6.97
104	977	15	103.81
8	526	5	25.12
117	903	5	26.43
241	134	6	28.22
3964	103	4	30.49
105	245	7	11.06
2800	125	4	37.61
112	2898	3	19.38
108	354	4	8.88
2893	108	4	28.43
3707	14	3	11.04
894	102	3	5.56
123	107	30	19.66
113	913	9	58.07
1209	113	5	28.67
4065	12	3	13.4
101	1317	3	7.6
219	107	6	6.99
215	114	5	7.89
127	102	34	14.46
112	410	7	26.68
2847	14	3	9.56
3408	14	4	18.5
2482	14	3	8.43
154	112	8	7.97
754	110	4	15.41
1704	14	6	22.08
303	115	21	116.58
105	4777	4	33.13
352	190	10	91.71
105	1002	5	21.2
117	149	29	95.08
1631	12	4	10.04
104	318	5	7.31
109	1220	6	35.42
102	1916	4	16.6
101	753	4	7.64
124	118	14	10.98
120	510	17	128.17
315	110	4	8.04
204	135	3	8.63
106	117	51	28.19
133	472	3	15.1
1045	105	6	27.97
969	110	3	11.55
171	1323	4	38.64
201	356	6	50.32
145	694	8	69.6
915	108	3	10.79
190	171	3	11.85
118	891	9	62.19
12	4154	4	23.72
200	201	3	15.17
1265	109	6	35.42
1799	12	4	10.89
102	2163	5	25.44
144	754	5	38.98
142	181	3	8.35
116	1874	3	17.3
1394	12	3	5.25
435	134	8	55.87
147	144	3	5.59
106	1248	3	11.01
106	1196	3	10.58
2672	106	6	44.75
2403	103	3	13.49
557	103	5	11.59
3647	106	5	42.05
579	101	5	9.25
2798	103	3	14.69
703	103	3	5.51
236	117	6	13.86
716	101	3	4.03
3578	9	3	25.79
121	116	42	77.78
263	121	6	21.55
176	150	5	19.55
752	106	3	7.78
545	542	7	88.11
5565	14	3	17.55
102	717	8	26.99
1210	277	5	59.76
731	240	3	27.25
138	238	3	10.52
107	5703	3	25.48
350	194	3	20.06
1812	12	4	10.89
347	102	11	26.72
784	106	5	18.51
105	4390	3	20.38
2451	103	3	13.49
4920	289	3	47.22
113	1551	3	15.3
2109	108	5	34.51
101	978	3	5.73
146	171	8	35.57
120	189	5	9.83
12	266	12	10.51
106	491	4	9.28
12	135	335	1618.65
1843	103	8	54.76
1596	12	3	5.75
538	114	5	19.71
2853	12	4	16.29
162	121	9	22.81
179	318	3	17.78
179	143	6	24.23
192	3368	3	36.23
200	455	6	53.12
126	944	3	17.51
1223	14	3	4.21
102	905	5	14.74
392	103	16	63.92
103	169	25	47.13
984	14	13	55.33
171	118	5	5.76
103	105	155	97.13
171	231	3	14.07
223	115	8	20.24
1424	110	10	80.81
482	376	3	28.53
1089	106	8	45.35
103	601	5	12.53
321	113	6	17.91
102	464	8	19.54
9	16	10	26.43
151	119	22	80.31
168	830	4	34.01
106	917	11	66.91
201	619	4	34.84
140	114	8	5.66
138	3483	3	30.28
105	290	13	41.95
6	4958	3	50.31
559	14	7	10.08
1262	103	6	26.98
130	146	52	328.59
111	250	7	16.88
111	207	6	9.11
113	1976	3	16.7
473	116	3	8.11
104	2572	5	31.66
450	111	3	6.84
107	574	3	6.58
85	127	4	9.05
266	157	3	14.64
407	118	3	8.51
104	2124	7	49.95
108	120	27	17.13
108	285	4	6.64
141	250	7	39.45
122	685	13	104.22
322	2573	3	38.7
1828	14	3	6.75
772	14	4	4.24
1712	108	10	90.08
476	110	3	7.05
115	305	4	8.8
1999	102	4	16.6
2214	12	3	7.73
862	12	4	5.4
111	311	3	4.55
8	161	5	7.53
1458	14	3	5.04
352	14	7	4.82
2361	103	6	40.05
202	120	4	7.41
119	187	5	9.14
112	1397	3	14.32
107	160	10	9.52
107	112	52	20.64
106	1016	9	52.44
313	180	4	26.07
2589	104	4	22.52
241	107	7	12.15
116	194	4	4.14
1031	12	5	10.32
220	309	4	29.36
131	188	3	6.83
270	107	9	22.67
2330	12	4	14.48
108	533	3	7.41
1207	12	4	8.03
166	114	11	21.12
104	1744	4	18.73
586	117	4	15.34
879	101	5	13.48
3299	106	4	28.67
104	5520	3	23.97
1538	106	3	12.58
118	804	4	19.18
555	106	16	90.75
2409	106	3	15.79
109	118	53	67.51
109	283	6	14.2
104	1311	8	46.8
187	1439	3	28.98
1153	14	5	11.25
1656	106	3	12.58
696	281	5	53.41
492	1560	3	38.36
113	540	7	31.84
774	1445	5	74.63
114	258	4	7.01
702	102	4	7.88
1132	111	3	12.35
1503	12	4	9.29
572	12	6	7.76
133	149	18	83.41
1675	12	3	6.31
201	278	8	65.35
103	1488	3	9.78
102	1831	3	10.39
120	225	3	5
105	4594	3	20.38
104	544	21	125.11
1435	156	3	26.6
302	158	3	15.82
129	510	7	45.69
117	370	11	54.29
121	254	5	15.65
117	472	9	44.95
6128	103	3	22.87
453	106	8	27.81
117	218	4	5.51
112	3654	3	20.94
183	108	7	8.88
121	573	3	12.49
139	186	3	7.95
439	138	8	58.44
113	1556	3	15.3
139	116	10	9.35
106	155	10	8.28
16	2	52	262.07
2668	102	3	12.18
105	4407	3	20.38
102	2086	4	17.82
277	178	4	24.08
940	14	5	8.89
3044	14	4	15.98
235	118	4	7.53
717	103	6	19.04
143	177	4	12.6
196	104	35	129.75
12	1558	7	27.51
416	12	7	7.11
102	997	5	15.93
105	3330	3	18.18
1521	499	3	38.36
114	155	26	86.84
1250	14	3	4.21
118	607	12	80.35
102	4302	3	17.07
1525	101	3	8.63
2779	103	6	45.74
661	103	13	62.36
1283	14	5	12.81
2152	14	3	7.51
658	959	3	37.02
175	130	3	5.13
827	102	3	5.3
1257	111	5	27.81
12	230	30	59.69
12	282	10	7.46
105	2423	7	57.98
102	1834	4	16.6
1770	12	3	6.31
1246	109	5	27.25
107	672	7	29.73
101	835	4	8.63
120	540	8	47.29
697	12	5	6.75
684	106	18	119.62
104	117	83	76.16
118	860	3	12.87
2029	14	3	6.75
576	106	8	32.58
211	105	6	5.43
813	103	5	15.3
138	258	3	11.39
115	810	4	17.34
12	1122	10	38.77
122	219	11	46.96
457	113	3	7.43
131	378	7	43.47
112	2828	3	19.38
193	119	9	27.35
528	109	4	12.26
1220	412	6	81.66
118	412	7	31.61
3583	104	3	17.32
1733	14	3	6.1
170	179	4	16.85
112	589	8	39.35
101	1395	3	8.09
1588	14	3	5.54
255	103	11	21.22
123	446	4	17.21
107	421	9	33.33
102	1510	6	28.15
145	112	9	7.1
648	104	7	25.78
117	992	4	20.14
102	3925	3	17.07
104	986	11	64.13
101	532	4	5.24
2108	103	7	47.39
191	916	4	37.71
607	110	3	8.71
112	337	13	60.5
376	14	7	5.39
751	105	3	7.43
115	411	4	11.78
131	199	3	7.61
1388	126	3	19.99
540	300	3	27.4
12	2118	3	7.73
1234	12	4	8.03
102	459	8	19.14
432	14	12	23.25
212	103	25	70.87
110	2025	6	43.54
102	2689	3	13.36
419	105	3	4.37
1989	9	3	21.1
3348	245	3	38.84
2	1070	3	14.39
105	1381	7	40.23
1389	14	4	8.34
3390	103	3	16.23
173	101	12	5.13
714	2501	3	44.17
110	4625	3	22.99
299	102	8	11.49
102	1218	3	7.58
140	175	3	7.5
192	161	3	11.51
932	12	4	5.75
2115	119	8	82.57
119	114	23	14.63
1150	102	4	11.91
102	1525	5	21.04
563	109	13	75.03
1495	14	3	5.04
564	14	7	10.08
104	778	4	11.42
1793	110	4	23.28
282	103	13	33.07
383	431	3	28.17
130	407	5	27.23
105	479	4	8.64
111	148	10	10.35
1878	101	3	9.94
126	222	10	46.65
105	1246	4	16.7
137	513	3	16.43
1085	12	4	6.99
105	1759	3	12.85
294	204	5	36.84
599	12	5	5.26
184	121	12	44.03
109	384	3	5.82
104	1552	5	25.02
1214	592	3	38.03
491	12	7	8.79
122	191	6	16.01
176	152	3	9.24
1182	14	3	3.86
3102	110	3	19.21
2413	146	4	41.37
12	1138	3	4.05
103	356	6	10.81
113	272	10	35.05
111	2546	3	18.05
1008	14	16	86.11
124	105	30	21.1
784	103	3	5.95
1215	14	3	4.21
139	141	24	125.9
4574	14	3	13.16
1030	111	4	18.42
720	119	19	168.81
175	116	10	20.15
1308	109	3	13.35
117	531	4	14.34
263	109	4	5.89
110	104	98	81.26
623	113	5	20.9
110	248	8	20.95
146	158	3	7.03
12	279	15	20.25
104	2814	5	34.59
12	132	35	4.98
1349	14	3	4.61
12	196	13	4.55
1573	103	9	58.28
114	158	12	23.42
102	908	4	9.97
122	385	5	22.39
267	14	11	7.71
125	190	3	5.51
748	12	5	7.1
301	225	3	20.18
109	136	13	11.67
142	168	3	7.37
315	14	8	4.91
108	3371	3	20.33
231	154	4	19.38
259	229	3	18.98
188	617	13	145.19
1131	104	3	9.01
117	153	7	7.66
221	126	4	11.47
150	181	6	26.89
117	210	6	11.44
438	12	8	10.46
1569	124	4	29.88
417	102	7	14.02
943	111	7	39.48
104	6322	3	23.97
112	4312	3	23.15
125	468	3	13.02
113	3132	3	19.78
800	188	4	35.87
118	954	4	20.92
271	121	11	54.36
132	155	3	4.98
102	782	3	4.83
326	489	3	27.45
934	14	6	12.83
106	1492	4	18.6
138	176	3	6.94
115	780	4	16.96
165	130	6	16.36
845	101	3	4.91
103	118	78	62.99
4239	106	4	33.64
117	1220	3	14.49
624	157	3	21.1
142	121	10	20.05
109	316	3	4.36
150	366	5	32.88
105	660	4	11.21
107	2486	3	16.04
104	6509	3	23.97
5635	109	3	27.18
739	115	3	10.7
107	845	4	14.02
954	336	3	32.58
939	108	3	10.79
108	1107	3	11.86
489	14	8	11.36
105	160	13	15.38
2255	103	4	19.58
269	103	14	35.85
130	128	24	82.82
151	102	26	31.57
119	558	3	11.37
169	473	15	153.16
113	900	3	11.46
103	619	4	8.34
2468	111	6	49.34
102	583	4	6.59
1295	5145	3	58.03
248	280	3	20.73
104	1735	7	43.84
1680	14	6	22.08
109	766	8	43.11
185	212	3	14.31
108	349	3	5.07
2220	103	3	12.51
4749	106	3	20.76
993	1701	3	44.02
1834	14	4	11.58
180	115	7	10.61
462	118	4	14.28
1006	103	4	12.52
108	167	6	4.12
791	209	3	26.17
987	101	3	5.73
1739	110	3	15.39
104	3379	4	27
1336	102	4	13.14
852	12	5	8.29
102	197	8	3.92
112	497	7	29.2
102	331	35	174.59
104	2606	6	42.25
112	1112	5	26.41
1954	102	3	10.39
107	522	4	10
273	12	9	4.88
1314	12	3	4.8
4219	3522	3	60.85
754	14	4	3.98
1041	103	8	37.89
104	659	16	91.83
1020	101	4	10.29
105	493	13	60.5
117	653	3	10.41
422	14	7	6.71
988	430	3	34.62
811	14	4	4.52
133	957	3	19.93
106	692	5	17.23
111	297	3	4.26
130	362	4	18.91
120	4255	3	26.84
136	262	4	17.34
495	2	11	64.12
117	814	3	11.64
111	180	13	30.3
460	2504	3	41.21
131	508	3	15.13
1266	102	3	7.58
102	233	23	61.02
112	512	3	7.64
286	1357	3	33.1
103	1093	5	18.73
115	287	8	26.68
103	889	3	6.72
1168	101	3	6.75
2692	14	3	9.56
85	101	15	13.54
12	1765	9	46.98
127	401	3	12.53
112	217	23	98.41
304	103	7	11.18
115	361	3	6.54
567	105	3	6.03
131	206	4	12.48
1053	102	5	15.93
102	2771	3	13.36
397	116	4	11.91
109	668	3	9.08
104	1627	9	61.58
198	12	13	4.65
154	470	4	27.25
104	917	4	12.97
1103	12	4	6.99
2908	106	6	50.46
334	103	21	86.76
107	222	9	16.79
101	401	11	29.15
119	458	4	15.68
135	105	15	8.26
162	152	5	18.89
5420	103	3	22.87
121	272	3	7.23
168	121	5	8.21
617	12	7	11.78
113	1177	6	36.08
102	1634	5	21.04
4629	126	4	45.3
474	12	8	11.14
5963	124	3	33.18
990	501	7	97.39
1012	111	10	68.89
650	12	5	6.1
103	278	8	12.88
181	143	4	13.31
114	129	13	9.05
1187	111	4	19.53
108	2292	3	16.54
1559	12	3	5.75
103	2993	3	14.69
448	514	3	30.15
109	169	13	25.34
118	786	9	58.97
109	105	92	80.48
152	272	4	21.43
167	259	4	22.25
144	968	6	53.32
1988	14	3	6.75
125	419	5	25.91
2	132	8	4.86
222	171	5	27.72
165	116	23	77.36
138	142	4	7.48
102	787	4	8.5
114	380	5	15.97
903	501	3	34.68
158	155	8	38.14
107	985	3	9.7
107	1053	4	15.8
231	111	37	206.96
101	832	4	8.63
1488	12	3	5.25
4644	125	3	29.43
110	593	3	8.52
2099	108	3	16.54
136	768	3	19.06
136	650	7	55.09
122	666	4	20.96
1147	108	3	12.27
122	742	3	14.41
127	150	4	5.87
1263	14	3	4.21
137	539	3	16.96
487	120	5	22.98
115	176	18	54.56
960	14	6	13.51
108	153	10	11.74
300	111	6	15.74
166	490	4	28.84
413	12	8	9.83
125	915	3	17.46
244	293	4	30.32
153	116	7	7.33
2666	12	3	8.65
103	4233	3	18.42
105	393	12	47.69
188	192	10	69.87
444	12	6	5.15
550	107	4	10.44
108	3783	5	45.03
237	117	4	6.52
1294	14	5	12.81
3646	106	5	42.05
119	144	6	5.89
740	9	3	14.61
104	2528	5	31.66
107	117	100	159.04
112	1522	3	14.9
107	229	7	10.75
1379	101	4	12.54
115	1191	3	13.61
177	105	13	18.87
1119	111	3	12.35
2295	111	3	17.04
116	316	3	5.55
4660	109	3	22.7
116	213	5	8.07
5178	12	3	17.79
104	850	9	43.7
2618	123	5	45.51
2273	109	5	34.79
304	108	3	3.94
4392	103	3	18.42
123	209	4	8.68
806	103	3	6.19
321	130	4	17.32
2662	103	3	13.49
1738	14	3	6.1
152	128	10	32.48
391	413	3	28.02
4602	12	3	13.4
925	124	12	107.91
1187	12	3	4.05
1630	295	6	79.91
272	113	5	10.97
120	304	4	12.15
107	613	4	11.43
17	114	8	15.19
882	161	3	23.42
104	496	16	78.08
1993	103	4	18.35
104	347	29	158.32
519	1249	3	37.06
1040	106	3	9.81
121	128	11	13.5
117	415	4	12.5
227	247	3	18.44
3677	14	3	11.04
8	790	3	14.59
1549	125	3	21.09
2404	125	7	79.2
1118	256	3	30.55
1222	103	7	34.27
141	2011	4	38.01
104	3038	4	24.4
655	104	7	25.78
139	113	15	20.83
118	3426	3	23.14
1997	12	3	6.97
107	1046	3	10.04
120	348	3	8.71
766	111	8	44.01
165	223	25	222.81
113	309	10	39.06
102	622	5	10.87
132	245	12	72.71
646	108	4	13.88
4594	1930	4	81.43
729	14	7	13.85
114	424	7	28.64
122	326	7	32.67
566	312	4	39.78
102	639	7	19.89
181	559	4	31.84
429	14	10	15.92
2650	14	3	8.43
305	106	4	5.32
1074	103	16	122.02
143	262	7	40.9
112	2133	3	17.15
104	1416	10	69.19
117	262	14	60.55
117	211	4	5.1
188	800	3	25.01
293	12	10	8.44
150	123	6	9.55
118	1714	4	26.41
110	434	3	6.65
109	1218	3	12.87
101	751	3	4.23
124	233	4	11.34
2685	14	3	9.56
2909	103	4	22.94
439	105	4	8.1
106	227	8	13.38
3475	14	3	11.04
579	14	9	17.72
2030	106	3	13.95
101	855	4	8.63
236	115	11	36.48
716	14	9	21.74
2080	1768	3	49.27
867	120	3	14.6
384	431	3	28.17
903	326	3	31.69
103	1392	6	29.38
155	325	11	90
121	226	6	18.53
117	397	4	12.15
129	541	5	29.92
104	571	3	5.3
1107	102	5	16.6
161	194	3	11.59
110	1380	5	28.62
102	892	6	19.38
122	503	6	32.47
2257	106	5	31.56
1676	14	3	6.1
382	125	13	91.37
1372	110	3	13.62
103	179	11	8.95
557	105	6	19.64
108	414	4	10.27
1365	542	3	37.93
1171	14	6	15.9
265	170	3	15.42
2830	12	3	9.79
137	129	10	25.18
122	1013	4	24.65
137	335	4	20.52
643	12	5	6.1
151	109	9	9.07
101	418	13	40.29
140	111	18	30.75
102	1202	12	71.23
1584	12	3	5.75
358	107	3	4.05
256	110	6	12.94
116	105	83	89.37
116	301	4	8.97
525	200	3	23.1
111	530	4	12.68
1981	14	3	6.75
639	103	16	84.31
105	494	7	23.05
303	117	3	5.4
1356	14	3	4.61
585	120	5	25.46
2940	125	3	25.63
136	312	8	50.21
119	242	4	9.3
119	170	5	7.15
213	155	8	48.2
134	136	9	24.59
107	587	3	6.76
101	168	14	7.72
1476	102	4	13.86
503	113	5	18.32
109	2253	4	25.24
113	656	14	93.82
102	136	37	39.65
310	126	3	10.17
2586	12	3	8.65
102	342	6	7.88
142	939	3	21.4
604	103	18	99.28
625	101	4	6.54
280	14	11	9.08
141	132	5	9.46
113	1656	4	23.11
792	12	4	4.76
107	323	5	9.64
202	382	3	21.15
254	2091	3	35.33
1241	14	4	7.75
105	224	44	219.02
130	259	12	71.24
130	6258	3	34.88
970	14	4	5.87
144	218	3	10.61
3045	14	3	9.56
131	176	3	5.75
5217	790	3	54.55
113	1036	3	12.46
834	102	13	65.79
157	153	3	8.33
210	192	9	64.58
1410	140	9	99.68
115	258	3	3.9
2419	12	4	14.48
102	316	5	4.19
722	172	5	43.43
127	121	15	25.22
107	1222	5	24.49
2292	109	3	16.7
102	149	16	6.34
104	1974	6	36.61
180	14	25	19.66
2694	101	3	12.9
554	106	9	38.37
1043	14	7	19.01
108	118	57	76.63
118	1276	4	23.18
2310	14	4	14.17
427	103	9	26.45
111	58	4	8.45
1076	14	4	6.73
733	120	5	27.86
6378	106	3	25.23
105	478	4	8.64
103	1831	3	11.68
3502	12	4	18.82
104	2570	6	42.25
101	121	45	10.78
134	149	3	4.17
120	1033	3	15.63
1186	102	3	7.18
105	931	5	19.96
1011	102	5	15.93
1173	12	4	7.49
105	4188	3	20.38
105	4392	3	20.38
1452	110	8	58.06
133	415	3	14.51
201	367	5	40.19
2462	14	5	21.09
191	217	3	15.24
106	112	80	69.74
122	198	24	134.46
102	818	5	13.7
228	245	3	18.31
113	128	19	20.67
115	764	6	30.73
4570	102	4	28.69
378	104	6	13.34
863	12	7	16.99
226	1647	3	31.78
529	104	3	4.83
1358	12	3	4.8
1829	14	3	6.75
621	799	3	35.49
3560	105	3	18.18
137	829	3	19.79
105	2525	4	23.66
107	761	3	8.25
12	343	45	215.93
12	268	17	24.36
236	112	4	5.18
3290	103	5	38.12
208	145	6	28.18
121	113	22	15.77
1	2	9	55.69
896	12	7	16.99
110	163	6	4.37
162	123	6	11.59
116	725	3	10.68
129	348	4	18.04
1257	12	3	4.41
133	262	3	10.65
325	102	5	4.53
102	1829	5	23.72
107	745	7	30.99
102	1769	3	9.69
1399	14	4	9
302	112	4	7.81
121	324	4	13.73
1125	101	3	6.38
1004	151	3	23.67
1366	14	5	12.81
142	151	5	14.94
944	102	5	14.74
311	12	12	14.9
239	114	10	31.37
2132	102	6	34.15
551	111	12	68.22
122	232	9	37.13
951	107	3	9.7
132	174	3	5.89
307	103	14	41.31
200	112	5	6.18
104	1386	8	46.8
706	14	5	6.43
2530	110	3	17.99
144	1715	3	25.87
104	174	90	457.35
111	605	13	79.78
1659	14	3	5.54
145	750	8	71.14
186	709	3	24
113	1450	3	14.72
12	371	43	219.35
120	541	8	47.29
569	109	6	24.45
214	378	4	31.24
383	520	3	29.3
2467	102	3	12.18
102	3807	3	17.07
1837	113	3	16.7
2446	12	3	8.65
107	409	7	21.98
101	266	6	3.86
1458	101	3	8.09
102	1515	3	9.07
107	557	7	26.57
134	105	22	21.11
171	1649	3	28.11
2380	14	3	8.43
1189	14	4	7.21
102	169	19	20.45
102	105	184	103.84
103	905	3	7.01
1224	14	3	4.21
103	1025	3	7.65
113	614	6	26.96
528	102	4	5.74
102	3042	3	13.36
185	432	5	39.98
1655	16	3	26.66
144	592	5	36.53
113	2467	3	18.56
199	204	8	56.09
118	300	7	25.41
1444	12	4	9.29
390	281	3	24.69
123	196	3	4.79
1522	326	3	35.37
119	1283	3	17.02
107	306	4	5.59
159	224	5	26.64
115	1262	3	14.06
12	680	5	6.42
6437	103	3	22.87
158	896	3	23.29
1599	103	6	30.81
113	1758	3	15.96
348	102	6	8.05
104	881	12	69.3
1185	104	9	51.97
187	754	4	35.05
149	248	3	12.65
155	744	3	21.97
313	105	9	24.6
1930	14	4	11.58
942	14	5	8.89
104	927	4	12.97
256	203	3	17.55
2420	103	3	13.49
700	101	3	4.03
2134	14	3	7.51
292	14	11	9.97
101	517	6	11.77
112	1521	7	50.15
112	1477	3	14.32
12	805	8	20.08
304	109	5	11.08
137	116	55	216.25
112	204	12	32.91
102	545	5	9.36
115	425	3	7.35
123	210	5	12.91
123	153	6	10.47
1270	111	11	86.48
104	3473	5	39.96
1375	106	3	11.48
199	336	3	20.18
2772	101	3	12.9
103	2629	6	40.05
300	110	3	4.22
2612	156	4	43.9
2520	101	3	11.72
396	692	4	44.49
118	428	6	25.75
102	219	56	246.09
117	3158	4	33.49
310	142	12	90.42
1677	12	5	16.32
113	608	3	9.24
327	104	8	18.75
169	278	3	15.72
202	313	6	47.66
101	316	6	5.92
3474	12	3	11.27
113	2017	3	16.7
106	706	5	17.63
12	1008	5	10.32
111	118	32	20.64
2032	14	3	6.75
8	17	4	6.86
12	2277	3	7.73
292	494	3	26.51
1650	106	8	54.49
139	240	3	10.69
109	3924	3	22.7
106	334	4	6.27
119	824	4	21.01
12	549	22	89.65
16	234	6	33.99
3088	103	4	22.94
2118	12	3	7.73
4569	102	4	28.69
150	138	5	13.04
117	246	12	45.81
646	109	5	19.91
104	1572	5	25.02
200	114	5	7.12
2928	119	5	46.19
117	1514	6	42.64
152	527	3	19.37
113	112	28	6.08
305	151	3	15.25
815	3411	3	47.82
114	589	3	9.34
136	3376	4	44.06
609	14	5	5.23
156	281	3	15.15
2587	14	3	8.43
128	167	3	4.35
1033	103	3	7.65
102	876	3	5.56
746	14	7	13.85
114	337	4	10.06
281	12	14	17.59
387	111	3	6.11
109	163	12	20.31
431	364	7	77.99
891	12	4	5.4
125	161	6	14.21
260	102	6	4.18
302	114	4	8.64
129	522	3	14.41
353	111	4	9.48
106	584	3	6.54
474	110	4	11.55
4650	103	3	18.42
17	127	6	18.75
214	113	5	7.33
12	147	193	778.33
236	114	10	31.18
421	111	4	10.88
939	102	5	14.74
133	221	3	8.92
104	2875	6	47.95
122	459	7	38.62
138	362	3	14.5
239	157	4	20.22
113	574	7	32.79
346	143	8	56.19
103	180	37	108.81
2023	103	5	25.93
570	110	5	18.92
232	179	3	14.87
803	14	4	4.52
179	337	3	18.51
104	1228	7	36.8
301	160	5	31.78
885	120	4	21.93
4111	103	3	18.42
102	2415	4	19.29
5757	106	3	25.23
118	892	4	20
245	542	6	60.07
148	4566	3	34.12
102	697	14	66.75
209	166	9	57.24
692	111	9	49.41
807	104	9	42.65
118	2161	3	19.33
12	1333	12	64.22
106	1382	6	32.73
191	1613	3	30.03
113	157	10	15.44
4042	12	3	13.4
178	102	18	21.03
1156	102	4	11.91
259	124	3	7.94
124	232	3	6.95
105	2136	3	14.42
106	114	45	14.95
526	143	4	26.1
139	206	3	9.09
110	433	3	6.65
104	146	128	608.74
795	110	9	52.92
312	103	21	81.09
417	108	4	10.27
106	792	3	8.27
344	292	3	24.17
192	478	3	22.02
2102	14	3	7.51
1602	106	6	35.46
400	197	4	30.95
139	4680	3	32.57
1704	12	3	6.31
188	121	4	6.94
733	107	7	30.99
130	590	3	15.54
117	651	9	52.52
12	3463	3	11.27
2231	104	3	13.57
108	313	3	4.23
105	1261	9	56.46
1519	373	3	36.62
102	5176	3	21.51
500	102	5	8.35
115	189	6	8.86
630	106	4	11.39
238	110	4	5.08
195	118	5	8.53
102	191	14	15.87
124	1889	4	31.92
522	106	7	24.69
123	164	8	19.68
486	103	7	18.45
3309	552	3	45.43
113	1014	3	12.46
164	224	4	19.84
107	1467	4	18.93
102	385	8	16.68
101	1260	6	23.43
212	181	11	80.28
108	355	18	96.72
166	155	3	9.02
104	974	3	8.31
256	111	4	5.95
220	129	3	7.67
104	1078	9	50.27
104	1018	12	75.51
154	357	15	137.54
489	113	4	12.67
643	101	6	14.74
9	132	9	12.92
118	5768	3	29.84
105	2905	6	49.69
1584	101	4	14.05
462	102	4	4.7
105	1133	6	28.84
108	2	32	16.22
112	4834	3	27.63
131	425	5	28.65
1629	103	3	10.34
296	1542	3	34.6
1111	797	5	71.56
1916	14	3	6.75
3059	14	3	9.56
107	405	3	4.76
116	369	3	6.86
694	107	3	7.55
2017	104	3	12.74
585	107	3	6.76
104	1101	5	20.49
116	121	32	44.87
103	3294	5	38.12
105	225	16	44.61
1010	149	3	22.88
3959	1532	3	54.69
683	102	3	4.21
104	4338	4	31.97
133	669	3	17.59
3240	3179	5	115.02
458	101	4	4.23
102	465	4	4.86
616	1246	3	38.24
137	254	4	17.07
1361	103	6	28.11
1137	14	5	11.25
101	1185	5	16.57
705	12	5	6.75
432	113	4	11.69
223	186	4	22.25
109	700	6	27.23
102	2699	4	21.16
718	102	3	4.4
122	583	4	19.76
320	457	3	26.86
2096	12	4	13.05
117	1355	5	30.9
125	128	9	12.83
125	200	4	10.39
105	1896	3	13.58
874	103	3	6.72
103	3672	3	16.23
114	1436	3	15.03
1190	12	3	4.05
133	246	3	10.13
103	1438	3	9.78
106	558	4	10.37
867	107	3	9.07
102	2040	3	11.21
101	681	5	10.88
169	664	3	22.05
4479	172	3	36.52
480	104	3	4.28
114	1112	4	20.05
1600	104	3	11.38
12	445	24	88.52
242	344	5	42.79
439	121	3	10.84
2377	103	7	53.37
105	982	3	9.1
2218	106	6	41.53
599	110	3	8.52
105	1821	3	12.85
1443	14	8	31.96
2972	103	6	45.74
101	1903	3	9.94
122	331	6	26.53
6079	111	3	27.52
411	178	3	19.7
249	102	8	7.99
305	119	3	7.27
103	350	4	4.32
118	854	6	34.78
813	109	3	10.07
4868	16	3	39.53
211	107	5	4
108	635	7	32.02
105	1657	3	12.21
103	463	7	17.74
115	598	3	9.38
113	115	61	82.18
6424	125	3	33.92
3398	103	3	16.23
114	512	3	8.3
320	112	4	8.46
457	14	7	7.49
115	1947	4	25.61
12	372	18	45.6
119	641	4	18.88
104	6426	3	23.97
104	175	10	8.18
831	111	7	37.79
339	102	8	14.39
724	143	6	48.48
117	123	41	80.99
379	125	3	11.79
827	108	4	15.95
103	1485	3	9.78
102	1828	5	23.72
101	1028	6	20.66
130	4626	4	46.51
120	222	10	38.19
103	315	5	5.78
104	5971	3	23.97
113	361	6	20.23
416	110	3	6.53
103	212	10	11.94
4162	103	3	18.42
103	148	28	40.68
140	2113	4	39.16
114	261	3	3.92
114	217	21	90.76
925	101	3	5.43
104	1131	8	42.06
161	102	34	64.44
532	12	9	16.72
657	102	3	4.03
107	1369	5	25.38
1433	280	7	93.69
987	453	4	48.52
306	265	22	261.52
136	1214	4	32.35
166	117	5	4.13
1207	14	3	4.21
109	683	5	20.31
185	118	4	4.58
1000	14	6	14.24
348	103	4	4.21
220	110	8	17.63
437	115	3	7.62
104	1052	8	40.77
6129	119	3	30.95
140	201	18	122.64
626	102	11	42.33
119	441	6	28.18
1725	12	3	6.31
352	12	10	12.83
102	1516	6	28.15
727	102	3	4.4
134	104	39	63.66
139	734	3	19.07
363	102	5	5.88
5126	107	3	25.48
1048	125	3	18.18
102	3806	3	17.07
897	14	4	5.15
1945	14	3	6.75
2500	103	3	13.49
2214	14	3	7.51
102	3043	3	13.36
4718	108	3	22.54
102	248	15	30.71
772	12	4	4.48
133	1667	3	23.89
347	208	3	20.52
268	121	7	27.6
6233	106	3	25.23
113	1388	3	14.19
105	2379	3	15.41
697	101	3	4.03
332	105	4	5.75
962	14	4	5.87
102	666	8	26.29
112	1032	3	12.07
264	117	6	16.03
102	742	7	22.18
1169	5749	3	57.06
161	109	14	26.93
104	1247	6	29.13
125	126	6	4.39
136	1661	4	34.67
128	231	12	64.39
128	118	10	6.24
311	110	3	4.51
114	322	3	5.56
163	3536	3	33.68
102	996	7	27.73
218	177	3	13.71
147	117	18	42.24
113	1132	6	35.12
5050	103	3	22.87
102	1835	3	10.39
325	108	3	4.46
112	2050	3	17.15
135	121	42	181.6
104	482	23	133.5
110	213	4	3.89
328	408	3	26.48
121	258	4	11.11
622	1001	16	284.99
1050	470	3	35.08
1512	143	3	25.09
12	738	21	106.79
525	14	5	3.85
3002	106	6	50.46
109	1954	6	42.98
104	1756	7	43.84
2844	14	4	15.98
139	1744	3	24.88
1038	12	4	6.55
103	711	4	9.45
1809	109	4	22.91
102	163	23	29.01
901	102	6	19.38
381	111	4	10.06
115	113	72	116.43
222	728	3	26.38
108	193	5	4.79
128	2209	3	23.89
2425	125	5	48.19
116	1216	3	14.29
330	9	3	9.38
105	451	3	4.6
134	2972	6	72.43
313	433	6	61.78
118	1118	8	57.54
352	239	3	22.3
202	123	3	4.93
104	2589	4	22.52
197	4596	3	38.9
119	274	4	10.66
3095	12	3	9.79
363	109	3	5.5
119	199	5	10.44
103	1780	3	10.97
1329	102	3	8.03
163	280	12	96.66
398	118	6	24.9
469	105	7	22.3
4755	103	3	18.42
12	1093	4	6.99
148	1449	3	25.15
102	1594	3	9.07
101	120	50	12.2
1150	103	3	8.39
450	14	7	7.22
521	265	3	25.89
114	1628	7	51.86
115	324	5	13.9
2024	103	3	11.68
122	639	7	44.12
102	326	8	13.18
112	424	11	53.11
140	1233	3	23.16
797	105	3	7.93
102	207	10	8.16
592	108	4	13.04
1085	101	3	6.38
108	123	21	11.14
108	221	7	12.9
1100	12	4	6.99
145	6062	3	38.07
102	2688	4	21.16
490	143	6	43.28
102	2764	3	13.36
210	332	3	20.18
7	234	3	14.55
540	105	3	5.7
248	250	4	28.52
102	503	6	12.28
189	128	6	19.3
164	160	3	9.19
286	173	5	32.33
203	106	6	5.56
120	838	3	14.3
107	261	10	25.78
2063	12	3	7.73
216	138	15	96.56
105	6437	3	24.84
173	12	20	8.17
612	121	3	12.89
102	1678	4	15.56
122	1202	3	17.4
12	329	10	10.79
117	447	3	8.01
162	118	5	5.03
110	105	137	214.04
993	14	4	6.28
8	975	3	15.86
104	453	6	15.11
109	191	8	13.65
102	909	7	25.87
114	307	45	346.81
102	1013	8	34.37
338	116	3	6.25
113	524	8	37.69
123	723	5	29.03
166	2315	3	31.02
122	136	7	8.57
122	342	7	33.92
102	654	8	25.63
305	178	3	17.24
113	190	13	35.57
115	656	4	15.64
250	14	25	47.63
113	2998	3	19.78
1952	14	3	6.75
2207	14	3	7.51
2364	110	4	27.12
347	106	5	10.21
871	14	7	16.48
3111	14	3	9.56
124	104	79	157.64
627	107	3	7.14
158	186	14	93.67
913	111	11	75.27
2807	103	4	22.94
102	1090	3	6.8
2693	12	3	9.79
137	776	4	28.09
254	121	3	6.59
114	186	15	45.13
2	2721	3	21.37
8	5565	3	31.93
557	163	3	20.56
120	323	11	58.31
421	12	9	12.85
107	2571	4	24.51
1160	110	8	52.67
121	125	10	9.63
2756	9	3	24.21
2571	106	5	33.74
1543	103	4	16.39
116	817	3	11.45
2797	101	4	20.53
2188	14	3	7.51
175	358	8	65.86
1131	105	4	15.52
117	152	7	7.45
117	209	11	32.91
1405	103	4	15.57
417	103	4	5.62
101	741	3	4.23
124	121	9	5.96
224	770	3	26.76
139	258	3	11.45
228	186	4	22.47
2951	111	3	19.27
112	926	5	24.44
103	432	7	17.08
138	126	9	19.27
294	130	3	10.59
849	103	6	21.29
541	106	3	6.02
110	1237	3	13.14
115	128	21	27.92
816	125	10	82.95
3597	108	4	31.04
503	14	9	15.14
127	162	5	10.91
122	818	3	15.25
102	198	68	307.79
112	496	3	7.49
2889	14	3	9.56
170	148	4	12.99
174	1479	4	39.57
261	107	6	9.99
104	1991	6	36.61
193	208	4	21.95
150	1966	3	27.69
105	1176	3	10.22
1195	12	4	7.49
117	755	3	11.11
105	492	8	28.56
136	298	4	18.91
119	112	45	63.9
169	220	10	69.1
101	162	23	26.08
1430	110	6	38.42
108	3732	3	20.33
107	523	3	5.93
145	526	3	17.88
230	112	6	11.17
151	103	74	266.81
1487	14	4	9
3125	134	3	27.89
117	2178	3	18.35
112	1519	3	14.9
1024	103	4	12.52
101	561	4	5.64
243	106	6	8.58
256	12	13	11.55
394	111	12	58.04
887	102	4	9.57
1103	145	5	43.64
173	124	6	14.29
340	119	9	44.4
109	649	3	8.86
397	129	5	26.67
131	113	28	56.76
102	2683	7	50.2
229	128	5	17.77
123	247	10	45.51
6044	14	3	17.55
1819	14	3	6.1
102	449	8	18.76
112	245	4	5.64
905	9	6	41.45
1259	106	3	11.01
141	474	4	24.69
131	324	4	18.39
304	102	12	26.18
2369	221	4	49.66
157	123	4	4.84
5362	111	3	27.52
104	3406	3	17.32
968	12	5	9.76
334	102	8	13.89
12	739	22	116.94
2124	773	3	43.68
794	14	6	11.08
220	222	3	16.88
117	815	5	24.79
3613	110	5	45.78
1668	14	5	15.93
3738	108	4	31.04
2265	106	5	31.56
8	222	6	18.12
2168	103	4	19.58
149	485	3	17.8
226	151	3	12.35
318	103	40	225.61
537	14	10	20.55
3764	104	4	27
102	232	32	107.37
556	109	4	12.74
115	226	4	5.5
115	286	4	8.18
148	206	3	10.52
1640	14	3	5.54
193	106	20	56.52
2339	1658	3	49.62
2022	106	5	29.81
731	337	3	30.72
103	447	6	13.17
122	169	9	25.07
1003	14	5	9.97
350	107	3	3.87
729	113	5	22.54
235	104	8	11.6
1172	111	3	12.76
2	131	11	10.55
131	963	5	38.16
117	1511	3	16.09
600	12	7	11.35
3126	104	4	24.4
1586	102	11	78.9
154	2500	3	30.15
102	2069	4	17.82
105	2250	3	14.42
287	125	4	14.81
2092	14	3	7.51
120	557	5	24.78
1488	101	3	8.09
113	1262	3	13.7
12	236	67	274.36
12	108	744	1937.27
102	1708	7	38.15
474	101	4	4.38
110	136	23	42.78
104	357	4	5.67
104	6561	3	23.97
107	4494	3	21.01
121	142	5	4.6
374	102	7	12.37
1272	178	10	122.07
114	3843	3	23.89
1438	12	6	19.58
387	12	9	11.49
109	104	64	18.12
2975	104	3	15.77
406	102	5	6.89
128	164	3	4.19
104	4132	4	31.97
725	106	3	7.54
650	101	5	10.52
113	419	9	40.68
171	265	3	15.42
209	505	3	23.07
114	130	11	5.88
147	158	3	7.38
6329	1047	3	56.23
