13	1
13	2
102	3
16	4
16	5
16	6
14	7
13	8
14	9
14	10
13	11
14	12
143	13
27	14
5	15
16	16
14	17
102	18
13	19
102	20
100	21
27	22
102	23
83	24
102	25
16	26
16	27
14	28
13	29
143	30
83	31
83	32
14	33
102	34
83	35
102	36
14	37
16	38
83	39
16	40
505	41
1	42
1	43
29	44
511	45
159	46
1	47
535	48
928	49
182	50
204	51
97	52
324	53
221	54
18	55
76	56
119	57
29	58
4	59
180	60
119	61
108	62
468	63
81	64
174	65
288	66
167	67
93	68
91	69
102	70
76	71
22	72
1	73
9	74
99	75
68	76
99	77
287	78
125	79
28	80
15	81
201	82
3	83
160	84
144	85
144	86
108	87
229	88
229	89
675	90
552	91
321	92
14	93
295	94
165	95
143	96
171	97
34	98
22	99
28	100
15	101
6	102
5	103
40	104
63	105
42	106
35	107
11	108
12	109
19	110
55	111
42	112
24	113
56	114
42	115
24	116
24	117
110	118
256	119
125	120
231	121
33	122
33	123
6	124
11	125
6	126
55	127
42	128
7	129
31	130
179	131
6	132
3	133
231	134
140	135
2	136
833	137
721	138
569	139
414	140
175	141
139	142
7	143
38	144
40	145
30	146
13	147
88	148
158	149
23	150
10	151
38	152
156	153
389	154
682	155
21	156
416	157
13	158
76	159
585	160
338	161
147	162
88	163
2	164
653	165
466	166
466	167
56	168
10	169
35	170
100	171
22	172
44	173
128	174
118	175
118	176
91	177
217	178
46	179
118	180
90	181
21	182
524	183
524	184
93	185
245	186
118	187
6	188
131	189
91	190
407	191
131	192
130	193
346	194
130	195
20	196
214	197
128	198
902	199
349	200
363	201
19	202
281	203
61	204
277	205
3	206
267	207
46	208
79	209
180	210
147	211
80	212
251	213
10	214
224	215
229	216
395	217
53	218
113	219
10	220
10	221
267	222
113	223
518	224
40	225
293	226
40	227
97	228
97	229
142	230
176	231
250	232
260	233
72	234
73	235
73	236
23	237
9	238
74	239
718	240
440	241
123	242
85	243
3	244
78	245
15	246
8	247
35	248
122	249
78	250
9	251
7	252
28	253
42	254
82	255
145	256
6	257
169	258
97	259
105	260
105	261
189	262
370	263
66	264
103	265
6	266
286	267
310	268
113	269
97	270
289	271
32	272
31	273
91	274
28	275
49	276
64	277
25	278
38	279
163	280
64	281
26	282
22	283
100	284
158	285
122	286
10	287
280	288
157	289
170	290
207	291
189	292
38	293
46	294
17	295
522	296
179	297
158	298
154	299
66	300
154	301
105	302
3	303
81	304
75	305
118	306
103	307
55	308
156	309
344	310
344	311
344	312
83	313
15	314
55	315
114	316
112	317
129	318
305	319
81	320
167	321
28	322
140	323
467	324
16	325
115	326
115	327
140	328
94	329
24	330
426	331
1	332
698	333
141	334
201	335
141	336
141	337
946	338
141	339
141	340
123	341
147	342
178	343
105	344
178	345
147	346
105	347
3	348
365	349
158	350
46	351
56	352
235	353
131	354
235	355
187	356
318	357
316	358
183	359
23	360
91	361
3	362
134	363
187	364
178	365
586	366
26	367
191	368
103	369
127	370
104	371
125	372
31	373
358	374
358	375
411	376
727	377
110	378
469	379
415	380
242	381
210	382
140	383
15	384
218	385
95	386
958	387
274	388
275	389
37	390
134	391
688	392
93	393
368	394
298	395
298	396
72	397
137	398
134	399
446	400
50	401
70	402
399	403
96	404
83	405
75	406
128	407
13	408
3	409
158	410
144	411
53	412
53	413
152	414
367	415
72	416
17	417
35	418
3	419
71	420
21	421
15	422
57	423
91	424
97	425
5	426
244	427
259	428
87	429
191	430
362	431
344	432
188	433
72	434
25	435
189	436
68	437
60	438
84	439
25	440
307	441
73	442
73	443
66	444
3	445
209	446
307	447
7	448
43	449
26	450
28	451
28	452
74	453
157	454
170	455
158	456
38	457
33	458
26	459
64	460
307	461
231	462
11	463
14	464
137	465
231	466
37	467
6	468
17	469
59	470
44	471
21	472
44	473
256	474
38	475
28	476
22	477
61	478
46	479
220	480
189	481
47	482
19	483
580	484
171	485
45	486
63	487
35	488
414	489
288	490
404	491
158	492
189	493
127	494
35	495
255	496
170	497
255	498
107	499
44	500
169	501
446	502
23	503
399	504
133	505
67	506
29	507
8	508
32	509
169	510
128	511
255	512
452	513
133	514
190	515
188	516
285	517
3	518
158	519
3	520
161	521
490	522
112	523
194	524
583	525
384	526
367	527
299	528
54	529
137	530
46	531
314	532
29	533
215	534
4	535
209	536
11	537
82	538
56	539
212	540
282	541
149	542
5	543
255	544
8	545
281	546
46	547
27	548
187	549
256	550
126	551
89	552
138	553
54	554
54	555
44	556
64	557
30	558
59	559
176	560
38	561
96	562
196	563
173	564
658	565
75	566
173	567
32	568
64	569
194	570
215	571
106	572
3	573
554	574
502	575
296	576
590	577
42	578
423	579
476	580
41	581
483	582
321	583
132	584
23	585
141	586
241	587
253	588
218	589
463	590
463	591
236	592
28	593
87	594
10	595
56	596
328	597
563	598
54	599
30	600
394	601
19	602
504	603
7	604
99	605
80	606
26	607
22	608
91	609
66	610
130	611
92	612
197	613
238	614
443	615
5	616
44	617
28	618
137	619
132	620
131	621
131	622
131	623
131	624
132	625
245	626
141	627
186	628
199	629
148	630
78	631
148	632
83	633
35	634
77	635
211	636
68	637
77	638
96	639
217	640
71	641
39	642
39	643
146	644
33	645
139	646
155	647
155	648
78	649
48	650
168	651
8	652
28	653
132	654
31	655
364	656
41	657
11	658
25	659
43	660
39	661
25	662
281	663
310	664
126	665
6	666
71	667
105	668
52	669
135	670
150	671
29	672
19	673
52	674
144	675
326	676
47	677
142	678
24	679
162	680
4	681
22	682
471	683
2	684
176	685
52	686
135	687
398	688
147	689
520	690
314	691
105	692
332	693
61	694
116	695
9	696
413	697
163	698
74	699
4	700
26	701
39	702
234	703
2	704
363	705
83	706
130	707
17	708
12	709
374	710
442	711
3	712
31	713
39	714
361	715
63	716
63	717
201	718
427	719
108	720
227	721
295	722
83	723
19	724
52	725
200	726
560	727
84	728
4	729
286	730
231	731
4	732
92	733
139	734
70	735
11	736
39	737
185	738
150	739
72	740
46	741
9	742
337	743
67	744
403	745
163	746
4	747
91	748
143	749
204	750
56	751
168	752
142	753
135	754
52	755
215	756
42	757
300	758
274	759
278	760
690	761
343	762
300	763
475	764
47	765
138	766
89	767
475	768
394	769
486	770
23	771
555	772
974	773
43	774
189	775
448	776
182	777
137	778
277	779
217	780
139	781
393	782
267	783
50	784
31	785
181	786
158	787
66	788
66	789
7	790
162	791
558	792
479	793
930	794
363	795
95	796
164	797
341	798
13	799
212	800
117	801
154	802
19	803
224	804
9	805
87	806
262	807
26	808
68	809
28	810
118	811
516	812
140	813
161	814
73	815
63	816
128	817
31	818
66	819
544	820
128	821
172	822
427	823
148	824
92	825
126	826
152	827
390	828
216	829
204	830
419	831
247	832
477	833
424	834
424	835
424	836
377	837
397	838
147	839
297	840
561	841
419	842
477	843
13	844
551	845
66	846
17	847
346	848
490	849
29	850
13	851
39	852
40	853
168	854
26	855
343	856
352	857
160	858
305	859
20	860
142	861
142	862
30	863
17	864
16	865
44	866
98	867
59	868
35	869
485	870
35	871
589	872
589	873
131	874
131	875
33	876
512	877
7	878
2	879
584	880
186	881
40	882
144	883
66	884
47	885
5	886
9	887
977	888
197	889
30	890
131	891
79	892
286	893
60	894
197	895
131	896
262	897
53	898
168	899
174	900
203	901
2	902
147	903
128	904
12	905
199	906
145	907
402	908
113	909
71	910
196	911
259	912
451	913
61	914
175	915
134	916
309	917
98	918
36	919
94	920
136	921
30	922
389	923
46	924
42	925
85	926
520	927
125	928
50	929
120	930
466	931
145	932
632	933
149	934
32	935
473	936
473	937
473	938
473	939
25	940
596	941
224	942
54	943
71	944
71	945
225	946
147	947
102	948
329	949
548	950
121	951
51	952
51	953
51	954
140	955
38	956
30	957
18	958
55	959
737	960
118	961
118	962
11	963
11	964
5	965
260	966
839	967
303	968
714	969
22	970
47	971
58	972
578	973
61	974
41	975
29	976
8	977
7	978
37	979
331	980
37	981
87	982
50	983
22	984
42	985
25	986
1	987
79	988
47	989
279	990
279	991
43	992
789	993
34	994
642	995
10	996
99	997
21	998
306	999
431	1000
511	1001
74	1002
484	1003
67	1004
241	1005
3	1006
130	1007
130	1008
316	1009
70	1010
22	1011
44	1012
210	1013
61	1014
56	1015
41	1016
83	1017
720	1018
454	1019
6	1020
2	1021
2	1022
2	1023
2	1024
2	1025
2	1026
2	1027
220	1028
79	1029
127	1030
13	1031
1	1032
1	1033
151	1034
173	1035
60	1036
191	1037
103	1038
161	1039
110	1040
55	1041
68	1042
68	1043
201	1044
105	1045
144	1046
286	1047
702	1048
777	1049
117	1050
181	1051
778	1052
662	1053
44	1054
365	1055
6	1056
159	1057
6	1058
125	1059
164	1060
923	1061
471	1062
92	1063
284	1064
7	1065
12	1066
166	1067
69	1068
44	1069
288	1070
88	1071
25	1072
5	1073
28	1074
64	1075
17	1076
5	1077
33	1078
61	1079
56	1080
56	1081
108	1082
6	1083
108	1084
87	1085
21	1086
5	1087
27	1088
32	1089
137	1090
101	1091
6	1092
192	1093
104	1094
41	1095
82	1096
30	1097
115	1098
21	1099
138	1100
48	1101
119	1102
187	1103
22	1104
33	1105
482	1106
115	1107
42	1108
48	1109
48	1110
15	1111
142	1112
36	1113
31	1114
15	1115
8	1116
8	1117
231	1118
108	1119
72	1120
21	1121
11	1122
231	1123
5	1124
38	1125
22	1126
7	1127
6	1128
20	1129
108	1130
21	1131
33	1132
164	1133
187	1134
359	1135
5	1136
202	1137
174	1138
125	1139
20	1140
33	1141
187	1142
2	1143
78	1144
12	1145
26	1146
28	1147
86	1148
86	1149
86	1150
86	1151
892	1152
86	1153
172	1154
23	1155
196	1156
22	1157
416	1158
354	1159
538	1160
613	1161
253	1162
378	1163
32	1164
265	1165
607	1166
908	1167
353	1168
463	1169
755	1170
741	1171
334	1172
8	1173
65	1174
909	1175
39	1176
116	1177
135	1178
52	1179
52	1180
52	1181
52	1182
135	1183
52	1184
52	1185
52	1186
135	1187
52	1188
52	1189
52	1190
135	1191
52	1192
135	1193
135	1194
52	1195
52	1196
52	1197
135	1198
52	1199
556	1200
307	1201
55	1202
113	1203
6	1204
148	1205
77	1206
97	1207
817	1208
163	1209
77	1210
667	1211
42	1212
37	1213
10	1214
341	1215
146	1216
76	1217
37	1218
155	1219
5	1220
94	1221
100	1222
5	1223
440	1224
82	1225
420	1226
77	1227
19	1228
14	1229
938	1230
418	1231
10	1232
219	1233
33	1234
243	1235
319	1236
44	1237
10	1238
38	1239
92	1240
39	1241
9	1242
9	1243
81	1244
148	1245
593	1246
924	1247
254	1248
327	1249
265	1250
116	1251
95	1252
95	1253
95	1254
89	1255
95	1256
900	1257
279	1258
279	1259
800	1260
790	1261
2	1262
738	1263
818	1264
763	1265
365	1266
30	1267
222	1268
25	1269
190	1270
40	1271
82	1272
64	1273
12	1274
153	1275
46	1276
636	1277
527	1278
527	1279
881	1280
94	1281
159	1282
630	1283
62	1284
5	1285
134	1286
389	1287
28	1288
320	1289
470	1290
157	1291
467	1292
12	1293
35	1294
63	1295
63	1296
42	1297
9	1298
44	1299
54	1300
180	1301
109	1302
31	1303
54	1304
28	1305
64	1306
22	1307
25	1308
229	1309
145	1310
17	1311
74	1312
124	1313
401	1314
149	1315
150	1316
150	1317
39	1318
39	1319
144	1320
180	1321
204	1322
152	1323
15	1324
182	1325
127	1326
222	1327
97	1328
126	1329
126	1330
222	1331
176	1332
143	1333
11	1334
98	1335
115	1336
143	1337
24	1338
150	1339
95	1340
200	1341
95	1342
6	1343
96	1344
317	1345
172	1346
244	1347
150	1348
94	1349
57	1350
15	1351
98	1352
98	1353
88	1354
13	1355
42	1356
105	1357
124	1358
17	1359
72	1360
39	1361
139	1362
150	1363
150	1364
46	1365
119	1366
220	1367
138	1368
14	1369
9	1370
11	1371
54	1372
25	1373
23	1374
11	1375
20	1376
35	1377
6	1378
30	1379
27	1380
48	1381
17	1382
7	1383
8	1384
175	1385
84	1386
13	1387
101	1388
6	1389
42	1390
20	1391
36	1392
45	1393
7	1394
138	1395
6	1396
143	1397
220	1398
317	1399
40	1400
146	1401
15	1402
223	1403
40	1404
8	1405
151	1406
233	1407
86	1408
182	1409
57	1410
36	1411
84	1412
174	1413
140	1414
211	1415
18	1416
54	1417
45	1418
7	1419
31	1420
54	1421
12	1422
18	1423
7	1424
31	1425
18	1426
2	1427
45	1428
15	1429
18	1430
28	1431
40	1432
212	1433
20	1434
65	1435
43	1436
20	1437
161	1438
4	1439
31	1440
152	1441
31	1442
18	1443
41	1444
49	1445
96	1446
30	1447
172	1448
165	1449
205	1450
65	1451
295	1452
127	1453
483	1454
295	1455
8	1456
127	1457
164	1458
213	1459
8	1460
38	1461
4	1462
4	1463
27	1464
30	1465
30	1466
259	1467
213	1468
126	1469
180	1470
211	1471
79	1472
121	1473
142	1474
165	1475
362	1476
224	1477
309	1478
22	1479
72	1480
103	1481
7	1482
701	1483
287	1484
127	1485
223	1486
45	1487
119	1488
47	1489
46	1490
184	1491
47	1492
119	1493
47	1494
57	1495
119	1496
68	1497
285	1498
285	1499
46	1500
72	1501
13	1502
288	1503
20	1504
165	1505
173	1506
181	1507
67	1508
287	1509
164	1510
149	1511
84	1512
39	1513
44	1514
11	1515
44	1516
6	1517
35	1518
151	1519
3	1520
398	1521
116	1522
318	1523
75	1524
123	1525
32	1526
95	1527
212	1528
172	1529
161	1530
287	1531
46	1532
42	1533
79	1534
114	1535
17	1536
169	1537
702	1538
107	1539
310	1540
96	1541
182	1542
180	1543
19	1544
7	1545
50	1546
144	1547
127	1548
144	1549
247	1550
24	1551
222	1552
472	1553
15	1554
154	1555
117	1556
180	1557
118	1558
39	1559
139	1560
311	1561
60	1562
176	1563
95	1564
163	1565
19	1566
20	1567
126	1568
103	1569
95	1570
95	1571
84	1572
200	1573
37	1574
666	1575
304	1576
74	1577
73	1578
14	1579
419	1580
55	1581
82	1582
180	1583
751	1584
93	1585
6	1586
764	1587
840	1588
351	1589
351	1590
16	1591
16	1592
16	1593
16	1594
16	1595
16	1596
16	1597
869	1598
787	1599
78	1600
46	1601
14	1602
317	1603
73	1604
194	1605
32	1606
157	1607
83	1608
156	1609
57	1610
224	1611
41	1612
31	1613
501	1614
385	1615
916	1616
618	1617
132	1618
210	1619
15	1620
45	1621
45	1622
38	1623
18	1624
23	1625
37	1626
67	1627
273	1628
5	1629
184	1630
5	1631
39	1632
88	1633
823	1634
125	1635
79	1636
71	1637
73	1638
189	1639
65	1640
42	1641
6	1642
43	1643
173	1644
97	1645
18	1646
44	1647
4	1648
67	1649
36	1650
4	1651
4	1652
57	1653
4	1654
4	1655
2	1656
32	1657
2	1658
4	1659
7	1660
7	1661
4	1662
7	1663
36	1664
121	1665
36	1666
31	1667
57	1668
4	1669
2	1670
4	1671
23	1672
2	1673
19	1674
49	1675
106	1676
222	1677
532	1678
532	1679
841	1680
11	1681
44	1682
48	1683
78	1684
109	1685
842	1686
7	1687
843	1688
771	1689
531	1690
531	1691
6	1692
12	1693
12	1694
33	1695
883	1696
844	1697
752	1698
756	1699
74	1700
759	1701
870	1702
871	1703
71	1704
757	1705
613	1706
626	1707
619	1708
878	1709
779	1710
760	1711
893	1712
610	1713
780	1714
913	1715
824	1716
106	1717
269	1718
657	1719
562	1720
265	1721
370	1722
324	1723
331	1724
503	1725
11	1726
236	1727
129	1728
249	1729
63	1730
44	1731
2	1732
430	1733
7	1734
159	1735
628	1736
112	1737
112	1738
91	1739
62	1740
62	1741
93	1742
134	1743
118	1744
183	1745
193	1746
132	1747
214	1748
130	1749
248	1750
93	1751
60	1752
91	1753
130	1754
245	1755
251	1756
62	1757
85	1758
80	1759
402	1760
73	1761
834	1762
455	1763
600	1764
8	1765
18	1766
17	1767
25	1768
25	1769
1	1770
1	1771
210	1772
1	1773
1	1774
550	1775
255	1776
1	1777
1	1778
1	1779
1	1780
1	1781
1	1782
27	1783
1	1784
1	1785
1	1786
1	1787
1	1788
54	1789
218	1790
1	1791
1	1792
68	1793
381	1794
65	1795
399	1796
55	1797
55	1798
106	1799
208	1800
23	1801
125	1802
70	1803
23	1804
265	1805
258	1806
109	1807
189	1808
190	1809
181	1810
559	1811
574	1812
270	1813
153	1814
344	1815
70	1816
143	1817
143	1818
55	1819
685	1820
522	1821
60	1822
139	1823
170	1824
87	1825
196	1826
282	1827
143	1828
15	1829
64	1830
34	1831
36	1832
7	1833
40	1834
1	1835
79	1836
10	1837
212	1838
211	1839
79	1840
67	1841
50	1842
33	1843
29	1844
149	1845
40	1846
11	1847
37	1848
58	1849
24	1850
138	1851
1	1852
82	1853
710	1854
39	1855
41	1856
24	1857
189	1858
217	1859
30	1860
30	1861
30	1862
72	1863
8	1864
294	1865
32	1866
65	1867
64	1868
64	1869
1	1870
125	1871
35	1872
551	1873
42	1874
1	1875
41	1876
28	1877
283	1878
243	1879
125	1880
54	1881
124	1882
49	1883
8	1884
33	1885
43	1886
12	1887
8	1888
87	1889
34	1890
8	1891
397	1892
153	1893
173	1894
50	1895
266	1896
240	1897
50	1898
48	1899
150	1900
31	1901
7	1902
24	1903
101	1904
58	1905
31	1906
2	1907
71	1908
218	1909
192	1910
127	1911
335	1912
642	1913
169	1914
72	1915
68	1916
46	1917
152	1918
220	1919
515	1920
117	1921
144	1922
312	1923
117	1924
55	1925
50	1926
19	1927
63	1928
42	1929
224	1930
42	1931
22	1932
696	1933
247	1934
42	1935
224	1936
54	1937
144	1938
110	1939
262	1940
46	1941
87	1942
171	1943
443	1944
341	1945
436	1946
197	1947
66	1948
6	1949
22	1950
122	1951
108	1952
275	1953
30	1954
1	1955
32	1956
44	1957
443	1958
103	1959
474	1960
31	1961
246	1962
40	1963
44	1964
72	1965
153	1966
44	1967
2	1968
79	1969
44	1970
44	1971
29	1972
44	1973
12	1974
29	1975
40	1976
376	1977
282	1978
137	1979
247	1980
5	1981
137	1982
26	1983
478	1984
285	1985
175	1986
22	1987
31	1988
54	1989
67	1990
3	1991
53	1992
7	1993
614	1994
22	1995
122	1996
283	1997
73	1998
28	1999
18	2000
40	2001
40	2002
39	2003
126	2004
13	2005
18	2006
50	2007
63	2008
22	2009
54	2010
99	2011
375	2012
379	2013
28	2014
165	2015
63	2016
191	2017
67	2018
67	2019
67	2020
146	2021
369	2022
211	2023
494	2024
8	2025
31	2026
45	2027
65	2028
61	2029
54	2030
65	2031
22	2032
55	2033
70	2034
37	2035
45	2036
22	2037
395	2038
43	2039
33	2040
8	2041
88	2042
73	2043
3	2044
5	2045
492	2046
6	2047
26	2048
64	2049
26	2050
6	2051
21	2052
26	2053
21	2054
3	2055
400	2056
682	2057
39	2058
3	2059
197	2060
394	2061
87	2062
3	2063
3	2064
595	2065
72	2066
21	2067
176	2068
244	2069
20	2070
124	2071
6	2072
212	2073
34	2074
72	2075
46	2076
19	2077
512	2078
265	2079
6	2080
181	2081
122	2082
87	2083
70	2084
70	2085
55	2086
24	2087
12	2088
25	2089
148	2090
12	2091
20	2092
18	2093
247	2094
361	2095
7	2096
67	2097
27	2098
200	2099
48	2100
127	2101
78	2102
42	2103
162	2104
72	2105
10	2106
31	2107
24	2108
78	2109
10	2110
10	2111
21	2112
6	2113
23	2114
5	2115
46	2116
13	2117
99	2118
303	2119
80	2120
73	2121
270	2122
954	2123
7	2124
87	2125
23	2126
153	2127
87	2128
55	2129
116	2130
281	2131
171	2132
1	2133
45	2134
61	2135
11	2136
80	2137
283	2138
391	2139
15	2140
66	2141
672	2142
97	2143
88	2144
23	2145
210	2146
19	2147
19	2148
19	2149
285	2150
6	2151
6	2152
54	2153
40	2154
137	2155
244	2156
46	2157
284	2158
24	2159
162	2160
70	2161
267	2162
225	2163
36	2164
380	2165
568	2166
56	2167
10	2168
97	2169
68	2170
97	2171
12	2172
12	2173
12	2174
12	2175
42	2176
96	2177
433	2178
74	2179
169	2180
246	2181
43	2182
19	2183
1	2184
171	2185
377	2186
377	2187
903	2188
75	2189
74	2190
131	2191
133	2192
74	2193
111	2194
44	2195
44	2196
17	2197
28	2198
17	2199
17	2200
59	2201
50	2202
155	2203
51	2204
183	2205
66	2206
418	2207
40	2208
59	2209
64	2210
8	2211
10	2212
10	2213
10	2214
10	2215
66	2216
72	2217
66	2218
66	2219
76	2220
66	2221
400	2222
10	2223
10	2224
10	2225
10	2226
25	2227
173	2228
35	2229
46	2230
19	2231
23	2232
68	2233
68	2234
174	2235
68	2236
68	2237
68	2238
168	2239
133	2240
153	2241
70	2242
26	2243
29	2244
12	2245
26	2246
27	2247
2	2248
35	2249
6	2250
162	2251
81	2252
73	2253
49	2254
57	2255
52	2256
52	2257
36	2258
4	2259
156	2260
49	2261
230	2262
445	2263
81	2264
791	2265
753	2266
452	2267
131	2268
154	2269
48	2270
221	2271
161	2272
126	2273
14	2274
26	2275
122	2276
12	2277
18	2278
43	2279
153	2280
10	2281
28	2282
42	2283
2	2284
164	2285
41	2286
61	2287
40	2288
24	2289
115	2290
112	2291
30	2292
2	2293
9	2294
160	2295
225	2296
24	2297
196	2298
52	2299
61	2300
48	2301
28	2302
85	2303
74	2304
479	2305
303	2306
276	2307
62	2308
62	2309
62	2310
346	2311
362	2312
7	2313
56	2314
986	2315
225	2316
346	2317
75	2318
75	2319
196	2320
4	2321
4	2322
75	2323
305	2324
196	2325
66	2326
75	2327
12	2328
12	2329
4	2330
16	2331
205	2332
186	2333
366	2334
140	2335
537	2336
693	2337
118	2338
355	2339
199	2340
39	2341
193	2342
161	2343
552	2344
215	2345
669	2346
340	2347
162	2348
89	2349
347	2350
347	2351
145	2352
609	2353
532	2354
147	2355
509	2356
467	2357
478	2358
89	2359
245	2360
322	2361
217	2362
88	2363
49	2364
74	2365
89	2366
656	2367
540	2368
131	2369
131	2370
131	2371
131	2372
243	2373
234	2374
234	2375
250	2376
364	2377
301	2378
250	2379
250	2380
5	2381
11	2382
24	2383
70	2384
5	2385
22	2386
44	2387
26	2388
21	2389
20	2390
179	2391
12	2392
65	2393
38	2394
21	2395
152	2396
180	2397
234	2398
286	2399
927	2400
479	2401
12	2402
177	2403
83	2404
1	2405
13	2406
66	2407
193	2408
203	2409
111	2410
173	2411
30	2412
199	2413
43	2414
57	2415
280	2416
340	2417
5	2418
71	2419
18	2420
19	2421
57	2422
30	2423
36	2424
578	2425
582	2426
38	2427
280	2428
641	2429
134	2430
6	2431
87	2432
453	2433
120	2434
65	2435
343	2436
400	2437
15	2438
32	2439
63	2440
20	2441
20	2442
20	2443
53	2444
6	2445
15	2446
138	2447
6	2448
17	2449
39	2450
85	2451
190	2452
41	2453
82	2454
18	2455
18	2456
170	2457
72	2458
328	2459
2	2460
61	2461
40	2462
32	2463
64	2464
64	2465
30	2466
4	2467
53	2468
23	2469
64	2470
13	2471
439	2472
45	2473
24	2474
9	2475
95	2476
458	2477
458	2478
16	2479
16	2480
16	2481
16	2482
456	2483
373	2484
200	2485
536	2486
722	2487
502	2488
952	2489
107	2490
107	2491
461	2492
252	2493
9	2494
9	2495
73	2496
344	2497
58	2498
11	2499
596	2500
594	2501
987	2502
515	2503
66	2504
599	2505
83	2506
183	2507
708	2508
244	2509
1	2510
35	2511
57	2512
34	2513
124	2514
12	2515
7	2516
32	2517
12	2518
15	2519
35	2520
56	2521
28	2522
65	2523
78	2524
2	2525
119	2526
30	2527
175	2528
134	2529
43	2530
8	2531
30	2532
19	2533
58	2534
22	2535
272	2536
485	2537
195	2538
163	2539
163	2540
163	2541
7	2542
411	2543
94	2544
45	2545
33	2546
513	2547
145	2548
85	2549
325	2550
411	2551
496	2552
6	2553
74	2554
21	2555
746	2556
126	2557
49	2558
58	2559
68	2560
576	2561
2	2562
68	2563
35	2564
43	2565
45	2566
33	2567
88	2568
31	2569
228	2570
69	2571
357	2572
96	2573
9	2574
31	2575
69	2576
170	2577
45	2578
39	2579
403	2580
361	2581
98	2582
8	2583
12	2584
36	2585
17	2586
43	2587
33	2588
20	2589
210	2590
68	2591
19	2592
529	2593
93	2594
47	2595
51	2596
191	2597
546	2598
214	2599
141	2600
4	2601
40	2602
155	2603
15	2604
414	2605
28	2606
284	2607
302	2608
271	2609
271	2610
380	2611
380	2612
380	2613
129	2614
166	2615
40	2616
444	2617
177	2618
98	2619
51	2620
9	2621
50	2622
14	2623
283	2624
37	2625
269	2626
269	2627
680	2628
442	2629
434	2630
372	2631
264	2632
276	2633
443	2634
89	2635
89	2636
530	2637
525	2638
526	2639
527	2640
528	2641
606	2642
339	2643
323	2644
236	2645
488	2646
416	2647
89	2648
54	2649
47	2650
1	2651
559	2652
559	2653
215	2654
1	2655
37	2656
17	2657
37	2658
21	2659
4	2660
20	2661
3	2662
99	2663
33	2664
206	2665
206	2666
69	2667
26	2668
7	2669
71	2670
6	2671
10	2672
32	2673
393	2674
57	2675
411	2676
380	2677
179	2678
343	2679
358	2680
932	2681
471	2682
216	2683
314	2684
887	2685
313	2686
523	2687
279	2688
173	2689
302	2690
290	2691
626	2692
355	2693
637	2694
608	2695
866	2696
638	2697
618	2698
610	2699
621	2700
631	2701
603	2702
353	2703
622	2704
862	2705
619	2706
835	2707
630	2708
463	2709
615	2710
625	2711
614	2712
879	2713
605	2714
616	2715
163	2716
340	2717
357	2718
292	2719
51	2720
198	2721
11	2722
270	2723
416	2724
250	2725
195	2726
195	2727
234	2728
234	2729
185	2730
96	2731
51	2732
218	2733
17	2734
247	2735
407	2736
212	2737
191	2738
500	2739
195	2740
195	2741
16	2742
519	2743
458	2744
351	2745
535	2746
521	2747
120	2748
144	2749
76	2750
7	2751
4	2752
62	2753
3	2754
5	2755
136	2756
234	2757
263	2758
89	2759
250	2760
304	2761
226	2762
103	2763
83	2764
83	2765
428	2766
76	2767
651	2768
28	2769
13	2770
942	2771
342	2772
159	2773
14	2774
131	2775
436	2776
267	2777
59	2778
4	2779
68	2780
4	2781
182	2782
68	2783
2	2784
113	2785
178	2786
178	2787
178	2788
160	2789
241	2790
113	2791
178	2792
206	2793
414	2794
208	2795
7	2796
88	2797
4	2798
9	2799
10	2800
11	2801
24	2802
50	2803
62	2804
124	2805
64	2806
62	2807
64	2808
54	2809
34	2810
61	2811
145	2812
289	2813
184	2814
8	2815
37	2816
29	2817
18	2818
74	2819
4	2820
134	2821
7	2822
45	2823
210	2824
85	2825
11	2826
49	2827
203	2828
8	2829
7	2830
55	2831
22	2832
25	2833
124	2834
35	2835
44	2836
62	2837
128	2838
22	2839
8	2840
43	2841
37	2842
85	2843
8	2844
8	2845
670	2846
27	2847
93	2848
44	2849
1	2850
45	2851
15	2852
51	2853
62	2854
62	2855
60	2856
11	2857
85	2858
161	2859
197	2860
20	2861
126	2862
98	2863
53	2864
542	2865
432	2866
328	2867
328	2868
333	2869
3	2870
64	2871
2	2872
217	2873
292	2874
503	2875
979	2876
123	2877
260	2878
315	2879
217	2880
41	2881
27	2882
31	2883
23	2884
70	2885
70	2886
59	2887
14	2888
14	2889
124	2890
13	2891
23	2892
35	2893
23	2894
26	2895
70	2896
13	2897
592	2898
655	2899
485	2900
978	2901
1	2902
88	2903
140	2904
966	2905
282	2906
125	2907
36	2908
26	2909
109	2910
82	2911
665	2912
61	2913
293	2914
62	2915
4	2916
36	2917
96	2918
45	2919
179	2920
502	2921
168	2922
562	2923
367	2924
25	2925
71	2926
71	2927
51	2928
112	2929
62	2930
1	2931
438	2932
323	2933
3	2934
50	2935
77	2936
332	2937
62	2938
323	2939
37	2940
7	2941
56	2942
556	2943
47	2944
50	2945
491	2946
692	2947
148	2948
11	2949
208	2950
278	2951
209	2952
154	2953
252	2954
342	2955
329	2956
303	2957
38	2958
445	2959
240	2960
425	2961
931	2962
493	2963
148	2964
556	2965
341	2966
692	2967
55	2968
496	2969
160	2970
517	2971
384	2972
109	2973
494	2974
83	2975
22	2976
366	2977
492	2978
160	2979
32	2980
327	2981
563	2982
273	2983
39	2984
279	2985
209	2986
442	2987
959	2988
422	2989
254	2990
320	2991
385	2992
389	2993
136	2994
237	2995
136	2996
148	2997
198	2998
21	2999
27	3000
76	3001
469	3002
14	3003
145	3004
227	3005
57	3006
247	3007
104	3008
184	3009
162	3010
176	3011
35	3012
106	3013
35	3014
45	3015
49	3016
26	3017
399	3018
20	3019
33	3020
172	3021
73	3022
63	3023
138	3024
63	3025
104	3026
106	3027
23	3028
20	3029
58	3030
5	3031
31	3032
290	3033
136	3034
101	3035
210	3036
43	3037
37	3038
18	3039
635	3040
21	3041
63	3042
36	3043
442	3044
22	3045
603	3046
77	3047
216	3048
92	3049
29	3050
539	3051
267	3052
10	3053
10	3054
40	3055
15	3056
1	3057
391	3058
193	3059
34	3060
218	3061
11	3062
50	3063
428	3064
70	3065
32	3066
296	3067
47	3068
21	3069
825	3070
146	3071
20	3072
25	3073
22	3074
4	3075
372	3076
1	3077
215	3078
87	3079
263	3080
116	3081
326	3082
53	3083
146	3084
326	3085
62	3086
201	3087
62	3088
6	3089
174	3090
345	3091
419	3092
302	3093
147	3094
39	3095
142	3096
471	3097
238	3098
424	3099
276	3100
568	3101
697	3102
474	3103
582	3104
28	3105
142	3106
11	3107
111	3108
292	3109
111	3110
228	3111
77	3112
177	3113
100	3114
49	3115
53	3116
48	3117
435	3118
25	3119
268	3120
375	3121
422	3122
253	3123
39	3124
77	3125
383	3126
265	3127
703	3128
13	3129
636	3130
405	3131
184	3132
421	3133
109	3134
109	3135
372	3136
3	3137
38	3138
136	3139
301	3140
111	3141
3	3142
100	3143
499	3144
81	3145
401	3146
6	3147
132	3148
7	3149
152	3150
18	3151
94	3152
21	3153
18	3154
18	3155
329	3156
381	3157
143	3158
58	3159
232	3160
358	3161
611	3162
713	3163
220	3164
348	3165
7	3166
7	3167
22	3168
354	3169
41	3170
87	3171
364	3172
87	3173
113	3174
1	3175
278	3176
45	3177
5	3178
59	3179
34	3180
633	3181
268	3182
427	3183
183	3184
376	3185
53	3186
299	3187
77	3188
240	3189
46	3190
98	3191
121	3192
1	3193
575	3194
161	3195
32	3196
2	3197
4	3198
32	3199
321	3200
479	3201
17	3202
118	3203
37	3204
37	3205
36	3206
482	3207
57	3208
32	3209
13	3210
104	3211
232	3212
567	3213
32	3214
1	3215
629	3216
250	3217
331	3218
597	3219
80	3220
381	3221
106	3222
345	3223
59	3224
28	3225
24	3226
45	3227
108	3228
15	3229
28	3230
33	3231
17	3232
406	3233
80	3234
639	3235
536	3236
101	3237
14	3238
446	3239
99	3240
26	3241
22	3242
55	3243
97	3244
10	3245
26	3246
37	3247
393	3248
929	3249
90	3250
3	3251
53	3252
315	3253
186	3254
51	3255
51	3256
113	3257
113	3258
44	3259
904	3260
21	3261
69	3262
19	3263
10	3264
125	3265
36	3266
94	3267
20	3268
12	3269
32	3270
4	3271
35	3272
20	3273
161	3274
74	3275
57	3276
29	3277
23	3278
26	3279
573	3280
21	3281
25	3282
122	3283
30	3284
31	3285
310	3286
17	3287
29	3288
6	3289
48	3290
19	3291
578	3292
293	3293
347	3294
173	3295
21	3296
122	3297
701	3298
48	3299
95	3300
38	3301
57	3302
4	3303
60	3304
956	3305
405	3306
248	3307
71	3308
163	3309
404	3310
645	3311
17	3312
27	3313
336	3314
308	3315
669	3316
462	3317
652	3318
90	3319
405	3320
310	3321
134	3322
209	3323
716	3324
92	3325
165	3326
686	3327
433	3328
549	3329
261	3330
131	3331
6	3332
114	3333
221	3334
174	3335
418	3336
160	3337
230	3338
17	3339
289	3340
38	3341
54	3342
8	3343
18	3344
33	3345
29	3346
316	3347
2	3348
437	3349
83	3350
109	3351
303	3352
8	3353
112	3354
63	3355
63	3356
67	3357
126	3358
150	3359
160	3360
121	3361
167	3362
227	3363
15	3364
177	3365
11	3366
30	3367
5	3368
53	3369
42	3370
18	3371
94	3372
82	3373
508	3374
9	3375
42	3376
435	3377
60	3378
595	3379
348	3380
12	3381
64	3382
22	3383
404	3384
316	3385
15	3386
220	3387
251	3388
30	3389
340	3390
14	3391
78	3392
13	3393
182	3394
445	3395
73	3396
387	3397
434	3398
967	3399
10	3400
493	3401
482	3402
100	3403
159	3404
272	3405
507	3406
673	3407
208	3408
264	3409
374	3410
253	3411
80	3412
961	3413
28	3414
142	3415
77	3416
123	3417
185	3418
221	3419
102	3420
71	3421
215	3422
14	3423
110	3424
62	3425
104	3426
7	3427
208	3428
20	3429
154	3430
184	3431
93	3432
7	3433
53	3434
88	3435
124	3436
34	3437
166	3438
580	3439
239	3440
561	3441
239	3442
342	3443
103	3444
167	3445
6	3446
24	3447
195	3448
153	3449
98	3450
59	3451
314	3452
156	3453
123	3454
1	3455
343	3456
343	3457
39	3458
161	3459
96	3460
162	3461
1	3462
6	3463
4	3464
62	3465
667	3466
41	3467
368	3468
94	3469
303	3470
391	3471
113	3472
58	3473
266	3474
50	3475
112	3476
146	3477
90	3478
48	3479
90	3480
1	3481
51	3482
27	3483
166	3484
177	3485
8	3486
426	3487
51	3488
513	3489
179	3490
132	3491
10	3492
243	3493
71	3494
3	3495
274	3496
86	3497
23	3498
27	3499
53	3500
346	3501
11	3502
9	3503
48	3504
61	3505
57	3506
113	3507
35	3508
36	3509
69	3510
260	3511
11	3512
67	3513
210	3514
2	3515
87	3516
661	3517
36	3518
198	3519
18	3520
4	3521
32	3522
53	3523
2	3524
2	3525
181	3526
53	3527
53	3528
34	3529
157	3530
110	3531
93	3532
20	3533
110	3534
486	3535
331	3536
146	3537
34	3538
17	3539
21	3540
38	3541
41	3542
42	3543
11	3544
145	3545
313	3546
29	3547
51	3548
4	3549
289	3550
69	3551
378	3552
333	3553
548	3554
157	3555
43	3556
110	3557
76	3558
8	3559
146	3560
334	3561
41	3562
240	3563
128	3564
245	3565
371	3566
111	3567
85	3568
94	3569
567	3570
128	3571
476	3572
86	3573
69	3574
357	3575
4	3576
100	3577
269	3578
237	3579
175	3580
213	3581
274	3582
334	3583
432	3584
75	3585
329	3586
391	3587
118	3588
252	3589
342	3590
160	3591
274	3592
29	3593
161	3594
71	3595
76	3596
34	3597
176	3598
164	3599
36	3600
4	3601
59	3602
110	3603
50	3604
184	3605
71	3606
4	3607
2	3608
108	3609
138	3610
188	3611
51	3612
492	3613
32	3614
33	3615
120	3616
537	3617
4	3618
4	3619
145	3620
210	3621
212	3622
287	3623
395	3624
274	3625
319	3626
1	3627
1	3628
63	3629
26	3630
62	3631
14	3632
334	3633
62	3634
90	3635
85	3636
385	3637
213	3638
194	3639
309	3640
3	3641
76	3642
3	3643
3	3644
10	3645
3	3646
166	3647
166	3648
276	3649
18	3650
449	3651
107	3652
14	3653
295	3654
56	3655
223	3656
223	3657
90	3658
51	3659
301	3660
13	3661
27	3662
826	3663
86	3664
9	3665
9	3666
37	3667
121	3668
72	3669
43	3670
35	3671
121	3672
19	3673
31	3674
9	3675
516	3676
13	3677
316	3678
85	3679
1	3680
81	3681
130	3682
275	3683
57	3684
134	3685
381	3686
123	3687
35	3688
198	3689
126	3690
240	3691
59	3692
19	3693
32	3694
113	3695
148	3696
199	3697
495	3698
354	3699
126	3700
44	3701
107	3702
271	3703
271	3704
198	3705
86	3706
275	3707
198	3708
13	3709
112	3710
1	3711
319	3712
298	3713
573	3714
34	3715
651	3716
218	3717
106	3718
694	3719
76	3720
81	3721
26	3722
86	3723
644	3724
644	3725
57	3726
48	3727
971	3728
69	3729
158	3730
113	3731
3	3732
142	3733
13	3734
141	3735
92	3736
14	3737
124	3738
13	3739
40	3740
77	3741
77	3742
86	3743
86	3744
86	3745
936	3746
86	3747
47	3748
162	3749
107	3750
24	3751
51	3752
119	3753
29	3754
144	3755
47	3756
432	3757
172	3758
31	3759
1	3760
136	3761
213	3762
537	3763
417	3764
8	3765
35	3766
74	3767
79	3768
12	3769
32	3770
18	3771
8	3772
9	3773
6	3774
53	3775
62	3776
497	3777
265	3778
323	3779
147	3780
40	3781
69	3782
454	3783
42	3784
38	3785
42	3786
4	3787
10	3788
45	3789
29	3790
75	3791
90	3792
52	3793
166	3794
135	3795
61	3796
222	3797
30	3798
13	3799
88	3800
23	3801
89	3802
332	3803
521	3804
464	3805
229	3806
242	3807
326	3808
296	3809
34	3810
174	3811
446	3812
475	3813
456	3814
100	3815
11	3816
509	3817
604	3818
47	3819
301	3820
548	3821
107	3822
130	3823
534	3824
539	3825
177	3826
3	3827
69	3828
503	3829
569	3830
51	3831
77	3832
14	3833
383	3834
283	3835
169	3836
26	3837
312	3838
80	3839
639	3840
109	3841
6	3842
213	3843
56	3844
15	3845
37	3846
45	3847
122	3848
165	3849
218	3850
550	3851
392	3852
375	3853
480	3854
244	3855
170	3856
122	3857
73	3858
7	3859
41	3860
8	3861
331	3862
6	3863
20	3864
12	3865
332	3866
342	3867
1	3868
1	3869
121	3870
25	3871
301	3872
422	3873
113	3874
1	3875
371	3876
165	3877
21	3878
322	3879
208	3880
208	3881
208	3882
372	3883
113	3884
30	3885
328	3886
35	3887
95	3888
19	3889
100	3890
89	3891
1	3892
263	3893
212	3894
127	3895
501	3896
13	3897
1	3898
949	3899
232	3900
37	3901
47	3902
265	3903
37	3904
98	3905
65	3906
379	3907
386	3908
14	3909
242	3910
242	3911
33	3912
23	3913
17	3914
49	3915
505	3916
324	3917
13	3918
30	3919
86	3920
501	3921
43	3922
14	3923
13	3924
33	3925
384	3926
577	3927
312	3928
104	3929
134	3930
241	3931
506	3932
334	3933
577	3934
426	3935
263	3936
332	3937
73	3938
63	3939
56	3940
25	3941
125	3942
31	3943
24	3944
20	3945
488	3946
368	3947
122	3948
101	3949
115	3950
17	3951
280	3952
21	3953
6	3954
40	3955
40	3956
699	3957
415	3958
11	3959
681	3960
339	3961
13	3962
495	3963
328	3964
62	3965
33	3966
102	3967
168	3968
325	3969
121	3970
153	3971
276	3972
423	3973
388	3974
47	3975
41	3976
80	3977
232	3978
950	3979
664	3980
105	3981
152	3982
263	3983
299	3984
369	3985
13	3986
1	3987
170	3988
59	3989
93	3990
270	3991
217	3992
47	3993
103	3994
342	3995
342	3996
54	3997
439	3998
557	3999
384	4000
239	4001
534	4002
505	4003
279	4004
571	4005
269	4006
221	4007
300	4008
481	4009
325	4010
9	4011
264	4012
273	4013
136	4014
35	4015
374	4016
367	4017
444	4018
509	4019
278	4020
137	4021
44	4022
274	4023
696	4024
426	4025
278	4026
236	4027
423	4028
396	4029
34	4030
43	4031
109	4032
383	4033
371	4034
41	4035
76	4036
691	4037
21	4038
20	4039
7	4040
434	4041
396	4042
32	4043
10	4044
386	4045
488	4046
263	4047
474	4048
20	4049
335	4050
177	4051
30	4052
325	4053
420	4054
297	4055
209	4056
275	4057
434	4058
232	4059
225	4060
257	4061
47	4062
386	4063
18	4064
159	4065
306	4066
107	4067
47	4068
951	4069
67	4070
242	4071
71	4072
10	4073
22	4074
264	4075
4	4076
101	4077
25	4078
93	4079
487	4080
219	4081
240	4082
440	4083
13	4084
541	4085
155	4086
240	4087
427	4088
253	4089
269	4090
82	4091
266	4092
92	4093
396	4094
393	4095
15	4096
37	4097
429	4098
650	4099
78	4100
34	4101
96	4102
1	4103
217	4104
8	4105
4	4106
327	4107
649	4108
335	4109
684	4110
3	4111
325	4112
367	4113
487	4114
12	4115
579	4116
507	4117
90	4118
570	4119
214	4120
34	4121
498	4122
392	4123
391	4124
31	4125
39	4126
297	4127
447	4128
257	4129
324	4130
331	4131
546	4132
370	4133
34	4134
477	4135
953	4136
298	4137
373	4138
15	4139
272	4140
199	4141
148	4142
396	4143
675	4144
271	4145
655	4146
117	4147
117	4148
240	4149
330	4150
45	4151
694	4152
253	4153
423	4154
198	4155
232	4156
322	4157
241	4158
252	4159
957	4160
378	4161
321	4162
24	4163
376	4164
687	4165
591	4166
561	4167
339	4168
271	4169
252	4170
238	4171
588	4172
232	4173
243	4174
179	4175
480	4176
28	4177
13	4178
431	4179
208	4180
253	4181
236	4182
45	4183
332	4184
431	4185
373	4186
571	4187
388	4188
649	4189
64	4190
380	4191
299	4192
549	4193
570	4194
386	4195
268	4196
590	4197
371	4198
421	4199
209	4200
670	4201
566	4202
197	4203
296	4204
241	4205
337	4206
264	4207
591	4208
395	4209
266	4210
269	4211
341	4212
550	4213
319	4214
385	4215
263	4216
47	4217
319	4218
274	4219
123	4220
238	4221
10	4222
10	4223
440	4224
660	4225
237	4226
264	4227
121	4228
276	4229
39	4230
296	4231
93	4232
42	4233
1	4234
136	4235
91	4236
147	4237
64	4238
48	4239
45	4240
370	4241
32	4242
71	4243
162	4244
497	4245
51	4246
472	4247
129	4248
32	4249
32	4250
37	4251
5	4252
30	4253
1	4254
146	4255
5	4256
21	4257
4	4258
28	4259
982	4260
146	4261
98	4262
28	4263
100	4264
14	4265
81	4266
248	4267
127	4268
85	4269
47	4270
148	4271
105	4272
206	4273
567	4274
882	4275
456	4276
58	4277
58	4278
235	4279
235	4280
45	4281
5	4282
302	4283
302	4284
643	4285
293	4286
2	4287
3	4288
138	4289
82	4290
426	4291
158	4292
158	4293
60	4294
158	4295
13	4296
140	4297
197	4298
376	4299
138	4300
275	4301
138	4302
82	4303
427	4304
168	4305
105	4306
438	4307
459	4308
459	4309
16	4310
16	4311
16	4312
16	4313
598	4314
339	4315
32	4316
138	4317
17	4318
57	4319
181	4320
106	4321
323	4322
233	4323
315	4324
15	4325
34	4326
53	4327
4	4328
196	4329
81	4330
237	4331
268	4332
167	4333
29	4334
478	4335
1	4336
146	4337
615	4338
765	4339
894	4340
147	4341
147	4342
147	4343
81	4344
334	4345
46	4346
112	4347
112	4348
112	4349
309	4350
298	4351
112	4352
367	4353
445	4354
381	4355
53	4356
118	4357
729	4358
533	4359
36	4360
13	4361
262	4362
38	4363
13	4364
54	4365
159	4366
81	4367
287	4368
6	4369
22	4370
26	4371
168	4372
26	4373
25	4374
167	4375
70	4376
690	4377
59	4378
142	4379
8	4380
56	4381
27	4382
100	4383
85	4384
17	4385
333	4386
429	4387
9	4388
164	4389
59	4390
18	4391
102	4392
39	4393
97	4394
95	4395
96	4396
44	4397
1	4398
294	4399
705	4400
933	4401
42	4402
194	4403
239	4404
153	4405
68	4406
20	4407
2	4408
164	4409
49	4410
9	4411
146	4412
23	4413
6	4414
63	4415
61	4416
56	4417
31	4418
56	4419
58	4420
136	4421
37	4422
25	4423
59	4424
219	4425
4	4426
23	4427
41	4428
31	4429
1	4430
13	4431
194	4432
10	4433
25	4434
4	4435
8	4436
45	4437
99	4438
26	4439
71	4440
114	4441
394	4442
210	4443
38	4444
7	4445
294	4446
1	4447
37	4448
37	4449
54	4450
32	4451
58	4452
33	4453
59	4454
41	4455
56	4456
21	4457
7	4458
171	4459
122	4460
48	4461
78	4462
38	4463
25	4464
20	4465
42	4466
48	4467
15	4468
29	4469
123	4470
128	4471
6	4472
68	4473
41	4474
33	4475
124	4476
14	4477
103	4478
57	4479
41	4480
70	4481
65	4482
85	4483
361	4484
109	4485
13	4486
26	4487
247	4488
80	4489
6	4490
25	4491
154	4492
99	4493
114	4494
184	4495
8	4496
33	4497
2	4498
45	4499
53	4500
258	4501
36	4502
27	4503
17	4504
32	4505
74	4506
65	4507
58	4508
437	4509
177	4510
79	4511
14	4512
27	4513
57	4514
60	4515
501	4516
74	4517
13	4518
91	4519
450	4520
12	4521
155	4522
34	4523
9	4524
259	4525
41	4526
21	4527
25	4528
62	4529
18	4530
214	4531
11	4532
48	4533
257	4534
15	4535
19	4536
154	4537
37	4538
15	4539
101	4540
54	4541
54	4542
17	4543
19	4544
22	4545
87	4546
5	4547
28	4548
7	4549
27	4550
74	4551
29	4552
11	4553
17	4554
129	4555
59	4556
63	4557
118	4558
53	4559
27	4560
48	4561
184	4562
1	4563
47	4564
34	4565
99	4566
214	4567
379	4568
47	4569
8	4570
2	4571
18	4572
58	4573
165	4574
90	4575
55	4576
650	4577
1	4578
15	4579
59	4580
113	4581
172	4582
118	4583
8	4584
10	4585
94	4586
14	4587
167	4588
194	4589
319	4590
24	4591
54	4592
190	4593
28	4594
510	4595
540	4596
127	4597
114	4598
1	4599
11	4600
252	4601
2	4602
310	4603
25	4604
20	4605
121	4606
203	4607
34	4608
80	4609
15	4610
42	4611
15	4612
1	4613
138	4614
193	4615
296	4616
146	4617
196	4618
4	4619
156	4620
188	4621
352	4622
352	4623
352	4624
352	4625
352	4626
230	4627
150	4628
150	4629
150	4630
81	4631
90	4632
219	4633
5	4634
71	4635
31	4636
19	4637
50	4638
15	4639
2	4640
12	4641
34	4642
94	4643
36	4644
33	4645
14	4646
56	4647
35	4648
84	4649
28	4650
49	4651
37	4652
1	4653
125	4654
436	4655
13	4656
14	4657
627	4658
228	4659
38	4660
68	4661
158	4662
134	4663
116	4664
60	4665
401	4666
401	4667
215	4668
36	4669
349	4670
116	4671
39	4672
201	4673
68	4674
86	4675
1	4676
9	4677
9	4678
15	4679
49	4680
62	4681
86	4682
922	4683
201	4684
129	4685
201	4686
9	4687
370	4688
72	4689
34	4690
12	4691
34	4692
37	4693
37	4694
226	4695
140	4696
278	4697
20	4698
413	4699
234	4700
133	4701
168	4702
48	4703
120	4704
161	4705
281	4706
167	4707
83	4708
248	4709
514	4710
282	4711
484	4712
48	4713
144	4714
390	4715
61	4716
106	4717
2	4718
396	4719
24	4720
28	4721
21	4722
109	4723
78	4724
38	4725
302	4726
27	4727
38	4728
389	4729
29	4730
8	4731
7	4732
30	4733
8	4734
152	4735
82	4736
61	4737
61	4738
9	4739
152	4740
9	4741
9	4742
115	4743
48	4744
95	4745
58	4746
103	4747
108	4748
174	4749
103	4750
103	4751
285	4752
46	4753
213	4754
200	4755
586	4756
629	4757
293	4758
49	4759
715	4760
107	4761
245	4762
770	4763
413	4764
413	4765
118	4766
605	4767
228	4768
111	4769
178	4770
353	4771
355	4772
766	4773
353	4774
418	4775
353	4776
69	4777
261	4778
261	4779
261	4780
261	4781
83	4782
76	4783
216	4784
677	4785
8	4786
201	4787
201	4788
86	4789
37	4790
26	4791
99	4792
1	4793
114	4794
338	4795
14	4796
170	4797
647	4798
13	4799
200	4800
155	4801
895	4802
827	4803
9	4804
7	4805
749	4806
801	4807
606	4808
528	4809
528	4810
767	4811
430	4812
75	4813
149	4814
106	4815
186	4816
450	4817
62	4818
106	4819
22	4820
165	4821
173	4822
138	4823
44	4824
23	4825
188	4826
122	4827
19	4828
69	4829
38	4830
86	4831
156	4832
113	4833
832	4834
61	4835
59	4836
212	4837
2	4838
95	4839
90	4840
406	4841
186	4842
617	4843
186	4844
36	4845
206	4846
408	4847
544	4848
179	4849
186	4850
93	4851
36	4852
36	4853
400	4854
251	4855
402	4856
400	4857
402	4858
68	4859
191	4860
191	4861
106	4862
105	4863
7	4864
27	4865
558	4866
390	4867
151	4868
546	4869
482	4870
151	4871
686	4872
153	4873
68	4874
13	4875
113	4876
182	4877
30	4878
164	4879
260	4880
249	4881
32	4882
845	4883
26	4884
11	4885
15	4886
319	4887
293	4888
345	4889
486	4890
36	4891
588	4892
81	4893
69	4894
69	4895
725	4896
178	4897
292	4898
177	4899
774	4900
11	4901
846	4902
758	4903
46	4904
52	4905
168	4906
802	4907
2	4908
157	4909
788	4910
159	4911
602	4912
602	4913
148	4914
391	4915
387	4916
323	4917
660	4918
146	4919
326	4920
768	4921
177	4922
762	4923
543	4924
196	4925
730	4926
11	4927
183	4928
11	4929
8	4930
61	4931
6	4932
6	4933
54	4934
12	4935
69	4936
29	4937
29	4938
315	4939
410	4940
620	4941
750	4942
11	4943
6	4944
87	4945
169	4946
137	4947
192	4948
2	4949
7	4950
122	4951
165	4952
20	4953
360	4954
26	4955
26	4956
6	4957
106	4958
377	4959
121	4960
62	4961
48	4962
58	4963
36	4964
82	4965
41	4966
219	4967
45	4968
45	4969
45	4970
45	4971
45	4972
8	4973
8	4974
27	4975
38	4976
731	4977
29	4978
12	4979
12	4980
147	4981
847	4982
781	4983
24	4984
252	4985
42	4986
438	4987
580	4988
13	4989
276	4990
125	4991
39	4992
430	4993
191	4994
576	4995
21	4996
486	4997
33	4998
5	4999
28	5000
11	5001
218	5002
41	5003
48	5004
91	5005
155	5006
402	5007
983	5008
155	5009
545	5010
374	5011
545	5012
47	5013
21	5014
216	5015
23	5016
6	5017
216	5018
271	5019
941	5020
208	5021
269	5022
236	5023
385	5024
51	5025
316	5026
379	5027
51	5028
100	5029
474	5030
198	5031
679	5032
6	5033
142	5034
419	5035
49	5036
161	5037
145	5038
33	5039
11	5040
9	5041
78	5042
138	5043
114	5044
65	5045
39	5046
126	5047
1	5048
174	5049
383	5050
1	5051
6	5052
21	5053
85	5054
47	5055
49	5056
132	5057
182	5058
39	5059
126	5060
2	5061
36	5062
85	5063
5	5064
108	5065
345	5066
53	5067
12	5068
163	5069
5	5070
45	5071
33	5072
20	5073
262	5074
97	5075
119	5076
161	5077
184	5078
49	5079
74	5080
214	5081
44	5082
57	5083
277	5084
18	5085
34	5086
167	5087
126	5088
258	5089
119	5090
49	5091
147	5092
582	5093
441	5094
113	5095
457	5096
587	5097
168	5098
57	5099
565	5100
457	5101
120	5102
27	5103
64	5104
95	5105
84	5106
318	5107
14	5108
276	5109
209	5110
485	5111
6	5112
963	5113
573	5114
137	5115
152	5116
211	5117
213	5118
114	5119
25	5120
259	5121
39	5122
56	5123
9	5124
48	5125
31	5126
56	5127
57	5128
47	5129
133	5130
39	5131
416	5132
83	5133
25	5134
538	5135
538	5136
481	5137
263	5138
40	5139
674	5140
375	5141
475	5142
397	5143
943	5144
252	5145
28	5146
476	5147
297	5148
268	5149
201	5150
86	5151
86	5152
666	5153
112	5154
81	5155
890	5156
51	5157
5	5158
51	5159
347	5160
93	5161
91	5162
93	5163
914	5164
115	5165
167	5166
417	5167
105	5168
424	5169
378	5170
347	5171
466	5172
356	5173
111	5174
848	5175
111	5176
178	5177
178	5178
266	5179
470	5180
25	5181
42	5182
64	5183
26	5184
33	5185
29	5186
28	5187
28	5188
28	5189
28	5190
203	5191
184	5192
472	5193
179	5194
60	5195
60	5196
59	5197
30	5198
158	5199
60	5200
133	5201
61	5202
59	5203
195	5204
179	5205
249	5206
249	5207
243	5208
116	5209
115	5210
189	5211
95	5212
154	5213
72	5214
162	5215
200	5216
164	5217
5	5218
83	5219
452	5220
133	5221
1	5222
89	5223
1	5224
246	5225
4	5226
129	5227
46	5228
230	5229
71	5230
157	5231
157	5232
709	5233
46	5234
37	5235
243	5236
275	5237
653	5238
384	5239
321	5240
597	5241
107	5242
29	5243
7	5244
1	5245
20	5246
79	5247
34	5248
315	5249
133	5250
42	5251
137	5252
1	5253
29	5254
73	5255
137	5256
58	5257
37	5258
202	5259
246	5260
255	5261
17	5262
211	5263
125	5264
56	5265
71	5266
9	5267
46	5268
72	5269
926	5270
190	5271
169	5272
8	5273
195	5274
22	5275
87	5276
202	5277
101	5278
72	5279
711	5280
60	5281
543	5282
24	5283
231	5284
40	5285
29	5286
261	5287
157	5288
104	5289
129	5290
470	5291
117	5292
133	5293
180	5294
72	5295
17	5296
12	5297
25	5298
98	5299
261	5300
404	5301
217	5302
187	5303
202	5304
202	5305
267	5306
202	5307
132	5308
132	5309
132	5310
261	5311
6	5312
102	5313
42	5314
47	5315
14	5316
143	5317
230	5318
143	5319
126	5320
126	5321
84	5322
3	5323
185	5324
286	5325
105	5326
62	5327
105	5328
403	5329
185	5330
105	5331
464	5332
229	5333
229	5334
356	5335
185	5336
280	5337
408	5338
480	5339
849	5340
409	5341
409	5342
16	5343
16	5344
16	5345
13	5346
410	5347
410	5348
449	5349
449	5350
11	5351
11	5352
11	5353
11	5354
449	5355
67	5356
176	5357
5	5358
5	5359
5	5360
5	5361
5	5362
87	5363
5	5364
2	5365
35	5366
88	5367
80	5368
120	5369
16	5370
16	5371
16	5372
16	5373
16	5374
16	5375
16	5376
734	5377
87	5378
129	5379
147	5380
89	5381
89	5382
169	5383
63	5384
199	5385
343	5386
4	5387
36	5388
4	5389
35	5390
18	5391
129	5392
129	5393
761	5394
116	5395
89	5396
89	5397
228	5398
238	5399
38	5400
5	5401
51	5402
111	5403
69	5404
226	5405
289	5406
149	5407
29	5408
302	5409
373	5410
33	5411
33	5412
195	5413
283	5414
10	5415
5	5416
127	5417
166	5418
75	5419
115	5420
175	5421
123	5422
89	5423
223	5424
108	5425
95	5426
151	5427
142	5428
108	5429
181	5430
358	5431
355	5432
601	5433
313	5434
461	5435
523	5436
455	5437
183	5438
69	5439
553	5440
1	5441
513	5442
90	5443
64	5444
70	5445
70	5446
85	5447
225	5448
207	5449
149	5450
233	5451
356	5452
179	5453
69	5454
880	5455
113	5456
113	5457
47	5458
47	5459
186	5460
51	5461
248	5462
111	5463
111	5464
111	5465
111	5466
111	5467
89	5468
410	5469
215	5470
141	5471
135	5472
52	5473
291	5474
291	5475
465	5476
89	5477
93	5478
348	5479
215	5480
66	5481
455	5482
13	5483
66	5484
114	5485
81	5486
85	5487
627	5488
228	5489
120	5490
529	5491
120	5492
57	5493
195	5494
47	5495
521	5496
43	5497
167	5498
647	5499
232	5500
156	5501
111	5502
459	5503
460	5504
350	5505
351	5506
409	5507
156	5508
112	5509
245	5510
135	5511
52	5512
226	5513
461	5514
168	5515
141	5516
86	5517
51	5518
215	5519
52	5520
258	5521
29	5522
5	5523
5	5524
5	5525
42	5526
138	5527
82	5528
19	5529
55	5530
33	5531
25	5532
35	5533
9	5534
95	5535
210	5536
26	5537
109	5538
41	5539
207	5540
222	5541
77	5542
74	5543
47	5544
35	5545
12	5546
86	5547
167	5548
106	5549
10	5550
75	5551
59	5552
34	5553
216	5554
64	5555
407	5556
47	5557
41	5558
401	5559
75	5560
58	5561
168	5562
13	5563
129	5564
112	5565
488	5566
71	5567
176	5568
359	5569
224	5570
226	5571
42	5572
19	5573
283	5574
11	5575
28	5576
1	5577
50	5578
33	5579
9	5580
43	5581
96	5582
200	5583
79	5584
114	5585
356	5586
457	5587
70	5588
149	5589
111	5590
66	5591
13	5592
54	5593
78	5594
126	5595
15	5596
13	5597
21	5598
5	5599
64	5600
5	5601
26	5602
28	5603
28	5604
143	5605
104	5606
92	5607
150	5608
191	5609
176	5610
139	5611
74	5612
211	5613
2	5614
70	5615
44	5616
40	5617
82	5618
45	5619
35	5620
29	5621
56	5622
100	5623
173	5624
13	5625
56	5626
108	5627
102	5628
38	5629
139	5630
76	5631
31	5632
123	5633
223	5634
220	5635
24	5636
115	5637
96	5638
114	5639
47	5640
194	5641
82	5642
54	5643
28	5644
173	5645
93	5646
32	5647
102	5648
213	5649
175	5650
40	5651
155	5652
11	5653
110	5654
101	5655
26	5656
171	5657
14	5658
2	5659
94	5660
42	5661
122	5662
82	5663
98	5664
42	5665
48	5666
44	5667
32	5668
26	5669
98	5670
15	5671
6	5672
9	5673
7	5674
21	5675
7	5676
5	5677
139	5678
43	5679
57	5680
57	5681
41	5682
31	5683
19	5684
17	5685
171	5686
76	5687
225	5688
43	5689
18	5690
21	5691
119	5692
107	5693
135	5694
17	5695
194	5696
138	5697
119	5698
151	5699
123	5700
89	5701
127	5702
102	5703
102	5704
154	5705
27	5706
32	5707
2	5708
16	5709
4	5710
88	5711
106	5712
88	5713
88	5714
88	5715
88	5716
193	5717
20	5718
457	5719
454	5720
409	5721
351	5722
81	5723
37	5724
93	5725
131	5726
384	5727
901	5728
88	5729
69	5730
69	5731
10	5732
9	5733
284	5734
164	5735
205	5736
205	5737
216	5738
86	5739
51	5740
128	5741
65	5742
354	5743
120	5744
209	5745
511	5746
21	5747
8	5748
8	5749
336	5750
678	5751
237	5752
73	5753
25	5754
7	5755
163	5756
41	5757
25	5758
150	5759
54	5760
25	5761
104	5762
130	5763
112	5764
53	5765
59	5766
14	5767
360	5768
132	5769
2	5770
21	5771
149	5772
70	5773
591	5774
183	5775
73	5776
227	5777
168	5778
309	5779
10	5780
308	5781
18	5782
163	5783
201	5784
214	5785
49	5786
194	5787
51	5788
10	5789
36	5790
259	5791
23	5792
101	5793
18	5794
149	5795
7	5796
39	5797
21	5798
104	5799
8	5800
37	5801
56	5802
67	5803
80	5804
223	5805
55	5806
106	5807
67	5808
468	5809
26	5810
29	5811
407	5812
406	5813
454	5814
184	5815
84	5816
84	5817
95	5818
111	5819
59	5820
850	5821
171	5822
66	5823
85	5824
2	5825
35	5826
468	5827
13	5828
90	5829
75	5830
69	5831
51	5832
228	5833
28	5834
79	5835
37	5836
565	5837
22	5838
249	5839
260	5840
455	5841
260	5842
66	5843
3	5844
30	5845
165	5846
499	5847
138	5848
177	5849
9	5850
284	5851
86	5852
51	5853
39	5854
200	5855
118	5856
55	5857
9	5858
52	5859
215	5860
118	5861
214	5862
215	5863
102	5864
68	5865
14	5866
351	5867
458	5868
459	5869
409	5870
460	5871
350	5872
311	5873
187	5874
187	5875
187	5876
607	5877
851	5878
792	5879
11	5880
631	5881
124	5882
814	5883
22	5884
20	5885
11	5886
11	5887
25	5888
633	5889
35	5890
149	5891
11	5892
64	5893
35	5894
35	5895
33	5896
143	5897
280	5898
33	5899
33	5900
104	5901
75	5902
128	5903
130	5904
207	5905
130	5906
130	5907
207	5908
544	5909
154	5910
16	5911
61	5912
72	5913
907	5914
888	5915
12	5916
12	5917
12	5918
12	5919
12	5920
852	5921
79	5922
425	5923
775	5924
36	5925
47	5926
579	5927
819	5928
811	5929
872	5930
504	5931
693	5932
61	5933
586	5934
676	5935
322	5936
24	5937
366	5938
277	5939
896	5940
648	5941
689	5942
430	5943
296	5944
387	5945
12	5946
972	5947
583	5948
918	5949
355	5950
853	5951
329	5952
786	5953
395	5954
289	5955
186	5956
263	5957
684	5958
159	5959
549	5960
906	5961
397	5962
181	5963
306	5964
574	5965
381	5966
71	5967
71	5968
71	5969
21	5970
21	5971
5	5972
40	5973
113	5974
601	5975
27	5976
65	5977
6	5978
7	5979
18	5980
55	5981
8	5982
17	5983
244	5984
92	5985
51	5986
276	5987
198	5988
379	5989
272	5990
179	5991
975	5992
240	5993
497	5994
656	5995
50	5996
484	5997
428	5998
136	5999
80	6000
117	6001
139	6002
295	6003
324	6004
172	6005
84	6006
152	6007
108	6008
221	6009
172	6010
211	6011
68	6012
449	6013
139	6014
229	6015
222	6016
100	6017
100	6018
92	6019
67	6020
545	6021
190	6022
1	6023
223	6024
173	6025
182	6026
13	6027
13	6028
92	6029
47	6030
110	6031
127	6032
46	6033
47	6034
213	6035
107	6036
673	6037
256	6038
163	6039
68	6040
74	6041
604	6042
301	6043
8	6044
3	6045
213	6046
180	6047
140	6048
92	6049
200	6050
173	6051
180	6052
213	6053
229	6054
224	6055
512	6056
14	6057
238	6058
512	6059
191	6060
287	6061
10	6062
10	6063
10	6064
10	6065
10	6066
10	6067
10	6068
10	6069
10	6070
10	6071
10	6072
10	6073
10	6074
84	6075
104	6076
201	6077
164	6078
188	6079
174	6080
221	6081
127	6082
244	6083
494	6084
50	6085
32	6086
107	6087
75	6088
220	6089
151	6090
12	6091
255	6092
57	6093
50	6094
50	6095
12	6096
172	6097
36	6098
10	6099
175	6100
12	6101
12	6102
36	6103
220	6104
162	6105
50	6106
189	6107
12	6108
108	6109
236	6110
97	6111
515	6112
96	6113
398	6114
103	6115
206	6116
16	6117
144	6118
317	6119
211	6120
38	6121
562	6122
152	6123
212	6124
163	6125
60	6126
222	6127
164	6128
162	6129
489	6130
335	6131
10	6132
190	6133
392	6134
35	6135
726	6136
378	6137
668	6138
8	6139
4	6140
18	6141
4	6142
300	6143
18	6144
58	6145
61	6146
63	6147
53	6148
53	6149
36	6150
203	6151
58	6152
31	6153
24	6154
27	6155
17	6156
337	6157
243	6158
10	6159
553	6160
955	6161
697	6162
62	6163
232	6164
268	6165
268	6166
50	6167
50	6168
58	6169
32	6170
101	6171
53	6172
90	6173
90	6174
81	6175
19	6176
4	6177
4	6178
32	6179
34	6180
30	6181
132	6182
101	6183
45	6184
50	6185
531	6186
34	6187
392	6188
9	6189
17	6190
136	6191
27	6192
25	6193
8	6194
27	6195
34	6196
257	6197
74	6198
36	6199
213	6200
36	6201
415	6202
164	6203
663	6204
678	6205
65	6206
151	6207
18	6208
50	6209
22	6210
138	6211
8	6212
327	6213
558	6214
18	6215
2	6216
8	6217
484	6218
12	6219
151	6220
23	6221
15	6222
23	6223
345	6224
18	6225
2	6226
59	6227
65	6228
44	6229
84	6230
12	6231
2	6232
17	6233
277	6234
27	6235
36	6236
448	6237
369	6238
54	6239
180	6240
10	6241
67	6242
34	6243
382	6244
124	6245
22	6246
61	6247
43	6248
264	6249
57	6250
386	6251
93	6252
67	6253
9	6254
70	6255
53	6256
214	6257
146	6258
32	6259
4	6260
35	6261
101	6262
145	6263
29	6264
55	6265
132	6266
119	6267
282	6268
4	6269
540	6270
122	6271
584	6272
2	6273
8	6274
129	6275
587	6276
695	6277
67	6278
504	6279
960	6280
440	6281
43	6282
43	6283
67	6284
57	6285
598	6286
460	6287
460	6288
16	6289
16	6290
16	6291
277	6292
490	6293
88	6294
277	6295
35	6296
23	6297
58	6298
58	6299
19	6300
18	6301
90	6302
19	6303
497	6304
19	6305
576	6306
333	6307
371	6308
31	6309
50	6310
321	6311
581	6312
23	6313
129	6314
17	6315
74	6316
9	6317
4	6318
9	6319
43	6320
1	6321
92	6322
164	6323
31	6324
83	6325
175	6326
152	6327
181	6328
2	6329
55	6330
104	6331
96	6332
172	6333
92	6334
56	6335
181	6336
1	6337
55	6338
101	6339
214	6340
157	6341
137	6342
88	6343
24	6344
12	6345
9	6346
10	6347
31	6348
5	6349
43	6350
30	6351
2	6352
238	6353
33	6354
17	6355
12	6356
27	6357
628	6358
58	6359
25	6360
18	6361
18	6362
18	6363
24	6364
29	6365
8	6366
34	6367
254	6368
53	6369
504	6370
9	6371
9	6372
81	6373
18	6374
47	6375
81	6376
277	6377
510	6378
197	6379
441	6380
9	6381
30	6382
18	6383
600	6384
22	6385
17	6386
36	6387
19	6388
53	6389
137	6390
262	6391
177	6392
17	6393
43	6394
36	6395
12	6396
11	6397
12	6398
9	6399
34	6400
34	6401
124	6402
12	6403
79	6404
62	6405
81	6406
99	6407
854	6408
783	6409
4	6410
61	6411
12	6412
124	6413
448	6414
45	6415
38	6416
106	6417
157	6418
298	6419
366	6420
372	6421
420	6422
66	6423
15	6424
4	6425
60	6426
418	6427
130	6428
57	6429
415	6430
10	6431
56	6432
242	6433
572	6434
4	6435
49	6436
70	6437
158	6438
8	6439
246	6440
362	6441
26	6442
54	6443
38	6444
322	6445
5	6446
5	6447
6	6448
5	6449
195	6450
704	6451
299	6452
68	6453
6	6454
29	6455
300	6456
241	6457
671	6458
152	6459
568	6460
6	6461
198	6462
508	6463
161	6464
5	6465
14	6466
506	6467
238	6468
1	6469
80	6470
33	6471
238	6472
10	6473
34	6474
79	6475
78	6476
6	6477
91	6478
429	6479
13	6480
236	6481
5	6482
206	6483
494	6484
198	6485
425	6486
244	6487
481	6488
177	6489
76	6490
445	6491
33	6492
585	6493
90	6494
273	6495
273	6496
661	6497
136	6498
25	6499
136	6500
199	6501
48	6502
32	6503
29	6504
199	6505
243	6506
11	6507
335	6508
270	6509
339	6510
5	6511
160	6512
376	6513
393	6514
6	6515
279	6516
299	6517
176	6518
110	6519
104	6520
194	6521
11	6522
441	6523
312	6524
312	6525
237	6526
88	6527
176	6528
110	6529
222	6530
10	6531
26	6532
450	6533
15	6534
37	6535
83	6536
643	6537
112	6538
183	6539
112	6540
225	6541
112	6542
60	6543
155	6544
34	6545
157	6546
73	6547
246	6548
128	6549
91	6550
14	6551
83	6552
83	6553
251	6554
62	6555
179	6556
81	6557
34	6558
235	6559
97	6560
183	6561
4	6562
246	6563
248	6564
248	6565
400	6566
564	6567
233	6568
348	6569
10	6570
152	6571
60	6572
235	6573
599	6574
248	6575
163	6576
196	6577
572	6578
106	6579
641	6580
16	6581
112	6582
375	6583
176	6584
53	6585
112	6586
251	6587
305	6588
689	6589
14	6590
94	6591
110	6592
118	6593
450	6594
157	6595
100	6596
134	6597
110	6598
60	6599
60	6600
154	6601
225	6602
154	6603
225	6604
65	6605
65	6606
65	6607
60	6608
447	6609
575	6610
403	6611
335	6612
5	6613
699	6614
288	6615
155	6616
110	6617
13	6618
259	6619
155	6620
247	6621
90	6622
10	6623
60	6624
204	6625
450	6626
517	6627
112	6628
691	6629
443	6630
305	6631
207	6632
60	6633
251	6634
73	6635
60	6636
209	6637
148	6638
659	6639
41	6640
172	6641
306	6642
197	6643
20	6644
29	6645
190	6646
14	6647
78	6648
21	6649
336	6650
325	6651
60	6652
5	6653
190	6654
98	6655
65	6656
171	6657
564	6658
83	6659
278	6660
976	6661
53	6662
425	6663
481	6664
20	6665
270	6666
136	6667
100	6668
15	6669
48	6670
33	6671
390	6672
36	6673
197	6674
29	6675
29	6676
29	6677
53	6678
437	6679
472	6680
621	6681
33	6682
32	6683
188	6684
273	6685
973	6686
365	6687
219	6688
336	6689
301	6690
72	6691
306	6692
208	6693
11	6694
63	6695
506	6696
327	6697
104	6698
303	6699
97	6700
392	6701
48	6702
29	6703
29	6704
48	6705
48	6706
237	6707
199	6708
6	6709
6	6710
204	6711
60	6712
194	6713
148	6714
326	6715
20	6716
78	6717
82	6718
136	6719
266	6720
242	6721
29	6722
40	6723
218	6724
498	6725
71	6726
13	6727
27	6728
122	6729
7	6730
73	6731
159	6732
209	6733
18	6734
85	6735
281	6736
79	6737
79	6738
79	6739
79	6740
79	6741
79	6742
70	6743
26	6744
52	6745
185	6746
464	6747
229	6748
50	6749
317	6750
46	6751
772	6752
857	6753
742	6754
782	6755
769	6756
677	6757
5	6758
5	6759
483	6760
100	6761
83	6762
8	6763
170	6764
28	6765
55	6766
55	6767
37	6768
2	6769
855	6770
119	6771
205	6772
856	6773
7	6774
108	6775
14	6776
14	6777
30	6778
214	6779
712	6780
214	6781
547	6782
985	6783
487	6784
668	6785
31	6786
144	6787
23	6788
435	6789
44	6790
211	6791
109	6792
45	6793
38	6794
159	6795
584	6796
500	6797
499	6798
198	6799
510	6800
10	6801
965	6802
122	6803
283	6804
30	6805
447	6806
121	6807
376	6808
11	6809
5	6810
60	6811
74	6812
10	6813
14	6814
10	6815
243	6816
219	6817
10	6818
84	6819
152	6820
104	6821
102	6822
68	6823
49	6824
1	6825
26	6826
4	6827
101	6828
43	6829
2	6830
36	6831
117	6832
98	6833
98	6834
48	6835
597	6836
390	6837
49	6838
49	6839
165	6840
59	6841
151	6842
23	6843
21	6844
64	6845
5	6846
25	6847
15	6848
15	6849
26	6850
63	6851
337	6852
5	6853
88	6854
205	6855
61	6856
15	6857
92	6858
441	6859
115	6860
41	6861
27	6862
1	6863
325	6864
70	6865
168	6866
16	6867
142	6868
417	6869
160	6870
360	6871
56	6872
56	6873
61	6874
17	6875
57	6876
43	6877
16	6878
17	6879
19	6880
563	6881
570	6882
354	6883
151	6884
9	6885
27	6886
145	6887
581	6888
85	6889
33	6890
22	6891
78	6892
115	6893
237	6894
9	6895
11	6896
104	6897
41	6898
99	6899
115	6900
19	6901
18	6902
59	6903
53	6904
194	6905
41	6906
21	6907
109	6908
27	6909
46	6910
135	6911
52	6912
52	6913
55	6914
99	6915
190	6916
27	6917
27	6918
53	6919
82	6920
42	6921
64	6922
21	6923
15	6924
110	6925
286	6926
2	6927
14	6928
94	6929
24	6930
24	6931
92	6932
150	6933
4	6934
24	6935
27	6936
50	6937
29	6938
45	6939
12	6940
77	6941
251	6942
61	6943
120	6944
91	6945
109	6946
45	6947
212	6948
17	6949
115	6950
11	6951
2	6952
56	6953
399	6954
122	6955
11	6956
179	6957
43	6958
20	6959
165	6960
5	6961
43	6962
294	6963
72	6964
61	6965
10	6966
187	6967
28	6968
470	6969
192	6970
514	6971
59	6972
115	6973
518	6974
55	6975
19	6976
359	6977
30	6978
124	6979
30	6980
24	6981
48	6982
18	6983
65	6984
38	6985
5	6986
78	6987
63	6988
49	6989
4	6990
15	6991
38	6992
980	6993
42	6994
91	6995
153	6996
15	6997
92	6998
41	6999
153	7000
41	7001
24	7002
5	7003
78	7004
26	7005
26	7006
6	7007
30	7008
26	7009
231	7010
43	7011
41	7012
35	7013
67	7014
187	7015
6	7016
125	7017
371	7018
37	7019
38	7020
309	7021
20	7022
10	7023
190	7024
44	7025
192	7026
42	7027
36	7028
17	7029
21	7030
5	7031
38	7032
8	7033
96	7034
23	7035
65	7036
65	7037
31	7038
6	7039
27	7040
15	7041
8	7042
27	7043
48	7044
8	7045
23	7046
50	7047
58	7048
73	7049
19	7050
117	7051
9	7052
26	7053
231	7054
37	7055
23	7056
49	7057
43	7058
61	7059
19	7060
61	7061
11	7062
24	7063
8	7064
27	7065
65	7066
28	7067
42	7068
8	7069
59	7070
15	7071
25	7072
162	7073
180	7074
27	7075
11	7076
25	7077
125	7078
38	7079
26	7080
109	7081
55	7082
20	7083
144	7084
21	7085
44	7086
35	7087
429	7088
15	7089
128	7090
236	7091
77	7092
264	7093
35	7094
56	7095
54	7096
101	7097
12	7098
33	7099
22	7100
11	7101
38	7102
109	7103
24	7104
17	7105
37	7106
12	7107
78	7108
142	7109
42	7110
122	7111
67	7112
56	7113
121	7114
337	7115
1	7116
19	7117
115	7118
19	7119
7	7120
16	7121
148	7122
240	7123
188	7124
1	7125
5	7126
251	7127
114	7128
36	7129
22	7130
12	7131
39	7132
73	7133
73	7134
322	7135
120	7136
120	7137
120	7138
912	7139
31	7140
20	7141
25	7142
32	7143
195	7144
281	7145
239	7146
287	7147
107	7148
280	7149
54	7150
309	7151
55	7152
35	7153
22	7154
115	7155
345	7156
34	7157
92	7158
35	7159
138	7160
9	7161
61	7162
360	7163
2	7164
368	7165
9	7166
15	7167
24	7168
54	7169
35	7170
8	7171
2	7172
18	7173
192	7174
36	7175
43	7176
40	7177
23	7178
56	7179
34	7180
119	7181
44	7182
247	7183
12	7184
56	7185
22	7186
91	7187
15	7188
34	7189
58	7190
18	7191
49	7192
70	7193
555	7194
5	7195
153	7196
246	7197
49	7198
37	7199
44	7200
12	7201
29	7202
78	7203
153	7204
101	7205
171	7206
233	7207
25	7208
15	7209
243	7210
150	7211
171	7212
37	7213
25	7214
65	7215
116	7216
1	7217
339	7218
575	7219
33	7220
160	7221
312	7222
64	7223
241	7224
935	7225
981	7226
76	7227
38	7228
5	7229
1	7230
50	7231
152	7232
41	7233
14	7234
5	7235
41	7236
91	7237
48	7238
379	7239
49	7240
365	7241
117	7242
188	7243
68	7244
22	7245
211	7246
428	7247
27	7248
38	7249
39	7250
19	7251
83	7252
8	7253
348	7254
151	7255
589	7256
191	7257
108	7258
34	7259
114	7260
30	7261
38	7262
273	7263
10	7264
122	7265
20	7266
121	7267
20	7268
107	7269
175	7270
101	7271
363	7272
77	7273
70	7274
39	7275
67	7276
493	7277
31	7278
7	7279
171	7280
6	7281
49	7282
36	7283
142	7284
77	7285
142	7286
79	7287
49	7288
208	7289
4	7290
30	7291
542	7292
226	7293
15	7294
151	7295
634	7296
164	7297
4	7298
18	7299
43	7300
29	7301
192	7302
65	7303
25	7304
34	7305
640	7306
33	7307
56	7308
17	7309
77	7310
24	7311
232	7312
654	7313
23	7314
4	7315
27	7316
2	7317
44	7318
37	7319
54	7320
25	7321
9	7322
9	7323
120	7324
39	7325
360	7326
6	7327
130	7328
192	7329
187	7330
42	7331
165	7332
42	7333
63	7334
165	7335
29	7336
78	7337
20	7338
11	7339
78	7340
48	7341
49	7342
820	7343
99	7344
134	7345
156	7346
107	7347
495	7348
289	7349
160	7350
58	7351
15	7352
15	7353
15	7354
64	7355
6	7356
21	7357
26	7358
26	7359
634	7360
717	7361
518	7362
274	7363
428	7364
490	7365
74	7366
94	7367
259	7368
29	7369
7	7370
106	7371
202	7372
77	7373
19	7374
19	7375
77	7376
24	7377
33	7378
11	7379
160	7380
120	7381
109	7382
2	7383
27	7384
42	7385
25	7386
15	7387
82	7388
149	7389
387	7390
2	7391
39	7392
20	7393
21	7394
9	7395
64	7396
19	7397
82	7398
23	7399
441	7400
10	7401
73	7402
44	7403
11	7404
258	7405
97	7406
14	7407
22	7408
22	7409
20	7410
347	7411
92	7412
22	7413
2	7414
156	7415
77	7416
503	7417
36	7418
305	7419
120	7420
120	7421
47	7422
560	7423
612	7424
624	7425
462	7426
456	7427
260	7428
84	7429
366	7430
245	7431
306	7432
120	7433
236	7434
120	7435
120	7436
272	7437
272	7438
338	7439
588	7440
163	7441
350	7442
453	7443
224	7444
51	7445
250	7446
47	7447
16	7448
260	7449
16	7450
228	7451
293	7452
308	7453
313	7454
80	7455
114	7456
47	7457
242	7458
253	7459
48	7460
48	7461
16	7462
81	7463
98	7464
54	7465
40	7466
9	7467
239	7468
63	7469
98	7470
12	7471
27	7472
20	7473
190	7474
80	7475
117	7476
200	7477
318	7478
160	7479
280	7480
336	7481
646	7482
136	7483
198	7484
70	7485
46	7486
59	7487
5	7488
3	7489
543	7490
84	7491
60	7492
272	7493
1	7494
136	7495
12	7496
108	7497
451	7498
257	7499
305	7500
136	7501
988	7502
45	7503
116	7504
116	7505
116	7506
116	7507
38	7508
89	7509
107	7510
38	7511
38	7512
38	7513
38	7514
13	7515
117	7516
34	7517
107	7518
17	7519
217	7520
71	7521
172	7522
110	7523
58	7524
1	7525
50	7526
190	7527
5	7528
34	7529
62	7530
3	7531
42	7532
232	7533
21	7534
203	7535
154	7536
58	7537
7	7538
66	7539
333	7540
129	7541
107	7542
422	7543
5	7544
124	7545
3	7546
45	7547
9	7548
92	7549
24	7550
23	7551
7	7552
49	7553
63	7554
754	7555
530	7556
530	7557
858	7558
209	7559
141	7560
228	7561
228	7562
137	7563
169	7564
362	7565
69	7566
82	7567
35	7568
326	7569
6	7570
40	7571
175	7572
26	7573
28	7574
304	7575
54	7576
149	7577
28	7578
137	7579
41	7580
31	7581
61	7582
103	7583
11	7584
90	7585
72	7586
23	7587
235	7588
87	7589
108	7590
48	7591
124	7592
4	7593
57	7594
57	7595
2	7596
793	7597
723	7598
806	7599
49	7600
700	7601
41	7602
170	7603
238	7604
75	7605
36	7606
12	7607
32	7608
329	7609
235	7610
22	7611
233	7612
105	7613
16	7614
55	7615
2	7616
2	7617
53	7618
43	7619
87	7620
154	7621
58	7622
27	7623
398	7624
398	7625
123	7626
249	7627
135	7628
52	7629
156	7630
23	7631
50	7632
282	7633
98	7634
60	7635
19	7636
66	7637
308	7638
3	7639
333	7640
119	7641
73	7642
193	7643
43	7644
247	7645
99	7646
28	7647
698	7648
129	7649
196	7650
78	7651
3	7652
76	7653
30	7654
75	7655
88	7656
282	7657
284	7658
294	7659
54	7660
15	7661
212	7662
70	7663
35	7664
38	7665
5	7666
9	7667
221	7668
13	7669
39	7670
107	7671
33	7672
169	7673
283	7674
41	7675
76	7676
64	7677
361	7678
307	7679
46	7680
233	7681
158	7682
7	7683
255	7684
188	7685
3	7686
45	7687
101	7688
91	7689
294	7690
192	7691
192	7692
65	7693
47	7694
46	7695
165	7696
137	7697
281	7698
256	7699
137	7700
73	7701
169	7702
281	7703
230	7704
55	7705
94	7706
207	7707
207	7708
13	7709
170	7710
121	7711
257	7712
150	7713
5	7714
18	7715
41	7716
2	7717
230	7718
11	7719
72	7720
5	7721
75	7722
3	7723
40	7724
70	7725
72	7726
55	7727
13	7728
46	7729
50	7730
2	7731
9	7732
9	7733
13	7734
46	7735
194	7736
14	7737
23	7738
23	7739
144	7740
3	7741
17	7742
76	7743
40	7744
3	7745
12	7746
3	7747
19	7748
37	7749
170	7750
3	7751
99	7752
27	7753
171	7754
31	7755
368	7756
35	7757
169	7758
295	7759
12	7760
47	7761
50	7762
188	7763
66	7764
40	7765
294	7766
705	7767
40	7768
583	7769
317	7770
139	7771
117	7772
421	7773
204	7774
204	7775
89	7776
23	7777
266	7778
154	7779
114	7780
37	7781
31	7782
9	7783
72	7784
46	7785
433	7786
9	7787
9	7788
35	7789
149	7790
3	7791
70	7792
17	7793
17	7794
192	7795
308	7796
45	7797
284	7798
223	7799
344	7800
55	7801
255	7802
133	7803
289	7804
47	7805
8	7806
60	7807
3	7808
3	7809
3	7810
96	7811
947	7812
362	7813
158	7814
256	7815
3	7816
46	7817
179	7818
451	7819
15	7820
153	7821
510	7822
306	7823
373	7824
75	7825
196	7826
17	7827
889	7828
226	7829
163	7830
226	7831
12	7832
37	7833
27	7834
31	7835
179	7836
161	7837
175	7838
9	7839
99	7840
63	7841
125	7842
193	7843
78	7844
22	7845
70	7846
6	7847
74	7848
162	7849
374	7850
327	7851
143	7852
34	7853
82	7854
372	7855
152	7856
1	7857
310	7858
90	7859
149	7860
679	7861
21	7862
84	7863
38	7864
170	7865
63	7866
18	7867
258	7868
63	7869
9	7870
63	7871
7	7872
6	7873
681	7874
487	7875
19	7876
127	7877
77	7878
235	7879
92	7880
145	7881
50	7882
241	7883
78	7884
110	7885
39	7886
511	7887
7	7888
169	7889
109	7890
38	7891
43	7892
23	7893
241	7894
11	7895
29	7896
45	7897
221	7898
88	7899
134	7900
336	7901
57	7902
300	7903
305	7904
18	7905
18	7906
18	7907
18	7908
18	7909
18	7910
258	7911
78	7912
4	7913
4	7914
9	7915
146	7916
109	7917
61	7918
4	7919
95	7920
61	7921
67	7922
109	7923
54	7924
77	7925
67	7926
221	7927
183	7928
7	7929
147	7930
41	7931
81	7932
65	7933
2	7934
68	7935
354	7936
542	7937
67	7938
23	7939
170	7940
23	7941
54	7942
4	7943
116	7944
129	7945
143	7946
270	7947
124	7948
185	7949
192	7950
30	7951
12	7952
25	7953
25	7954
388	7955
153	7956
87	7957
62	7958
492	7959
182	7960
248	7961
3	7962
235	7963
282	7964
3	7965
16	7966
141	7967
185	7968
218	7969
17	7970
162	7971
75	7972
27	7973
262	7974
27	7975
128	7976
91	7977
90	7978
183	7979
245	7980
35	7981
395	7982
436	7983
171	7984
30	7985
40	7986
180	7987
35	7988
24	7989
12	7990
19	7991
54	7992
116	7993
541	7994
262	7995
176	7996
176	7997
144	7998
14	7999
30	8000
70	8001
104	8002
22	8003
5	8004
20	8005
17	8006
44	8007
108	8008
94	8009
3	8010
119	8011
231	8012
33	8013
137	8014
190	8015
7	8016
21	8017
9	8018
91	8019
4	8020
88	8021
96	8022
90	8023
116	8024
378	8025
200	8026
183	8027
67	8028
26	8029
170	8030
19	8031
107	8032
221	8033
68	8034
309	8035
105	8036
116	8037
96	8038
140	8039
41	8040
5	8041
230	8042
43	8043
12	8044
3	8045
17	8046
437	8047
452	8048
7	8049
103	8050
103	8051
122	8052
233	8053
204	8054
204	8055
127	8056
233	8057
103	8058
359	8059
72	8060
11	8061
24	8062
23	8063
65	8064
654	8065
707	8066
506	8067
78	8068
151	8069
10	8070
31	8071
139	8072
43	8073
203	8074
84	8075
396	8076
7	8077
23	8078
17	8079
7	8080
39	8081
7	8082
31	8083
26	8084
60	8085
60	8086
188	8087
165	8088
361	8089
67	8090
103	8091
1	8092
39	8093
29	8094
40	8095
57	8096
48	8097
168	8098
174	8099
109	8100
48	8101
97	8102
79	8103
4	8104
3	8105
3	8106
35	8107
58	8108
110	8109
66	8110
565	8111
8	8112
127	8113
84	8114
84	8115
103	8116
55	8117
53	8118
103	8119
114	8120
84	8121
114	8122
182	8123
182	8124
140	8125
139	8126
233	8127
204	8128
155	8129
204	8130
155	8131
155	8132
140	8133
84	8134
103	8135
139	8136
139	8137
182	8138
84	8139
124	8140
210	8141
24	8142
14	8143
60	8144
386	8145
688	8146
27	8147
26	8148
40	8149
32	8150
19	8151
7	8152
8	8153
18	8154
65	8155
139	8156
19	8157
139	8158
125	8159
18	8160
19	8161
7	8162
139	8163
65	8164
117	8165
191	8166
541	8167
49	8168
179	8169
43	8170
25	8171
24	8172
177	8173
100	8174
21	8175
12	8176
60	8177
49	8178
49	8179
85	8180
91	8181
56	8182
230	8183
41	8184
84	8185
84	8186
84	8187
318	8188
123	8189
59	8190
2	8191
31	8192
21	8193
44	8194
82	8195
43	8196
58	8197
7	8198
8	8199
54	8200
43	8201
67	8202
58	8203
67	8204
58	8205
43	8206
40	8207
17	8208
19	8209
164	8210
32	8211
32	8212
268	8213
11	8214
7	8215
415	8216
448	8217
467	8218
29	8219
254	8220
90	8221
17	8222
12	8223
17	8224
33	8225
500	8226
87	8227
421	8228
67	8229
333	8230
369	8231
6	8232
420	8233
433	8234
369	8235
34	8236
34	8237
238	8238
557	8239
53	8240
34	8241
448	8242
25	8243
496	8244
3	8245
24	8246
53	8247
32	8248
40	8249
2	8250
23	8251
101	8252
4	8253
65	8254
4	8255
235	8256
27	8257
17	8258
59	8259
19	8260
36	8261
19	8262
23	8263
341	8264
67	8265
43	8266
81	8267
4	8268
29	8269
23	8270
280	8271
197	8272
520	8273
314	8274
57	8275
29	8276
81	8277
278	8278
49	8279
49	8280
4	8281
237	8282
28	8283
62	8284
31	8285
218	8286
31	8287
120	8288
132	8289
204	8290
55	8291
23	8292
31	8293
24	8294
24	8295
24	8296
24	8297
9	8298
24	8299
24	8300
24	8301
2	8302
31	8303
31	8304
85	8305
92	8306
12	8307
160	8308
149	8309
139	8310
139	8311
38	8312
27	8313
30	8314
79	8315
115	8316
101	8317
45	8318
2	8319
257	8320
202	8321
227	8322
83	8323
659	8324
5	8325
189	8326
5	8327
41	8328
5	8329
34	8330
116	8331
84	8332
203	8333
117	8334
50	8335
124	8336
82	8337
25	8338
436	8339
61	8340
82	8341
64	8342
6	8343
173	8344
425	8345
148	8346
446	8347
390	8348
304	8349
499	8350
298	8351
298	8352
218	8353
447	8354
970	8355
278	8356
375	8357
297	8358
336	8359
254	8360
452	8361
202	8362
859	8363
873	8364
406	8365
51	8366
665	8367
45	8368
860	8369
803	8370
18	8371
90	8372
90	8373
51	8374
794	8375
622	8376
131	8377
299	8378
56	8379
186	8380
154	8381
747	8382
332	8383
174	8384
828	8385
388	8386
388	8387
3	8388
623	8389
821	8390
623	8391
813	8392
897	8393
743	8394
637	8395
129	8396
34	8397
307	8398
732	8399
462	8400
193	8401
377	8402
43	8403
43	8404
85	8405
34	8406
87	8407
69	8408
69	8409
69	8410
69	8411
69	8412
69	8413
357	8414
69	8415
357	8416
146	8417
186	8418
296	8419
911	8420
905	8421
861	8422
40	8423
87	8424
87	8425
15	8426
453	8427
744	8428
35	8429
14	8430
249	8431
917	8432
159	8433
313	8434
608	8435
874	8436
11	8437
795	8438
875	8439
812	8440
836	8441
796	8442
3	8443
498	8444
807	8445
188	8446
105	8447
1	8448
188	8449
1	8450
363	8451
3	8452
784	8453
876	8454
321	8455
13	8456
383	8457
1	8458
1	8459
284	8460
48	8461
104	8462
76	8463
59	8464
59	8465
202	8466
133	8467
322	8468
290	8469
290	8470
290	8471
290	8472
290	8473
290	8474
78	8475
20	8476
133	8477
133	8478
12	8479
284	8480
249	8481
190	8482
776	8483
919	8484
205	8485
33	8486
124	8487
194	8488
84	8489
57	8490
41	8491
174	8492
468	8493
30	8494
32	8495
462	8496
624	8497
808	8498
837	8499
612	8500
809	8501
313	8502
405	8503
526	8504
526	8505
43	8506
230	8507
291	8508
291	8509
291	8510
465	8511
159	8512
719	8513
822	8514
829	8515
22	8516
55	8517
2	8518
65	8519
55	8520
55	8521
55	8522
65	8523
18	8524
55	8525
131	8526
50	8527
15	8528
57	8529
33	8530
58	8531
29	8532
59	8533
59	8534
40	8535
2	8536
125	8537
2	8538
2	8539
30	8540
2	8541
22	8542
7	8543
4	8544
231	8545
308	8546
885	8547
609	8548
596	8549
797	8550
830	8551
804	8552
132	8553
124	8554
59	8555
101	8556
7	8557
410	8558
477	8559
20	8560
92	8561
49	8562
63	8563
5	8564
11	8565
20	8566
273	8567
49	8568
49	8569
165	8570
18	8571
46	8572
157	8573
71	8574
46	8575
295	8576
46	8577
181	8578
46	8579
222	8580
25	8581
27	8582
700	8583
108	8584
46	8585
46	8586
72	8587
72	8588
46	8589
208	8590
11	8591
171	8592
63	8593
33	8594
20	8595
63	8596
25	8597
5	8598
171	8599
49	8600
78	8601
41	8602
6	8603
172	8604
21	8605
266	8606
21	8607
745	8608
495	8609
60	8610
144	8611
117	8612
96	8613
96	8614
96	8615
96	8616
96	8617
66	8618
191	8619
191	8620
886	8621
85	8622
193	8623
193	8624
85	8625
56	8626
56	8627
56	8628
186	8629
153	8630
153	8631
76	8632
76	8633
815	8634
146	8635
153	8636
109	8637
22	8638
37	8639
33	8640
176	8641
13	8642
27	8643
32	8644
25	8645
225	8646
285	8647
227	8648
49	8649
39	8650
23	8651
117	8652
117	8653
117	8654
172	8655
21	8656
33	8657
149	8658
11	8659
35	8660
13	8661
286	8662
140	8663
114	8664
114	8665
114	8666
182	8667
149	8668
140	8669
126	8670
119	8671
134	8672
25	8673
877	8674
616	8675
810	8676
831	8677
407	8678
14	8679
89	8680
259	8681
44	8682
37	8683
11	8684
57	8685
14	8686
14	8687
14	8688
285	8689
285	8690
288	8691
14	8692
294	8693
161	8694
74	8695
74	8696
74	8697
349	8698
739	8699
733	8700
706	8701
404	8702
348	8703
193	8704
193	8705
306	8706
348	8707
625	8708
12	8709
11	8710
188	8711
44	8712
863	8713
205	8714
205	8715
205	8716
13	8717
51	8718
51	8719
51	8720
51	8721
523	8722
838	8723
461	8724
899	8725
423	8726
9	8727
63	8728
20	8729
20	8730
9	8731
63	8732
25	8733
193	8734
146	8735
245	8736
59	8737
11	8738
6	8739
5	8740
15	8741
6	8742
5	8743
11	8744
5	8745
5	8746
48	8747
15	8748
5	8749
6	8750
42	8751
27	8752
22	8753
552	8754
35	8755
216	8756
23	8757
257	8758
350	8759
36	8760
311	8761
98	8762
81	8763
359	8764
19	8765
50	8766
50	8767
50	8768
152	8769
898	8770
123	8771
115	8772
48	8773
417	8774
662	8775
101	8776
65	8777
327	8778
206	8779
275	8780
216	8781
4	8782
8	8783
64	8784
422	8785
114	8786
8	8787
174	8788
82	8789
31	8790
52	8791
135	8792
161	8793
258	8794
47	8795
115	8796
91	8797
207	8798
2	8799
88	8800
53	8801
71	8802
79	8803
73	8804
222	8805
172	8806
66	8807
30	8808
48	8809
76	8810
28	8811
444	8812
34	8813
17	8814
59	8815
143	8816
204	8817
110	8818
312	8819
181	8820
66	8821
49	8822
53	8823
127	8824
181	8825
4	8826
74	8827
203	8828
4	8829
12	8830
199	8831
1	8832
110	8833
51	8834
107	8835
166	8836
141	8837
61	8838
30	8839
186	8840
617	8841
94	8842
132	8843
15	8844
594	8845
34	8846
34	8847
256	8848
740	8849
525	8850
525	8851
358	8852
547	8853
891	8854
293	8855
14	8856
99	8857
99	8858
382	8859
382	8860
275	8861
236	8862
32	8863
32	8864
7	8865
105	8866
865	8867
349	8868
349	8869
939	8870
22	8871
64	8872
64	8873
41	8874
59	8875
59	8876
29	8877
59	8878
365	8879
32	8880
184	8881
192	8882
47	8883
225	8884
39	8885
40	8886
82	8887
64	8888
130	8889
359	8890
198	8891
798	8892
267	8893
435	8894
286	8895
97	8896
389	8897
71	8898
89	8899
35	8900
59	8901
53	8902
145	8903
168	8904
593	8905
112	8906
130	8907
183	8908
91	8909
18	8910
196	8911
646	8912
197	8913
32	8914
264	8915
226	8916
81	8917
81	8918
51	8919
74	8920
271	8921
129	8922
141	8923
21	8924
21	8925
41	8926
48	8927
347	8928
154	8929
132	8930
101	8931
122	8932
23	8933
10	8934
26	8935
292	8936
292	8937
524	8938
8	8939
256	8940
2	8941
40	8942
442	8943
464	8944
229	8945
4	8946
119	8947
57	8948
49	8949
4	8950
123	8951
2	8952
167	8953
248	8954
92	8955
11	8956
240	8957
432	8958
71	8959
1	8960
75	8961
250	8962
212	8963
66	8964
312	8965
248	8966
155	8967
26	8968
64	8969
110	8970
27	8971
62	8972
167	8973
335	8974
299	8975
3	8976
20	8977
42	8978
164	8979
30	8980
962	8981
292	8982
16	8983
83	8984
36	8985
338	8986
910	8987
18	8988
785	8989
864	8990
735	8991
134	8992
773	8993
920	8994
748	8995
203	8996
30	8997
134	8998
134	8999
134	9000
134	9001
99	9002
99	9003
99	9004
805	9005
30	9006
799	9007
724	9008
77	9009
44	9010
174	9011
736	9012
237	9013
17	9014
297	9015
447	9016
90	9017
90	9018
93	9019
816	9020
592	9021
1	9022
491	9023
199	9024
289	9025
261	9026
219	9027
215	9028
728	9029
297	9030
232	9031
12	9032
16	9033
3	9034
26	9035
98	9036
366	9037
162	9038
86	9039
210	9040
157	9041
228	9042
5	9043
370	9044
85	9045
24	9046
24	9047
24	9048
45	9049
288	9050
58	9051
58	9052
224	9053
451	9054
707	9055
177	9056
202	9057
170	9058
202	9059
8	9060
77	9061
160	9062
632	9063
52	9064
439	9065
4	9066
36	9067
307	9068
45	9069
867	9070
6	9071
884	9072
360	9073
41	9074
3	9075
17	9076
21	9077
15	9078
15	9079
15	9080
160	9081
82	9082
635	9083
569	9084
585	9085
56	9086
148	9087
257	9088
257	9089
399	9090
79	9091
119	9092
105	9093
313	9094
85	9095
412	9096
412	9097
412	9098
3	9099
133	9100
638	9101
225	9102
111	9103
315	9104
76	9105
128	9106
192	9107
40	9108
334	9109
429	9110
89	9111
300	9112
157	9113
398	9114
340	9115
97	9116
330	9117
254	9118
324	9119
324	9120
217	9121
20	9122
127	9123
75	9124
517	9125
382	9126
115	9127
15	9128
20	9129
564	9130
516	9131
330	9132
581	9133
303	9134
330	9135
330	9136
148	9137
97	9138
704	9139
125	9140
297	9141
186	9142
687	9143
73	9144
270	9145
70	9146
480	9147
77	9148
191	9149
242	9150
304	9151
444	9152
272	9153
430	9154
254	9155
13	9156
178	9157
222	9158
79	9159
114	9160
10	9161
24	9162
14	9163
2	9164
200	9165
8	9166
508	9167
382	9168
219	9169
273	9170
140	9171
148	9172
676	9173
199	9174
507	9175
239	9176
126	9177
159	9178
405	9179
109	9180
128	9181
206	9182
245	9183
13	9184
355	9185
330	9186
268	9187
192	9188
420	9189
86	9190
145	9191
50	9192
199	9193
566	9194
149	9195
80	9196
8	9197
120	9198
7	9199
533	9200
265	9201
113	9202
708	9203
111	9204
80	9205
75	9206
346	9207
595	9208
412	9209
3	9210
73	9211
151	9212
304	9213
40	9214
80	9215
7	9216
594	9217
16	9218
19	9219
20	9220
69	9221
491	9222
99	9223
23	9224
205	9225
80	9226
346	9227
91	9228
435	9229
262	9230
106	9231
51	9232
132	9233
74	9234
13	9235
156	9236
206	9237
156	9238
7	9239
214	9240
151	9241
984	9242
84	9243
103	9244
489	9245
104	9246
220	9247
133	9248
502	9249
182	9250
151	9251
80	9252
169	9253
80	9254
302	9255
38	9256
2	9257
431	9258
1	9259
99	9260
207	9261
67	9262
183	9263
9	9264
75	9265
209	9266
16	9267
579	9268
6	9269
128	9270
89	9271
86	9272
216	9273
571	9274
437	9275
207	9276
23	9277
216	9278
353	9279
206	9280
130	9281
76	9282
220	9283
7	9284
31	9285
44	9286
30	9287
9	9288
174	9289
151	9290
22	9291
17	9292
4	9293
695	9294
203	9295
135	9296
30	9297
52	9298
9	9299
7	9300
9	9301
20	9302
498	9303
438	9304
145	9305
2	9306
320	9307
37	9308
557	9309
40	9310
234	9311
611	9312
22	9313
178	9314
406	9315
403	9316
166	9317
417	9318
98	9319
81	9320
536	9321
412	9322
178	9323
266	9324
249	9325
156	9326
206	9327
97	9328
119	9329
70	9330
166	9331
75	9332
317	9333
227	9334
433	9335
51	9336
292	9337
529	9338
111	9339
28	9340
61	9341
16	9342
228	9343
69	9344
551	9345
438	9346
123	9347
393	9348
369	9349
174	9350
66	9351
206	9352
205	9353
239	9354
197	9355
71	9356
338	9357
67	9358
314	9359
197	9360
52	9361
32	9362
345	9363
271	9364
136	9365
136	9366
226	9367
51	9368
421	9369
10	9370
141	9371
16	9372
279	9373
554	9374
7	9375
103	9376
652	9377
323	9378
259	9379
382	9380
39	9381
204	9382
439	9383
453	9384
53	9385
39	9386
572	9387
81	9388
229	9389
16	9390
16	9391
16	9392
357	9393
185	9394
185	9395
185	9396
123	9397
254	9398
444	9399
19	9400
242	9401
242	9402
683	9403
133	9404
6	9405
177	9406
349	9407
175	9408
166	9409
89	9410
90	9411
14	9412
107	9413
937	9414
126	9415
533	9416
142	9417
291	9418
219	9419
39	9420
129	9421
574	9422
219	9423
128	9424
28	9425
86	9426
42	9427
19	9428
27	9429
159	9430
547	9431
38	9432
106	9433
62	9434
75	9435
41	9436
9	9437
133	9438
88	9439
85	9440
338	9441
198	9442
300	9443
239	9444
177	9445
254	9446
277	9447
387	9448
469	9449
219	9450
123	9451
478	9452
106	9453
156	9454
118	9455
169	9456
36	9457
52	9458
135	9459
23	9460
385	9461
3	9462
16	9463
134	9464
66	9465
505	9466
91	9467
7	9468
39	9469
2	9470
62	9471
73	9472
77	9473
685	9474
493	9475
1	9476
451	9477
167	9478
94	9479
167	9480
69	9481
233	9482
304	9483
32	9484
304	9485
13	9486
132	9487
253	9488
968	9489
69	9490
964	9491
135	9492
16	9493
52	9494
16	9495
32	9496
159	9497
118	9498
934	9499
432	9500
141	9501
269	9502
288	9503
599	9504
45	9505
13	9506
363	9507
2	9508
184	9509
141	9510
96	9511
111	9512
24	9513
50	9514
57	9515
55	9516
156	9517
80	9518
246	9519
185	9520
9	9521
9	9522
64	9523
19	9524
21	9525
38	9526
4	9527
75	9528
76	9529
118	9530
97	9531
76	9532
130	9533
107	9534
8	9535
58	9536
58	9537
94	9538
94	9539
32	9540
95	9541
11	9542
496	9543
13	9544
88	9545
272	9546
24	9547
117	9548
66	9549
489	9550
105	9551
227	9552
43	9553
227	9554
489	9555
155	9556
195	9557
38	9558
54	9559
61	9560
224	9561
207	9562
44	9563
320	9564
77	9565
77	9566
39	9567
111	9568
249	9569
129	9570
178	9571
397	9572
55	9573
337	9574
6	9575
553	9576
28	9577
24	9578
17	9579
241	9580
270	9581
31	9582
41	9583
42	9584
157	9585
566	9586
16	9587
252	9588
52	9589
135	9590
397	9591
58	9592
58	9593
945	9594
121	9595
52	9596
135	9597
17	9598
329	9599
140	9600
140	9601
66	9602
388	9603
14	9604
76	9605
315	9606
116	9607
17	9608
8	9609
80	9610
555	9611
27	9612
23	9613
75	9614
209	9615
11	9616
143	9617
1	9618
21	9619
63	9620
82	9621
22	9622
48	9623
11	9624
6	9625
20	9626
3	9627
37	9628
160	9629
56	9630
4	9631
138	9632
151	9633
226	9634
145	9635
94	9636
94	9637
620	9638
680	9639
51	9640
314	9641
156	9642
156	9643
16	9644
94	9645
123	9646
46	9647
183	9648
118	9649
123	9650
123	9651
226	9652
16	9653
66	9654
69	9655
145	9656
948	9657
301	9658
77	9659
216	9660
234	9661
413	9662
465	9663
291	9664
683	9665
128	9666
133	9667
535	9668
178	9669
522	9670
65	9671
237	9672
203	9673
50	9674
203	9675
513	9676
320	9677
196	9678
203	9679
128	9680
392	9681
185	9682
554	9683
133	9684
163	9685
658	9686
133	9687
239	9688
37	9689
36	9690
2	9691
181	9692
2	9693
94	9694
62	9695
26	9696
9	9697
223	9698
58	9699
80	9700
514	9701
131	9702
60	9703
2	9704
187	9705
93	9706
186	9707
45	9708
2	9709
52	9710
16	9711
52	9712
90	9713
244	9714
657	9715
331	9716
75	9717
221	9718
57	9719
387	9720
141	9721
178	9722
408	9723
339	9724
252	9725
89	9726
15	9727
111	9728
167	9729
310	9730
147	9731
250	9732
92	9733
80	9734
71	9735
142	9736
92	9737
230	9738
80	9739
95	9740
69	9741
47	9742
105	9743
411	9744
195	9745
195	9746
141	9747
221	9748
80	9749
93	9750
116	9751
291	9752
465	9753
154	9754
234	9755
51	9756
205	9757
34	9758
560	9759
73	9760
587	9761
141	9762
89	9763
74	9764
49	9765
95	9766
227	9767
227	9768
227	9769
170	9770
67	9771
110	9772
123	9773
119	9774
318	9775
318	9776
2	9777
175	9778
175	9779
116	9780
102	9781
2	9782
43	9783
50	9784
640	9785
921	9786
364	9787
364	9788
364	9789
46	9790
188	9791
133	9792
66	9793
224	9794
36	9795
117	9796
87	9797
142	9798
189	9799
403	9800
62	9801
108	9802
155	9803
72	9804
517	9805
709	9806
287	9807
115	9808
172	9809
60	9810
710	9811
143	9812
404	9813
645	9814
72	9815
30	9816
3	9817
46	9818
189	9819
8	9820
192	9821
75	9822
180	9823
75	9824
62	9825
8	9826
18	9827
44	9828
8	9829
150	9830
373	9831
4	9832
34	9833
408	9834
408	9835
514	9836
207	9837
6	9838
22	9839
22	9840
8	9841
166	9842
166	9843
166	9844
166	9845
166	9846
648	9847
208	9848
969	9849
519	9850
519	9851
128	9852
350	9853
350	9854
16	9855
16	9856
16	9857
16	9858
16	9859
205	9860
6	9861
431	9862
476	9863
394	9864
340	9865
664	9866
337	9867
394	9868
217	9869
340	9870
383	9871
254	9872
515	9873
93	9874
516	9875
132	9876
167	9877
401	9878
39	9879
39	9880
93	9881
130	9882
130	9883
183	9884
130	9885
93	9886
76	9887
598	9888
93	9889
145	9890
157	9891
246	9892
57	9893
32	9894
706	9895
36	9896
246	9897
80	9898
39	9899
132	9900
402	9901
104	9902
184	9903
104	9904
193	9905
184	9906
31	9907
39	9908
177	9909
91	9910
133	9911
93	9912
94	9913
110	9914
104	9915
85	9916
184	9917
10	9918
1	9919
253	9920
374	9921
230	9922
330	9923
338	9924
469	9925
29	9926
207	9927
200	9928
507	9929
114	9930
509	9931
106	9932
341	9933
2	9934
189	9935
162	9936
13	9937
182	9938
47	9939
60	9940
137	9941
1	9942
76	9943
434	9944
368	9945
267	9946
508	9947
169	9948
14	9949
100	9950
17	9951
14	9952
14	9953
13	9954
944	9955
14	9956
79	9957
136	9958
121	9959
68	9960
14	9961
185	9962
258	9963
106	9964
483	9965
3	9966
308	9967
3	9968
189	9969
60	9970
14	9971
104	9972
68	9973
97	9974
14	9975
239	9976
320	9977
439	9978
14	9979
244	9980
3	9981
3	9982
3	9983
3	9984
3	9985
223	9986
703	9987
100	9988
3	9989
3	9990
193	9991
3	9992
140	9993
60	9994
3	9995
223	9996
60	9997
223	9998
175	9999
145	10000
100	10001
100	10002
102	10003
3	10004
3	10005
143	10006
3	10007
108	10008
117	10009
34	10010
10	10011
68	10012
140	10013
2	10014
176	10015
102	10016
102	10017
194	10018
102	10019
79	10020
79	10021
80	10022
104	10023
173	10024
180	10025
211	10026
211	10027
97	10028
711	10029
173	10030
328	10031
3	10032
3	10033
76	10034
258	10035
539	10036
206	10037
3	10038
181	10039
46	10040
13	10041
3	10042
213	10043
127	10044
201	10045
3	10046
13	10047
100	10048
592	10049
158	10050
14	10051
220	10052
14	10053
3	10054
3	10055
308	10056
3	10057
166	10058
534	10059
219	10060
311	10061
202	10062
199	10063
40	10064
46	10065
500	10066
15	10067
63	10068
201	10069
14	10070
13	10071
577	10072
100	10073
121	10074
121	10075
121	10076
590	10077
101	10078
320	10079
144	10080
3	10081
356	10082
47	10083
3	10084
84	10085
185	10086
105	10087
159	10088
356	10089
52	10090
311	10091
4	10092
202	10093
125	10094
3	10095
37	10096
202	10097
256	10098
3	10099
915	10100
129	10101
187	10102
925	10103
311	10104
63	10105
256	10106
255	10107
77	10108
159	10109
121	10110
121	10111
593	10112
491	10113
8	10114
663	10115
674	10116
377	10117
116	10118
181	10119
288	10120
162	10121
311	10122
4	10123
40	10124
233	10125
19	10126
2	10127
2	10128
36	10129
671	10130
7	10131
5	10132
40	10133
98	10134
58	10135
5	10136
9	10137
33	10138
37	10139
53	10140
56	10141
49	10142
2	10143
7	10144
7	10145
54	10146
19	10147
28	10148
171	10149
8	10150
103	10151
102	10152
29	10153
119	10154
2	10155
150	10156
52	10157
24	10158
175	10159
102	10160
251	10161
48	10162
940	10163
316	10164
311	10165
868	10166
414	10167
187	10168
307	10169
129	10170
672	10171
98	10172
25	10173
