104	757	3	12.55
500	579	4	47.17
105	398	7	29.15
455	127	4	20.26
597	740	3	36.36
9	786	3	9.24
204	106	9	16.02
239	391	4	27.38
245	179	3	10.47
116	508	3	8.79
684	8	4	12.19
112	207	5	7.22
102	153	22	11.53
112	401	5	17.26
207	128	6	15.97
17	108	7	10.37
58	146	7	13.07
989	505	3	34.13
164	188	14	89.61
113	114	14	10.03
214	138	8	35.77
108	391	4	10.26
108	467	3	6.66
418	136	3	9.6
256	207	3	12.73
105	210	10	22.21
829	113	3	15.12
913	110	3	14.42
281	430	3	20.37
155	649	3	16.91
110	446	4	12
163	460	3	15.16
230	159	3	9.49
230	110	7	15.78
150	102	18	8.33
191	111	7	11.58
232	883	3	26.31
139	346	6	30.7
12	233	14	17.06
131	277	3	6.96
448	125	4	16.07
2	335	3	9.8
275	158	3	9.93
219	164	3	7.39
114	331	4	12.14
114	271	5	12.34
104	144	10	6.72
750	756	3	40.86
115	202	6	11.41
330	101	8	7.85
252	394	7	67.14
102	613	4	7.45
110	549	3	8.06
111	149	9	10.04
144	117	8	8.01
12	400	6	7.27
461	156	3	16.13
133	287	3	7.45
271	148	3	8.35
731	153	3	20.95
362	201	3	15.96
398	226	7	64.04
137	641	3	14.54
103	327	5	10.83
105	167	9	9.06
137	188	5	11.6
45	569	3	19.16
122	12	44	16.3
222	495	3	19.62
162	206	4	13.89
396	105	7	29.15
115	659	3	11.08
138	299	3	8.79
39	207	6	31.24
203	115	5	9.73
168	124	5	6.99
179	175	13	83.11
210	119	7	16.63
9	739	3	9.24
172	115	11	27.53
128	717	3	13.52
109	314	4	8.45
109	211	6	9.8
112	483	3	10.79
17	199	3	8.59
158	378	3	12.43
292	130	3	7.33
103	207	7	11.38
105	119	18	8.31
412	527	3	24.58
108	17	7	10.37
129	484	4	20.44
204	275	3	12.99
557	137	3	12.39
138	17	4	8.51
164	502	4	24.25
39	275	3	13.38
151	217	3	6.64
102	114	40	8.13
548	160	3	17.81
12	330	8	9.71
151	626	3	16.51
140	158	7	18.14
110	164	11	19.19
174	111	7	7.78
174	224	3	9.66
229	105	6	9.88
133	345	3	11.02
366	193	3	14.96
351	103	4	7.62
107	185	7	9.51
443	150	3	13.85
299	293	3	16.52
443	250	3	19.1
129	740	3	18.95
108	882	3	14.42
840	150	3	22.02
104	385	5	13.13
101	110	72	13.12
706	113	4	20.21
12	449	6	7.27
16	243	3	13.97
124	165	6	9.19
463	12	6	7.27
193	185	3	8.96
127	154	9	22.62
308	132	3	8.13
313	137	3	8.79
139	123	7	7.54
298	102	9	16.84
159	331	4	22.26
615	600	4	52.17
120	39	6	12.28
128	538	4	19.06
531	201	3	18.74
582	106	3	8.13
982	998	3	40.86
398	252	7	67.14
101	154	25	7.07
101	321	9	8.84
136	260	3	7.2
153	396	7	49.82
114	322	5	16.49
483	787	3	36.36
194	102	12	12.99
150	473	3	13.85
115	182	6	7.71
115	283	4	8.08
110	312	4	7.82
8	479	4	7.67
125	247	3	6.76
231	334	6	46.47
786	8	3	9.13
690	205	3	20.94
102	273	9	11.32
45	120	5	8.96
137	350	4	14.6
494	170	4	25.58
619	102	4	7.45
113	492	4	15.37
134	12	36	14.99
171	368	3	13.65
266	12	10	12.15
210	398	7	61.51
105	264	6	11.09
132	590	3	14.68
157	151	12	50.13
412	182	3	13.93
112	448	3	7.3
445	111	3	7.94
2	978	3	20.03
329	125	3	7.52
396	330	7	77.42
360	104	4	6.71
249	188	3	11.42
232	12	13	10.19
582	8	4	12.19
648	118	3	12.08
394	396	7	83.44
12	471	6	7.27
586	110	3	10.11
131	398	7	43.88
111	216	5	6.69
102	698	4	7.45
154	227	4	12.39
226	119	9	30.64
163	133	5	7.6
8	546	4	7.67
182	157	6	19.22
649	155	3	16.91
131	210	10	42.68
12	217	13	7.17
181	128	5	8.13
128	120	11	11.24
107	482	3	9.67
947	9	3	9.24
119	839	3	15.83
123	184	4	6.65
583	132	3	14.68
119	132	10	11.49
113	497	3	8.72
119	330	7	31.42
113	421	5	17.26
253	126	4	8.81
145	102	24	15.46
151	195	4	10.25
141	557	3	14.73
655	684	4	52.17
8	730	3	9.13
58	57	39	263.87
187	144	4	9.57
175	142	4	8.58
535	201	4	29.2
228	102	13	24.4
440	140	4	19.78
387	687	3	28.05
108	527	5	24.13
171	231	3	9.41
108	375	3	6.66
383	889	3	34.13
346	125	3	7.52
563	9	4	7.81
183	110	7	9.71
162	386	3	12.66
102	122	32	8.25
413	9	5	8.01
151	117	8	9.2
172	164	4	8.89
619	150	3	17.57
105	485	5	20.75
117	209	5	9.73
473	150	3	13.85
104	637	4	16.76
215	152	3	7.23
114	12	60	28.38
269	413	4	28.23
331	201	3	15.96
240	168	3	8.91
149	157	9	31.09
330	226	7	58.02
154	128	8	15.79
192	634	4	33.1
12	339	7	8.49
12	133	32	7.44
268	129	3	6.74
124	414	3	8.76
710	2	3	15.6
767	765	3	40.86
233	408	3	16.84
177	216	3	8.78
369	127	3	8.66
227	802	3	26.31
127	299	3	7.2
178	207	4	14.14
475	57	3	10.62
105	688	3	8.18
398	101	7	6.86
599	110	3	10.11
160	141	5	11.57
715	331	4	42.61
281	192	3	12.63
226	210	7	42.23
12	211	14	11.27
298	531	3	22.69
131	119	9	7.48
104	207	10	22.66
104	151	12	13.56
731	394	3	31.3
166	108	7	8.02
188	502	3	17.97
599	111	3	9.98
118	176	6	9.92
107	200	8	15.86
934	129	3	18.95
16	114	16	10.42
405	112	3	7.3
150	250	5	21.12
193	304	3	14.12
226	398	7	64.04
144	292	3	8.62
252	153	7	33.78
196	149	3	7.67
292	144	3	8.62
116	101	61	7.64
141	137	6	10.2
141	186	4	10.29
109	330	8	37.8
126	388	3	8.24
155	109	9	9.95
440	124	3	9.9
148	332	4	16.94
171	149	7	22.85
239	110	5	9.11
108	357	4	8.91
214	111	5	6.69
146	101	29	11.88
113	137	13	18.23
108	110	16	6.81
119	105	18	8.31
802	227	3	26.31
802	114	3	15.92
142	245	3	7.98
335	2	3	9.8
179	282	7	44.58
164	366	3	11.46
712	115	3	11.08
125	329	3	7.52
406	128	3	8.76
667	413	3	26.81
102	214	11	7.16
314	109	4	8.45
113	424	4	12.89
146	469	3	14.14
134	284	3	7.33
321	101	9	8.84
105	399	4	7.81
137	366	3	8.79
137	180	4	6.67
332	126	3	7.32
120	743	3	15.92
171	104	12	21.84
932	171	3	23.05
733	119	3	15.83
130	2	10	23.61
102	470	6	11.2
102	394	7	13.07
102	514	5	9.32
463	112	3	7.3
8	12	139	8.3
8	300	7	10.63
101	337	7	6.86
686	539	4	47.17
641	137	3	14.54
107	157	10	14.16
366	164	3	11.46
675	311	3	25.78
238	108	5	8.28
194	115	5	8.96
531	387	3	25.82
104	309	5	9.65
600	615	4	52.17
331	114	4	12.14
110	193	7	13.61
330	252	7	61.13
12	166	21	12.27
12	9	138	9.53
16	508	5	23.38
12	216	13	7.17
212	380	3	15.96
178	489	3	16.98
247	125	3	6.76
410	101	7	6.86
398	394	7	83.44
114	257	5	12.34
119	635	3	11.48
128	119	16	27.53
309	12	9	10.93
400	112	3	7.3
840	8	3	9.13
170	379	3	13.38
688	388	3	26.81
143	176	4	8.36
101	256	11	10.82
144	261	3	8.01
252	226	7	47.81
689	102	4	7.45
169	108	7	7.53
127	212	5	12.61
285	156	3	12.4
549	125	3	11.06
254	105	6	11.09
171	117	8	14.12
346	139	6	30.7
104	997	3	12.55
105	330	8	33.37
936	118	3	16.45
157	209	3	8.25
293	143	3	8.96
117	8	27	7.15
167	183	5	15.56
204	39	4	15.94
259	137	4	11.52
129	597	4	25.36
114	725	3	15.92
183	457	3	15.42
712	151	4	28.06
138	196	4	12.04
168	110	7	7.53
102	123	35	12.74
126	214	4	7.02
548	246	3	24.16
157	416	3	12.43
117	144	8	8.01
743	120	3	15.92
210	105	10	22.21
250	322	3	16.87
129	430	3	10.89
300	132	3	7.45
968	109	3	14.03
108	435	4	12
266	154	3	9.52
171	195	3	7.77
9	927	3	9.24
384	113	3	7.3
142	369	3	10.66
155	283	3	9.52
150	840	3	22.02
805	193	3	25.42
396	119	7	37.31
16	817	3	13.97
8	269	7	8.91
893	193	3	25.42
12	443	6	7.27
107	128	12	8.26
299	178	3	11.67
101	12	393	54.77
166	114	8	14.58
137	718	3	18.95
118	103	23	29.13
156	211	4	13.6
368	104	4	7.98
614	798	3	40.86
9	246	6	6.98
394	102	7	13.07
219	130	4	8.87
12	134	36	14.99
165	207	3	7.01
359	164	4	18.31
110	234	5	9.11
133	113	9	7.17
101	124	45	16.92
101	289	9	8.84
322	12	8	9.71
223	200	3	11.25
546	8	4	7.67
416	104	4	7.98
12	466	6	7.27
12	398	7	8.49
177	9	12	11.69
150	207	4	12.09
268	201	3	12.73
12	210	14	8.12
16	482	4	18.66
12	146	26	8.62
684	655	4	52.17
590	132	3	14.68
261	119	4	7.75
174	12	21	12.27
104	150	11	14.11
149	286	3	9.33
846	110	3	14.42
132	170	5	8.99
619	130	4	25.36
108	238	5	8.28
152	132	6	10.08
204	312	3	13.73
151	104	12	13.56
866	8	3	9.13
231	171	3	9.41
102	101	263	7.06
324	123	3	8.34
121	331	3	8.04
526	106	4	11.77
167	457	3	14.33
148	271	3	8.35
122	110	13	10.85
214	126	4	7.02
393	120	3	6.93
412	12	7	8.49
112	463	3	7.3
110	893	3	14.42
262	177	3	11.38
58	148	8	17.16
396	210	7	61.51
508	113	3	8.72
130	219	4	8.87
151	149	6	13.37
396	398	7	83.44
150	999	3	22.02
112	260	5	12.26
827	349	3	32.54
58	400	4	18.08
192	109	6	7.66
142	260	3	9.14
210	330	8	71.04
235	148	5	19.01
113	475	3	7.3
152	117	10	16.33
511	120	3	9.47
244	957	3	27.36
114	643	3	11.56
186	101	17	10.93
108	155	8	8
312	178	3	12.39
114	269	5	12.34
115	12	56	10.4
12	298	9	10.93
139	356	5	22.47
448	112	3	7.3
16	529	3	7.65
12	103	86	29.4
621	109	3	9.73
330	153	7	43.85
169	113	8	12.1
177	262	3	11.38
655	8	4	12.19
153	131	8	16.29
120	234	4	7.13
443	2	3	11.92
362	101	7	6.86
57	299	3	7.08
240	389	3	17.33
166	201	3	7.89
932	157	3	21.79
158	491	3	15.16
162	106	10	10.49
200	107	8	15.86
256	150	3	9.52
105	262	5	8.21
119	398	7	37.31
549	110	3	8.06
119	570	3	11.48
108	392	5	16.12
119	261	4	7.75
119	210	7	16.63
408	233	3	16.84
300	9	7	10.86
619	2	3	15.6
132	152	6	10.08
137	368	3	9.73
121	374	4	13.7
8	866	3	9.13
102	252	10	9.88
226	105	8	15.8
154	101	25	7.07
452	547	3	25.82
770	340	3	30.27
471	12	6	7.27
12	232	13	10.19
131	330	8	50.34
12	104	94	25.52
16	524	3	7.65
492	103	3	7.05
394	131	7	43.88
114	272	5	13.5
9	132	17	7.46
143	351	3	10.47
188	249	3	11.42
136	191	4	7.29
143	233	4	11.64
149	523	3	14.53
104	416	4	7.98
101	331	7	6.86
400	12	6	7.27
107	171	8	10.82
387	298	3	21.12
107	243	3	13.97
644	107	3	9.67
249	651	3	22.88
12	412	7	8.49
475	9	5	10.51
178	39	3	8.67
391	108	4	10.26
135	348	6	28.92
330	394	7	77.42
269	177	5	24.44
521	141	3	14.73
731	252	3	27.36
143	204	4	10.02
768	756	3	40.86
185	110	7	10.37
626	151	3	16.51
443	130	3	10.89
103	706	3	9.06
147	203	3	7.67
275	154	3	9.52
383	141	4	23.66
118	433	3	8.52
102	666	4	7.45
154	143	7	17.98
197	164	4	11.29
115	203	5	9.73
892	9	3	9.24
115	712	3	11.08
138	12	30	18.45
277	131	3	6.96
134	138	7	12.39
108	169	7	7.53
224	129	5	16.08
160	889	3	22.26
199	17	3	8.59
647	164	3	17.34
740	597	3	36.36
137	264	3	6.74
465	145	3	12.62
214	174	3	8.27
106	526	4	11.77
232	187	3	10.78
141	199	4	10.75
207	45	3	10.72
430	281	3	20.37
300	133	3	7.45
681	8	3	9.13
113	508	3	8.72
306	16	4	7.3
142	115	8	9.2
117	151	8	9.2
109	466	6	28.24
102	226	11	9.02
168	240	3	8.91
109	398	7	33.01
126	253	4	8.81
125	314	3	7.52
151	291	6	33.6
209	138	3	7.15
109	210	8	17.15
749	742	3	40.86
374	121	4	13.7
105	120	18	8.63
137	313	3	8.79
666	102	4	7.45
283	189	3	12.63
148	315	5	22.77
108	478	3	8.06
146	227	3	6.88
214	12	15	18.29
999	150	3	22.02
269	8	7	8.91
9	563	4	7.81
484	192	4	28.13
153	102	22	11.53
114	357	4	10.75
140	357	5	23.87
110	347	4	8.91
144	104	10	6.72
178	312	3	12.39
390	12	6	7.27
226	330	7	58.02
197	219	3	10.34
131	105	37	116.13
182	142	4	8.23
238	137	4	10.06
505	989	3	34.13
114	159	8	16.82
114	306	4	9.62
101	410	7	6.86
149	171	7	22.85
128	181	5	8.13
9	148	19	21
460	163	3	15.16
201	331	3	15.96
331	101	7	6.86
233	143	4	11.64
150	2	7	17.89
683	133	3	14.68
211	102	12	10.44
398	153	7	49.82
349	115	4	13.29
341	57	3	8.53
731	226	3	26.31
260	112	5	12.26
9	400	5	10.51
113	817	3	15.12
175	200	4	13.62
137	103	13	11.97
113	108	18	13.47
393	105	4	7.81
129	192	14	73.52
490	102	4	7.45
347	110	4	8.91
110	977	3	14.42
589	260	3	24.16
217	12	13	7.17
192	174	3	7.19
236	103	5	8.48
39	115	5	7.64
314	125	3	7.52
203	151	5	18.36
39	178	3	8.67
119	264	5	12.21
103	353	4	7.62
250	12	11	8.06
581	148	3	16.31
105	384	4	9.47
132	199	4	8.05
199	141	4	10.75
289	146	3	9.66
107	618	3	9.67
171	115	9	18.2
195	151	4	10.25
122	199	5	10.11
57	801	3	18.68
105	131	37	116.13
58	276	5	18.59
130	166	5	8.79
39	120	6	12.28
186	125	9	29.63
201	268	3	12.73
104	117	22	15.25
57	475	3	10.62
331	159	4	22.26
101	394	7	6.86
170	132	5	8.99
947	8	3	9.13
115	172	11	27.53
277	754	3	28.64
233	154	5	18.15
12	177	19	10.36
2	322	4	16
102	643	4	7.45
725	802	3	40.86
261	144	3	8.01
8	475	5	10.33
258	143	3	7.81
150	118	7	10.37
16	321	4	7.3
641	141	3	16.91
9	463	6	18.55
495	222	3	19.62
107	112	23	24.28
582	9	4	12.33
184	57	4	8.03
294	101	10	9.83
582	246	3	24.16
201	387	3	17.18
104	366	4	6.71
101	317	9	8.84
113	829	3	15.12
153	105	10	7.75
398	12	7	8.49
118	165	6	6.84
121	714	4	22.92
16	306	4	7.3
843	120	3	15.92
12	266	10	12.15
131	164	5	6.85
182	203	3	9.67
817	113	3	15.12
110	104	22	10.17
154	127	9	22.62
499	188	5	41.71
57	524	4	20.07
527	103	4	13.03
312	204	3	13.73
176	215	6	29.37
176	143	4	8.36
170	117	7	9.91
478	108	3	8.06
388	688	3	26.81
142	120	7	7.32
293	299	3	16.52
108	114	17	14.53
300	193	3	13.38
427	136	3	10.75
739	112	3	15.12
413	8	5	7.85
182	712	3	18.87
203	103	6	10.41
892	115	3	15.43
155	113	7	6.66
339	12	7	8.49
563	8	4	7.67
221	150	4	12.64
146	289	3	9.66
437	104	4	9.64
289	103	6	16.01
413	177	3	13.93
102	240	10	7.64
45	207	3	10.72
186	141	4	10.29
687	513	3	31.86
259	12	10	7.02
9	684	4	12.33
998	982	3	40.86
146	12	26	8.62
214	184	3	10.72
157	217	3	7.39
137	130	8	12.48
117	383	3	9.01
459	121	3	9.17
109	192	6	7.66
58	16	16	24.6
162	313	3	11.68
343	385	3	20.75
144	683	3	15.95
155	108	8	8
130	133	8	12.81
524	114	3	9.47
12	396	7	8.49
181	409	3	13.93
260	142	3	9.14
101	172	21	10.92
188	499	5	41.71
489	178	3	16.98
9	121	22	8.09
337	101	7	6.86
300	655	3	24.16
255	117	4	8.08
478	113	3	8.72
12	144	30	15.91
12	259	10	7.02
115	142	8	9.2
446	12	6	7.27
330	109	8	37.8
457	167	3	14.33
115	171	9	18.2
12	165	23	9.64
12	8	139	8.3
165	118	6	6.84
420	200	3	16.78
765	767	3	40.86
569	45	3	19.16
226	102	11	9.02
174	214	3	8.27
149	196	3	7.67
478	129	4	20.44
345	12	6	7.27
114	524	3	9.47
153	330	7	43.85
551	114	3	9.47
997	104	3	12.55
443	216	4	27.18
662	263	3	23.48
156	369	3	12.4
101	186	17	10.93
234	105	7	14.15
111	102	50	7.92
463	113	3	7.3
110	586	3	10.11
264	105	6	11.09
140	440	4	19.78
150	104	11	14.11
369	156	3	12.4
139	158	6	12.01
159	215	4	15.32
738	107	3	13.97
121	114	10	6.81
246	141	3	9.52
109	116	20	16.88
209	157	3	8.25
130	292	3	7.33
250	114	4	7.13
210	131	10	42.68
172	189	3	7.44
108	320	3	6.66
557	110	3	8.06
8	855	3	9.13
366	104	4	6.71
394	330	7	77.42
9	276	6	6.98
148	989	3	20.75
12	309	9	10.93
822	578	3	36.36
130	619	4	25.36
285	124	3	7.84
12	414	7	8.49
391	110	4	10.26
391	239	4	27.38
57	108	10	6.95
166	140	6	15.39
626	104	3	8.31
107	12	71	13.36
117	485	3	9.01
122	318	3	6.76
157	195	3	6.66
241	284	3	14.74
235	463	4	29.29
119	396	7	37.31
9	892	3	9.24
125	549	3	11.06
320	57	3	10.62
347	113	5	15.21
112	400	3	7.3
207	127	4	8.19
187	195	3	9.57
989	148	3	20.75
684	9	4	12.33
138	214	8	35.77
9	789	3	9.24
300	164	4	16.04
959	160	3	22.26
272	104	5	8.42
388	167	5	29.66
137	521	3	12.39
392	108	5	16.12
213	259	4	19.93
557	141	3	14.73
357	103	6	18.25
131	621	3	14.14
203	181	4	15.59
574	119	4	21.16
39	204	4	15.94
116	109	20	16.88
58	102	28	11.99
118	622	3	12.08
356	139	5	22.47
171	209	6	29.27
437	119	3	7.95
704	116	3	10.86
166	12	21	12.27
101	184	15	9.18
101	227	13	7.47
369	142	3	10.66
193	300	3	13.38
144	116	9	10.3
110	216	8	19.37
112	745	3	15.12
330	12	8	9.71
8	508	5	15.25
503	370	4	37.61
12	151	31	30.86
177	413	3	13.93
417	186	3	15.2
128	207	6	15.97
114	113	14	10.03
603	121	4	22.92
295	12	10	12.15
57	508	5	31.35
404	260	3	19.14
202	151	4	10.75
216	12	13	7.17
287	114	4	8.66
475	58	3	11.02
109	653	3	9.73
527	412	3	24.58
118	106	17	8.6
322	114	5	16.49
398	109	7	33.01
251	169	3	10.61
9	413	5	8.01
280	125	4	10.67
641	110	4	19.26
260	198	3	12.99
9	16	50	45.6
381	239	3	17.87
114	108	17	14.53
394	105	7	29.15
147	198	8	34.73
104	339	4	7.98
201	114	5	8.33
226	131	8	31.7
413	667	3	26.81
150	443	3	13.85
638	102	4	7.45
457	688	3	28.05
109	396	7	33.01
485	746	3	34.13
977	110	3	14.42
102	111	50	7.92
643	114	3	11.56
210	102	13	11.9
122	475	3	9.58
581	16	3	9.67
137	259	4	11.52
195	165	3	6.66
107	644	3	9.67
232	215	3	12.01
126	457	4	15.79
58	121	10	15.1
292	117	8	31.92
141	110	8	8
207	154	4	11.25
252	731	3	27.36
58	341	3	8.92
845	319	3	29.4
113	357	4	9.77
107	987	3	13.97
9	655	4	12.33
103	351	4	7.62
104	626	3	8.31
117	104	22	15.25
8	947	3	9.13
121	557	3	10.64
379	328	3	21.77
314	123	3	7.42
786	9	3	9.24
482	16	4	18.66
333	219	4	23.77
127	455	4	20.26
7	16	4	11.43
112	787	3	15.12
182	12	19	10.36
12	229	11	8.06
300	684	3	24.16
284	134	3	7.33
802	725	3	40.86
101	201	15	9.18
234	120	4	7.13
120	175	6	9.02
400	122	3	9.58
113	612	4	20.21
194	349	3	18.06
9	582	4	12.33
327	103	5	10.83
12	431	6	7.27
475	8	5	10.33
111	234	5	8.92
202	115	6	11.41
644	110	3	10.11
12	353	8	9.71
683	144	3	15.95
243	16	3	13.97
16	7	4	11.43
173	178	4	11.48
271	16	5	9.41
688	457	3	28.05
731	109	3	14.03
609	104	3	8.31
658	127	3	14.4
411	154	3	12.01
107	420	4	11.43
291	151	6	33.6
12	16	78	27.61
163	250	3	8.75
151	209	5	18.36
183	388	3	14.22
110	641	4	19.26
263	208	5	28.08
691	163	3	17.34
105	396	7	29.15
119	260	4	8.56
757	175	3	23.63
9	840	3	9.24
152	177	4	8.46
300	8	7	10.63
146	154	6	13.4
490	175	3	19.17
103	118	23	29.13
412	108	4	10.26
209	171	6	29.27
303	109	4	7.37
353	12	8	9.71
883	232	3	26.31
207	112	5	7.22
164	219	3	7.39
375	108	3	6.66
687	201	3	20.94
365	16	4	8.38
180	258	3	10.76
691	250	3	22.88
691	150	3	17.57
235	8	7	7.52
199	122	5	10.11
142	232	3	7.05
103	586	3	9.06
9	793	3	9.24
357	166	3	12.4
529	108	3	8.06
806	115	3	15.43
126	332	3	7.32
892	8	3	9.13
121	524	3	10.64
112	104	28	28.96
12	150	24	15.23
141	889	3	21.35
12	250	11	8.06
115	200	6	10.66
889	141	3	21.35
745	112	3	15.12
106	698	3	8.13
446	110	4	12
101	362	7	6.86
104	313	4	6.71
539	686	4	47.17
260	404	3	19.14
912	747	3	40.86
185	107	7	9.51
153	119	8	10.05
101	45	14	8.32
101	226	13	7.47
57	320	3	10.62
136	427	3	10.75
111	251	4	6.77
159	156	4	10.79
131	363	3	8.41
12	402	6	7.27
115	456	3	9.01
123	139	7	7.54
987	107	3	13.97
688	183	3	19.17
260	589	3	24.16
233	12	14	17.06
112	739	3	15.12
110	350	6	20.38
575	180	3	19.49
16	12	78	27.61
159	114	8	16.82
133	12	32	7.44
133	300	3	7.45
136	418	3	9.6
156	461	3	16.13
101	237	13	12.8
166	17	4	11.18
521	137	3	12.39
269	166	3	10.22
449	121	3	9.17
349	194	3	18.06
269	9	7	9.13
201	362	3	15.96
129	281	10	64.88
205	690	3	20.94
113	155	7	6.66
180	137	4	6.67
157	104	13	20.31
167	388	5	29.66
187	232	3	10.78
981	105	3	12.41
232	142	3	7.05
138	288	3	8.79
125	311	4	12.83
179	245	3	10.47
17	527	3	17.29
330	731	3	30.27
112	181	6	7.23
548	106	3	8.13
132	225	5	14.52
122	476	3	9.58
134	214	4	8.87
792	198	3	25.01
681	9	3	9.24
957	244	3	27.36
119	294	4	8.56
172	105	10	13.68
45	39	11	83.91
426	319	3	21.12
106	302	5	8.14
436	125	4	16.07
102	126	32	6.8
262	105	5	8.21
827	115	3	15.43
389	240	3	17.33
396	131	7	43.88
152	499	3	14.53
113	305	4	8.66
210	396	7	61.51
122	137	8	9.43
104	941	3	12.55
137	164	10	29.65
157	149	9	31.09
153	210	7	28.35
118	150	7	10.37
582	160	3	17.81
57	184	4	8.03
166	269	3	10.22
104	368	4	7.98
8	286	6	6.8
308	193	9	80.81
264	119	5	12.21
8	114	26	8.12
16	140	9	7.53
16	315	5	11.81
12	115	56	10.4
154	289	3	10.23
246	889	3	28.64
439	109	4	11.51
153	398	7	49.82
120	471	3	8.03
114	201	5	8.33
417	101	7	6.86
688	126	3	12.96
576	121	3	12.76
217	157	3	7.39
102	139	27	13.31
116	390	3	7.37
203	147	3	7.67
231	138	4	12.04
385	104	5	13.13
757	104	3	12.55
119	131	9	7.48
161	141	4	7.19
200	223	3	11.25
283	115	4	8.08
556	249	3	22.88
113	169	8	12.1
215	866	3	26.31
108	529	3	8.06
292	216	3	13.8
637	104	4	16.76
150	619	3	17.57
110	913	3	14.42
121	108	14	11.84
8	681	3	9.13
207	256	3	12.73
131	396	7	43.88
127	143	6	8.93
143	293	3	8.96
341	58	3	8.92
394	398	7	83.44
400	113	3	7.3
840	9	3	9.24
185	137	4	6.67
299	57	3	7.08
215	159	4	15.32
394	210	7	61.51
128	39	5	11.25
295	127	4	12.22
439	12	6	7.27
101	393	7	6.86
127	393	3	9.6
340	101	8	7.85
12	219	14	11.27
193	480	3	18.74
110	105	21	7.86
715	201	3	20.94
110	308	5	12.5
2	159	4	7.53
111	445	3	7.94
602	328	3	26.81
208	225	3	11.16
9	8	216	1004.58
903	104	3	12.55
113	981	3	15.12
387	531	3	25.82
181	112	6	7.23
120	381	3	6.93
166	182	5	15.49
260	136	3	7.2
120	132	9	8.91
334	231	6	46.47
12	446	6	7.27
386	162	3	12.66
602	379	3	26.81
110	351	5	14.1
111	191	7	11.58
216	110	8	19.37
589	104	3	8.31
145	465	3	12.62
17	138	4	8.51
105	229	6	9.88
122	114	11	10.26
687	387	3	28.05
108	113	18	13.47
614	221	3	25.85
142	175	4	8.58
148	508	3	14.14
192	129	14	73.52
8	952	3	9.13
121	576	3	12.76
288	138	3	8.79
158	139	6	12.01
286	157	3	9.93
151	115	9	12.28
105	234	7	14.15
398	731	3	31.3
103	134	11	7.21
171	151	7	22.38
125	448	4	16.07
396	102	7	13.07
273	187	3	12.99
109	131	15	18.79
227	103	6	9.46
282	179	7	44.58
102	12	255	25.12
130	443	3	10.89
115	827	3	15.43
158	140	7	18.14
866	9	3	9.24
388	105	5	12.9
772	239	3	27.36
352	329	5	41.83
180	575	3	19.49
132	300	3	7.45
157	368	3	12.43
118	878	3	16.45
647	104	3	8.31
9	177	12	11.69
114	287	4	8.66
114	122	11	10.26
394	119	7	37.31
188	164	14	89.61
166	357	3	12.4
149	111	9	10.04
201	101	15	9.18
110	230	7	15.78
163	102	18	7.19
165	195	3	6.66
420	107	4	11.43
12	145	26	8.62
787	483	3	36.36
191	136	4	7.29
12	463	6	7.27
177	8	12	11.34
110	366	4	8.91
193	110	7	13.61
226	396	7	64.04
216	111	5	6.69
435	108	4	12
166	159	4	10.79
101	221	15	14.79
251	111	4	6.77
546	9	4	7.81
9	370	6	13.28
143	165	5	9.96
104	412	4	7.98
120	105	18	8.63
303	602	3	24.91
425	125	3	9.58
16	271	5	9.41
655	9	4	12.33
252	109	7	17.67
606	107	3	13.97
109	621	3	9.73
127	335	3	8.66
595	810	3	36.36
12	295	10	12.15
12	102	255	25.12
181	203	4	15.59
238	110	5	8.28
123	109	14	11.65
250	691	3	22.88
439	124	5	24.75
295	154	3	9.52
119	250	4	7.04
113	478	3	8.72
259	213	4	19.93
224	174	3	9.66
245	175	9	60.64
250	113	6	14.77
104	609	3	8.31
117	292	8	31.92
200	420	3	16.78
830	110	3	14.42
2	710	3	15.6
109	484	4	13.94
125	280	4	10.67
298	687	3	24.91
164	131	5	6.85
130	216	4	8.87
227	146	3	6.88
110	958	3	14.42
58	207	4	8.52
449	715	3	28.05
175	338	3	13.23
296	108	4	6.92
328	379	3	21.77
140	166	6	15.39
182	151	12	57.81
463	400	3	24.24
102	624	4	7.45
101	417	7	6.86
229	12	11	8.06
194	253	3	13.01
114	166	8	14.58
366	137	3	8.79
394	101	7	6.86
114	9	26	8.65
219	333	4	23.77
351	110	5	14.1
133	163	5	7.6
400	57	4	17.53
120	128	11	11.24
101	298	9	8.84
104	589	3	8.31
653	109	3	9.73
463	148	5	29.56
252	131	8	35.38
144	12	30	15.91
502	164	4	24.25
298	201	3	14.12
109	155	9	9.95
273	144	3	8.62
514	120	5	26.66
207	102	12	8.45
112	475	3	7.3
927	8	3	9.13
276	121	8	36.59
256	221	6	38.12
331	715	4	42.61
129	424	3	10.89
113	463	3	7.3
557	131	3	11.99
357	114	4	10.75
106	204	9	16.02
138	231	4	12.04
304	805	3	29.4
203	171	6	29.27
340	770	3	30.27
121	459	3	9.17
217	149	3	6.82
125	306	3	6.76
286	149	3	9.33
193	893	3	25.42
226	731	3	26.31
102	58	28	11.99
117	171	8	14.12
235	332	5	36.13
105	587	3	8.18
978	2	3	20.03
108	57	10	6.95
108	534	3	8.06
129	137	7	9.19
129	268	3	6.74
175	260	3	11.67
137	238	4	10.06
332	148	4	16.94
276	58	5	18.59
189	172	3	7.44
241	165	3	8.25
472	275	5	43.72
141	164	4	6.93
508	16	5	23.38
209	117	5	9.73
110	403	4	10.26
177	269	5	24.44
153	252	7	33.78
260	175	3	11.67
260	119	4	8.56
123	484	3	10.95
101	146	29	11.88
166	130	5	8.79
449	126	3	9.37
449	331	4	34.98
149	151	6	13.37
167	688	3	18.06
398	396	7	83.44
383	117	3	9.01
101	398	7	6.86
119	633	3	11.48
107	483	3	9.67
115	175	6	8.22
12	174	21	12.27
154	178	5	13.71
351	127	3	8.66
133	276	5	18.59
211	285	3	15.38
510	110	3	14.42
101	340	8	7.85
101	189	17	10.93
216	130	4	8.87
380	101	7	6.86
524	57	4	20.07
8	9	216	1004.58
8	246	6	6.8
163	392	3	12.43
115	349	4	13.29
319	426	3	21.12
190	700	4	33.1
151	712	4	28.06
2	130	10	23.61
163	315	3	10.64
104	157	13	20.31
160	548	3	17.81
128	12	40	11.66
9	269	7	9.13
122	400	3	9.58
619	114	3	11.56
199	132	4	8.05
276	463	3	20.37
108	249	6	13.47
39	101	15	9.18
151	203	5	18.36
131	846	3	18.54
8	927	3	9.13
329	352	5	41.83
102	145	24	15.46
207	58	4	8.52
116	144	9	10.3
125	436	4	16.07
805	304	3	29.4
325	101	7	6.86
180	161	5	15.28
266	180	3	11.97
198	792	3	25.01
105	254	6	11.09
171	202	3	8.13
108	412	4	10.26
105	110	21	7.86
276	102	8	6.93
283	155	3	9.52
349	827	3	32.54
256	101	11	10.82
148	57	8	16.13
479	9	4	7.81
227	101	13	7.47
121	57	12	21.02
207	39	6	31.24
542	151	3	14.33
396	12	7	8.49
164	359	4	18.31
131	731	3	18.54
179	224	3	10.47
730	9	3	9.24
828	119	3	15.83
204	143	4	10.02
104	200	7	8.99
201	298	3	14.12
160	383	4	24.89
120	455	3	9.47
846	105	3	12.41
163	241	3	8.25
281	129	10	64.88
401	112	5	17.26
715	449	3	28.05
159	166	4	10.79
183	688	3	19.17
12	468	6	7.27
579	500	4	47.17
124	285	3	7.84
587	105	3	8.18
107	151	9	8.83
153	226	8	38.4
269	114	5	12.34
101	119	67	37.57
508	58	5	32.07
396	109	7	33.01
207	178	4	14.14
45	468	3	17.6
250	443	3	19.1
104	978	3	12.55
311	125	4	12.83
175	115	6	8.22
393	127	3	9.6
129	492	3	12.39
114	619	3	11.56
134	339	3	9.73
160	959	3	22.26
350	110	6	20.38
122	350	4	12.83
102	163	18	7.19
138	298	3	9.49
739	8	3	9.13
242	156	5	23.49
370	8	6	13.07
151	12	31	30.86
8	400	5	10.33
110	122	13	10.85
154	312	3	10.23
261	225	3	13.6
298	387	3	21.12
12	322	8	9.71
453	297	3	24.58
394	226	7	64.04
120	514	5	26.66
210	731	3	25.42
499	152	3	14.53
275	204	3	12.99
57	400	4	17.53
349	456	4	39.53
101	118	51	8.08
57	148	8	16.13
449	12	6	7.27
768	750	3	40.86
143	154	7	17.98
113	706	4	20.21
120	142	7	7.32
16	121	16	15.33
151	932	3	20.95
139	311	3	9.34
258	180	3	10.76
110	476	4	12
8	148	20	23.83
216	177	3	8.78
517	107	3	7.65
16	58	16	24.6
178	173	4	11.48
252	102	10	9.88
111	306	4	7.67
330	396	7	77.42
184	214	3	10.72
225	132	5	14.52
114	449	3	8.03
387	12	6	7.27
381	193	5	34.77
747	912	3	40.86
119	828	3	15.83
123	102	35	12.74
383	246	3	21.94
104	101	96	15.25
331	121	3	8.04
154	295	3	9.52
110	137	35	137.86
534	108	3	8.06
8	563	4	7.67
124	440	3	9.9
213	12	15	12.37
145	114	7	6.97
102	150	18	8.33
246	582	3	24.16
698	102	4	7.45
103	542	3	7.05
108	210	9	23.11
250	119	4	7.04
742	749	3	40.86
412	104	4	7.98
296	167	3	10.61
107	606	3	13.97
113	228	5	9.28
214	134	4	8.87
103	113	26	28.85
125	425	3	9.58
125	373	3	8.44
130	113	10	9.29
392	460	3	24.58
155	211	3	7
329	247	3	18.88
352	101	8	7.85
132	193	4	8.52
378	158	3	12.43
415	122	5	21.3
102	276	8	6.93
39	45	11	83.91
106	246	8	23.75
557	121	3	10.64
138	134	7	12.39
207	150	4	12.09
127	658	3	14.4
132	583	3	14.68
762	110	3	14.42
105	846	3	12.41
166	191	3	7.19
160	232	3	8.23
878	118	3	16.45
586	103	3	9.06
178	101	21	20.78
463	9	6	18.55
8	117	27	7.15
102	638	4	7.45
373	125	3	8.44
154	39	4	11.25
659	115	3	11.08
12	112	63	18.79
159	449	3	15.42
16	463	5	18.17
394	252	7	67.14
309	160	3	11.08
309	104	5	9.65
156	159	4	10.79
328	602	3	26.81
101	352	8	7.85
104	185	8	9.87
480	193	3	18.74
102	689	4	7.45
165	258	3	8.75
115	194	5	8.96
291	182	3	12.94
165	470	3	13.62
159	230	3	9.49
124	242	6	21.5
124	101	45	16.92
110	557	3	8.06
8	132	17	7.08
634	103	3	9.06
198	260	3	12.99
731	131	3	18.54
101	104	96	15.25
143	127	6	8.93
105	731	3	12.41
107	135	13	13.13
113	250	6	14.77
9	866	3	9.24
196	138	4	12.04
164	300	4	16.04
303	328	3	19.89
183	167	5	15.56
716	102	4	7.45
102	228	13	24.4
303	379	4	30.28
272	114	5	13.5
483	112	3	10.79
123	653	3	13.07
306	114	4	9.62
104	647	3	8.31
433	2	3	11.92
108	166	7	8.02
319	845	3	29.4
249	556	3	22.88
112	107	23	24.28
246	106	8	23.75
409	181	3	13.93
102	490	4	7.45
127	790	3	18.81
981	113	3	15.12
932	151	3	20.95
798	221	3	25.85
855	9	3	9.24
113	130	10	9.29
133	683	3	14.68
157	286	3	9.93
175	179	13	83.11
104	903	3	12.55
789	8	3	9.13
128	406	3	8.76
9	479	4	7.81
185	104	8	9.87
166	102	18	12.77
198	135	5	11.77
958	110	3	14.42
184	101	15	9.18
105	678	3	12.41
308	110	5	12.5
431	12	6	7.27
330	102	8	14.95
252	396	7	67.14
317	101	9	8.84
612	113	4	20.21
156	271	4	16.41
123	311	3	7.42
128	154	8	15.79
597	129	4	25.36
120	393	3	6.93
466	12	6	7.27
105	981	3	12.41
149	190	5	15.01
176	118	6	9.92
257	109	8	25.48
104	171	12	21.84
171	932	3	23.05
124	439	5	24.75
12	306	9	10.93
226	109	7	14.95
102	716	4	7.45
110	136	10	7.27
110	185	7	10.37
363	131	3	8.41
212	143	4	10.51
109	731	3	14.03
127	195	6	16.85
150	101	23	7.59
12	357	8	9.71
139	102	27	13.31
221	798	3	25.85
400	9	5	10.51
456	115	3	9.01
120	101	59	15.32
398	131	7	43.88
104	345	4	9.64
101	330	8	7.85
103	227	6	9.46
103	114	17	10.14
195	187	3	9.57
117	542	3	9.01
311	139	3	9.34
228	113	5	9.28
187	273	3	12.99
109	125	12	7.48
130	114	14	25.09
106	548	3	8.13
102	207	12	8.45
545	110	4	14.44
321	16	4	7.3
224	179	3	10.47
121	9	22	8.09
8	739	3	9.13
611	110	3	10.11
273	163	3	9.93
508	8	5	15.25
141	162	4	7.19
164	141	4	6.93
756	768	3	40.86
103	236	5	8.48
122	264	5	14.93
148	9	19	21
200	115	6	10.66
241	163	3	8.25
103	492	3	7.05
134	103	11	7.21
151	138	6	12.31
476	137	3	10.89
102	192	13	8.04
471	120	3	8.03
12	182	19	10.36
12	111	67	11.96
102	705	4	7.45
149	209	4	12.78
952	8	3	9.13
424	129	3	10.89
156	109	7	7.33
153	394	7	49.82
394	153	7	49.82
114	459	3	8.03
784	125	3	17.57
635	119	3	11.48
201	449	3	17.18
121	603	4	22.92
264	122	5	14.93
150	221	4	12.64
303	690	3	24.91
298	101	9	8.84
237	101	13	12.8
264	137	3	6.74
323	149	3	10.03
16	8	50	44.03
613	131	3	14.14
484	129	4	20.44
184	123	4	6.65
527	108	5	24.13
424	113	4	12.89
128	197	4	6.71
652	133	3	14.68
119	731	3	15.83
114	104	17	7.37
165	143	5	9.96
131	109	15	18.79
110	101	72	13.12
308	480	3	22.69
247	329	3	18.88
127	351	3	8.66
154	266	3	9.52
158	275	3	9.93
286	9	6	6.98
39	128	5	11.25
203	157	5	19.75
801	58	3	19.1
110	599	3	10.11
476	122	3	9.58
201	687	3	20.94
117	152	10	16.33
210	12	14	8.12
175	490	3	19.17
157	107	10	14.16
137	141	6	10.2
322	619	3	25.78
122	119	12	12.7
109	257	8	25.48
8	786	3	9.13
130	201	5	12.83
209	134	4	10.06
320	108	3	6.66
221	256	6	38.12
175	757	3	23.63
398	102	7	13.07
798	614	3	40.86
12	390	6	7.27
16	309	4	7.3
396	731	3	31.3
124	156	9	24.41
169	251	3	10.61
154	380	6	37.66
110	108	16	6.81
135	198	5	11.77
154	275	3	9.52
12	269	10	7.02
12	138	30	18.45
12	187	15	9.09
507	104	4	12.02
182	150	4	9.5
9	12	138	9.53
9	300	7	10.86
114	103	17	10.14
101	350	8	7.85
717	128	3	13.52
245	142	3	7.98
172	101	21	10.92
105	435	4	9.47
210	109	8	17.15
148	400	3	12.62
121	400	3	9.17
357	113	4	9.77
538	128	4	19.06
151	182	12	57.81
164	110	11	19.19
183	105	19	68.06
207	165	3	7.01
121	148	7	9.19
157	171	11	52.2
105	183	19	68.06
175	245	9	60.64
120	843	3	15.92
289	101	9	8.84
137	110	35	137.86
146	58	7	13.07
108	533	5	24.13
150	691	3	17.57
232	160	3	8.23
273	102	9	11.32
2	971	3	20.03
102	445	5	9.32
253	194	3	13.01
145	101	27	6.68
126	102	32	6.8
109	561	4	13.94
109	357	4	8.45
192	281	3	12.63
231	190	3	10.9
125	109	12	7.48
106	160	11	14.35
315	148	5	22.77
113	347	5	15.21
239	381	3	17.87
228	346	3	16.33
117	170	7	9.91
645	143	3	16.31
104	114	17	7.37
2	250	3	7.16
2	150	7	17.89
330	131	8	50.34
302	106	5	8.14
197	128	4	6.71
16	581	3	9.67
248	362	3	17.87
191	166	3	7.19
139	228	8	36.19
376	429	3	24.24
457	388	3	23
111	174	7	7.78
475	112	3	7.3
2	506	3	13.44
287	133	3	7.45
211	156	4	13.6
275	472	5	43.72
104	437	4	9.64
225	261	3	13.6
484	123	3	10.95
120	45	5	8.96
160	246	9	62.74
401	127	3	9.6
110	129	10	7.6
135	107	13	13.13
182	115	6	7.71
348	135	6	28.92
219	108	8	19.37
383	160	4	24.89
156	124	9	24.41
104	107	39	53.35
143	12	28	14.05
294	119	4	8.56
613	102	4	7.45
133	130	8	12.81
111	12	67	11.96
144	187	4	9.57
508	116	3	8.79
164	197	4	11.29
667	108	3	10.11
126	429	3	9.37
102	396	7	13.07
412	166	3	13.38
189	101	17	10.93
687	298	3	24.91
195	127	6	16.85
698	106	3	8.13
408	12	7	8.49
167	105	9	9.06
619	113	3	10.79
810	595	3	36.36
866	215	3	26.31
151	202	4	10.75
115	806	3	15.43
106	118	17	8.6
413	269	4	28.23
618	107	3	9.67
121	449	3	9.17
357	108	4	8.91
141	521	3	14.73
108	105	21	7.86
108	308	4	7.82
9	730	3	9.24
455	120	3	9.47
132	8	17	7.08
740	129	3	18.95
276	8	6	6.8
171	203	6	29.27
195	182	5	19.21
103	137	13	11.97
267	105	8	21.25
130	137	8	12.48
468	45	3	17.6
209	149	4	12.78
246	8	6	6.8
102	347	7	8.04
177	12	19	10.36
787	112	3	15.12
313	162	3	11.68
435	105	4	9.47
463	57	3	10.62
493	117	3	9.01
104	507	4	12.02
449	159	3	15.42
57	146	7	12.21
101	120	59	15.32
105	746	3	12.41
143	212	4	10.51
9	546	4	7.81
793	8	3	9.13
260	147	3	9.33
400	148	3	12.62
466	109	6	28.24
166	353	3	12.4
731	396	3	31.3
201	166	3	7.89
379	602	3	26.81
154	207	4	11.25
12	213	15	12.37
420	104	5	15.84
125	784	3	17.57
653	123	3	13.07
308	108	4	7.82
110	545	4	14.44
524	121	3	10.64
416	101	7	6.86
429	376	3	24.24
216	292	3	13.8
252	210	7	45.31
298	138	3	9.49
700	190	4	33.1
280	247	3	17.27
101	178	21	20.78
57	207	4	8.03
470	102	6	11.2
118	113	15	14.42
936	648	3	36.36
149	217	3	6.82
9	286	6	6.98
9	114	26	8.65
107	517	3	7.65
561	109	4	13.94
400	463	3	24.24
120	391	3	6.93
120	511	3	9.47
547	452	3	25.82
111	403	4	10.1
252	398	7	67.14
485	117	3	9.01
429	126	3	9.37
154	146	6	13.4
226	153	8	38.4
739	9	3	9.24
529	16	3	7.65
125	186	9	29.63
370	9	6	13.28
203	182	3	9.67
102	160	19	12.35
102	232	12	12.99
379	303	4	30.28
122	415	5	21.3
45	143	4	11.05
108	164	8	8.93
161	180	5	15.28
119	101	67	37.57
170	602	3	18.32
129	110	10	7.6
146	233	11	64.72
105	14	128	7.21
137	185	4	6.67
459	114	3	8.03
403	12	7	8.49
148	58	8	17.16
353	103	4	7.62
246	160	9	62.74
126	449	3	9.37
570	119	3	11.48
121	58	10	15.1
611	129	3	14.54
112	405	3	7.3
207	57	4	8.03
109	123	14	11.65
497	113	3	8.72
396	252	7	67.14
113	118	15	14.42
148	121	7	9.19
157	196	5	19.75
45	101	14	8.32
105	394	7	29.15
201	715	3	20.94
138	209	3	7.15
684	300	3	24.16
110	846	3	14.42
110	778	3	14.42
192	102	13	8.04
889	246	3	28.64
602	170	3	18.32
12	157	22	7.14
101	379	7	6.86
295	147	3	9.33
104	12	94	25.52
366	110	4	8.91
215	176	6	29.37
746	105	3	12.41
114	130	14	25.09
119	723	3	15.83
398	330	7	77.42
322	250	3	16.87
322	150	6	35.86
101	131	37	6.79
198	119	6	11.37
391	104	4	7.98
524	58	4	20.63
257	114	5	12.34
746	117	3	15.43
128	45	4	7.66
309	16	4	7.3
182	166	5	15.49
233	146	11	64.72
131	153	8	16.29
165	240	3	8.25
206	162	4	13.89
247	280	3	17.27
163	199	3	6.66
110	141	8	8
252	119	9	35.13
475	122	3	9.58
463	8	6	18.32
764	282	3	28.64
110	391	4	10.26
169	103	10	14.59
127	150	5	7.53
202	157	5	17.34
159	130	6	14.38
116	704	3	10.86
400	121	3	9.17
718	137	3	18.95
160	16	8	9.03
211	12	14	11.27
201	531	3	18.74
101	150	23	7.59
101	325	7	6.86
289	154	3	10.23
103	238	5	6.76
210	394	7	61.51
117	493	3	9.01
189	283	3	12.63
157	203	5	19.75
276	57	6	24.62
8	793	3	9.13
109	242	5	9.5
141	160	5	11.57
385	343	3	20.75
482	107	3	9.67
971	2	3	20.03
217	102	12	10.44
102	194	12	12.99
102	57	28	8.94
14	105	128	7.21
108	58	10	7.94
148	463	5	29.56
108	219	8	19.37
108	121	14	11.84
131	613	3	14.14
690	303	3	24.91
121	463	3	9.17
163	691	3	17.34
58	122	8	9.73
207	104	10	22.66
193	805	3	25.42
8	840	3	9.13
115	892	3	15.43
130	322	4	14.6
396	226	7	64.04
346	228	3	16.33
129	224	5	16.08
103	203	6	10.41
180	266	3	11.97
214	102	11	7.16
105	172	10	13.68
153	12	27	13.14
400	58	4	18.08
527	357	3	23.56
692	283	4	38.71
778	110	3	14.42
398	105	7	29.15
177	114	6	8.51
285	211	3	15.38
110	168	7	7.53
485	105	5	20.75
174	228	4	14.86
714	121	4	22.92
609	126	3	12.96
160	582	3	17.81
119	733	3	15.83
394	109	7	33.01
246	548	3	24.16
119	226	9	30.64
315	163	3	10.64
315	16	5	11.81
132	119	10	11.49
306	12	9	10.93
350	122	4	12.83
250	150	5	21.12
157	12	22	7.14
195	157	3	6.66
365	123	3	7.42
927	9	3	9.24
164	108	8	8.93
151	542	3	14.33
109	252	7	17.67
187	12	15	9.09
207	103	7	11.38
159	2	4	7.53
16	160	8	9.03
131	557	3	11.99
258	165	3	8.75
150	127	5	7.53
524	16	3	7.65
127	295	4	12.22
101	102	263	7.06
460	392	3	24.58
118	101	51	8.08
211	155	3	7
531	298	3	22.69
114	551	3	9.47
153	109	10	11.84
345	133	3	11.02
129	934	3	18.95
219	197	3	10.34
394	12	7	8.49
114	8	26	8.12
181	231	7	38.16
101	416	7	6.86
240	102	10	7.64
136	110	10	7.27
157	932	3	21.79
368	157	3	12.43
554	113	3	10.79
193	366	3	14.96
110	239	5	9.11
621	131	3	14.14
492	129	3	12.39
8	370	6	13.07
193	381	5	34.77
467	108	3	6.66
889	117	3	15.43
115	39	5	7.64
492	113	4	15.37
149	323	3	10.03
104	112	28	28.96
211	109	6	9.8
123	365	3	7.42
101	145	27	6.68
731	119	3	15.83
234	183	3	10.47
280	329	4	27.67
225	208	3	11.16
160	102	19	12.35
150	182	4	9.5
131	394	7	43.88
463	106	4	9.41
212	127	5	12.61
193	132	4	8.52
110	510	3	14.42
8	177	12	11.34
357	527	3	23.56
542	117	3	9.01
121	16	16	15.33
754	277	3	28.64
192	484	4	28.13
624	102	4	7.45
148	235	5	19.01
148	16	14	25.16
118	648	3	12.08
107	738	3	13.97
113	103	26	28.85
103	12	86	29.4
338	175	3	13.23
103	169	10	14.59
108	131	13	14.18
250	163	3	8.75
210	153	7	28.35
350	137	4	14.6
942	146	3	20.75
110	830	3	14.42
110	762	3	14.42
307	223	8	69.63
246	383	3	21.94
106	162	10	10.49
743	514	3	34.13
132	570	4	25.56
105	153	10	7.75
137	113	13	18.23
505	148	5	34.91
9	952	3	9.24
103	289	6	16.01
186	417	3	15.2
171	107	8	10.82
297	453	3	24.58
17	166	4	11.18
102	398	7	13.07
109	226	7	14.95
445	102	5	9.32
705	102	4	7.45
102	210	13	11.9
119	252	9	35.13
147	295	3	9.33
305	424	6	61.92
174	145	4	7.36
263	662	3	23.48
12	101	393	54.77
16	57	17	26.03
738	16	3	13.97
223	307	8	69.63
173	221	3	8.78
101	39	15	9.18
731	210	3	25.42
101	294	10	9.83
143	258	3	7.81
941	104	3	12.55
170	494	4	25.58
386	114	3	6.93
313	104	4	6.71
193	308	9	80.81
416	157	3	12.43
380	212	3	15.96
226	394	7	64.04
111	214	5	6.69
127	369	3	8.66
330	105	8	33.37
165	127	6	10.72
12	143	28	14.05
16	365	4	8.38
182	195	5	19.21
688	167	3	18.06
147	260	3	9.33
114	177	6	8.51
527	17	3	17.29
377	373	3	21.77
731	398	3	31.3
123	324	3	8.34
114	802	3	15.92
399	105	4	7.81
9	681	3	9.24
118	936	3	16.45
730	8	3	9.13
142	12	26	10.3
433	118	3	8.52
102	298	9	16.84
2	619	3	15.6
112	12	63	18.79
712	182	3	18.87
141	383	4	23.66
643	102	4	7.45
151	157	12	50.13
249	108	6	13.47
209	151	5	18.36
508	57	5	31.35
396	101	7	6.86
162	141	4	7.19
121	276	8	36.59
137	129	7	9.19
148	276	3	8.96
479	8	4	7.67
114	929	3	15.92
119	437	3	7.95
9	855	3	9.24
332	235	5	36.13
566	445	3	27.41
143	645	3	16.31
105	226	8	15.8
403	111	4	10.1
109	153	10	11.84
622	118	3	12.08
106	582	3	8.13
508	148	3	14.14
183	234	3	10.47
242	124	6	21.5
102	217	12	10.44
801	57	3	18.68
523	149	3	14.53
110	611	3	10.11
217	151	3	6.64
132	120	9	8.91
199	163	3	6.66
619	322	3	25.78
148	581	3	16.31
210	108	9	23.11
45	128	4	7.66
148	505	5	34.91
328	303	3	19.89
388	183	3	14.22
578	822	3	36.36
129	478	4	20.44
104	272	5	8.42
240	165	3	8.25
312	154	3	10.23
114	102	40	8.13
131	101	37	6.79
110	238	5	8.28
109	968	3	14.03
839	119	3	15.83
127	165	6	10.72
178	154	5	13.71
252	330	7	61.13
373	377	3	21.77
12	387	6	7.27
12	439	6	7.27
57	341	3	8.53
234	127	6	21.88
341	122	3	7.52
57	58	39	263.87
449	114	3	8.03
322	2	4	16
299	127	3	7.2
443	12	6	7.27
398	210	7	61.51
234	111	5	8.92
57	121	12	21.02
117	932	3	15.43
104	360	4	6.71
283	692	4	38.71
463	235	4	29.29
391	120	3	6.93
463	16	5	18.17
475	113	3	7.3
8	121	22	7.63
282	764	3	28.64
202	171	3	8.13
182	412	3	13.93
16	148	14	25.16
414	12	7	8.49
221	614	3	25.85
182	104	11	18.87
12	122	44	16.3
312	110	4	7.82
188	137	5	11.6
104	182	11	18.87
275	39	3	13.38
156	242	5	23.49
101	396	7	6.86
456	349	4	39.53
215	232	3	12.01
114	145	7	6.97
846	131	3	18.54
210	252	7	45.31
113	554	3	10.79
119	198	6	11.37
119	128	16	27.53
388	126	3	8.24
145	12	26	8.62
595	2	3	15.6
8	684	4	12.19
109	156	7	7.33
109	303	4	7.37
329	280	4	27.67
141	246	3	9.52
347	102	7	8.04
393	101	7	6.86
200	175	4	13.62
137	236	4	11.52
276	133	5	18.59
396	394	7	83.44
190	134	5	11.6
138	151	6	12.31
145	174	4	7.36
102	211	12	10.44
58	508	5	32.07
119	153	8	10.05
388	457	3	23
651	249	3	22.88
171	157	11	52.2
228	174	4	14.86
105	252	10	31.55
570	132	4	25.56
111	599	3	9.98
370	503	4	37.61
196	157	5	19.75
339	134	3	9.73
252	105	10	31.55
634	192	4	33.1
893	110	3	14.42
154	411	3	12.01
227	725	3	26.31
655	300	3	24.16
12	345	6	7.27
414	124	3	8.76
502	188	3	17.97
114	386	3	6.93
107	104	39	53.35
421	113	5	17.26
57	102	28	8.94
449	201	3	17.18
234	110	5	9.11
104	110	22	10.17
723	119	3	15.83
602	303	3	24.91
889	160	3	22.26
226	101	13	7.47
154	233	5	18.15
12	214	15	18.29
12	142	26	10.3
12	317	9	10.93
817	16	3	13.97
8	463	6	18.32
110	183	7	9.71
390	116	3	7.37
166	412	3	13.38
57	463	3	10.62
381	120	3	6.93
108	667	3	10.11
219	155	3	7
114	121	10	6.81
9	475	5	10.51
387	201	3	17.18
793	9	3	9.24
331	449	4	34.98
398	119	7	37.31
110	359	5	14.1
463	276	3	20.37
2	433	3	11.92
706	103	3	9.06
141	641	3	16.91
12	394	7	8.49
150	322	6	35.86
58	108	10	7.94
246	9	6	6.98
514	102	5	9.32
491	158	3	15.16
16	738	3	13.97
113	133	9	7.17
384	105	4	9.47
105	108	21	7.86
276	9	6	6.98
175	120	6	9.02
228	139	8	36.19
403	110	4	10.26
350	101	8	7.85
306	125	3	6.76
132	9	17	7.46
210	226	7	42.23
394	731	3	31.3
113	384	3	7.3
357	109	4	8.45
151	107	9	8.83
379	101	7	6.86
102	166	18	12.77
379	170	3	13.38
476	110	4	12
688	105	3	8.18
123	314	3	7.42
424	305	6	61.92
284	241	3	14.74
790	127	3	18.81
8	582	4	12.19
226	252	7	47.81
317	12	9	10.93
12	153	27	13.14
131	226	8	31.7
115	151	9	12.28
12	403	7	8.49
150	256	3	9.52
514	743	3	34.13
380	154	6	37.66
305	129	3	8
101	116	61	7.64
117	889	3	15.43
104	391	4	7.98
184	12	15	12.37
470	165	3	13.62
362	248	3	17.87
103	634	3	9.06
129	611	3	14.54
157	182	6	19.22
789	9	3	9.24
311	123	3	7.42
122	102	32	8.25
153	731	3	20.95
129	305	3	8
9	947	3	9.24
855	8	3	9.13
531	687	3	29.63
232	190	3	10.42
164	172	4	8.89
353	166	3	12.4
533	108	5	24.13
8	655	4	12.19
236	137	4	11.52
109	439	4	11.51
392	163	3	12.43
190	231	3	10.9
242	109	5	9.5
413	114	3	6.93
357	12	8	9.71
151	171	7	22.38
39	154	4	11.25
103	527	4	13.03
134	190	5	11.6
108	296	4	6.92
483	107	3	9.67
132	308	3	8.13
306	111	4	7.67
469	146	3	14.14
250	2	3	7.16
137	476	3	10.89
978	104	3	12.55
105	393	4	7.81
167	296	3	10.61
110	644	3	10.11
633	119	3	11.48
445	566	3	27.41
335	127	3	8.66
357	140	5	23.87
221	173	3	8.78
396	153	7	49.82
164	137	10	29.65
430	129	3	10.89
542	103	3	7.05
227	154	4	12.39
200	104	7	8.99
276	148	3	8.96
137	122	8	9.43
119	394	7	37.31
119	574	4	21.16
104	420	5	15.84
731	105	3	12.41
305	113	4	8.66
57	16	17	26.03
484	109	4	13.94
400	8	5	10.33
239	772	3	27.36
271	156	4	16.41
113	619	3	10.79
150	12	24	15.23
177	152	4	8.46
12	408	7	8.49
243	107	3	13.97
2	595	3	15.6
463	121	3	9.17
2	443	3	11.92
144	273	3	8.62
8	16	50	44.03
330	398	7	77.42
8	235	7	7.52
216	443	4	27.18
126	688	3	12.96
330	210	8	71.04
882	108	3	14.42
8	413	5	7.85
182	291	3	12.94
165	124	6	9.19
12	107	71	13.36
750	768	3	40.86
219	12	14	11.27
238	103	5	6.76
128	107	12	8.26
345	104	4	9.64
480	308	3	22.69
368	137	3	9.73
101	380	7	6.86
156	285	3	12.4
164	647	3	17.34
298	12	9	10.93
178	299	3	11.67
678	105	3	12.41
127	207	4	8.19
322	130	4	14.6
143	45	4	11.05
746	485	3	34.13
160	309	3	11.08
185	193	3	8.96
351	143	3	10.47
9	508	5	15.44
271	114	5	12.34
160	106	11	14.35
299	138	3	8.79
114	250	4	7.13
506	2	3	13.44
201	130	5	12.83
952	9	3	9.24
117	746	3	15.43
126	609	3	12.96
174	192	3	7.19
457	126	4	15.79
127	401	3	9.6
163	273	3	9.93
208	263	5	28.08
304	193	3	14.12
12	184	15	12.37
165	12	23	9.64
12	114	60	28.38
165	241	3	8.25
131	252	8	35.38
725	114	3	15.92
58	524	4	20.63
102	330	8	14.95
725	227	3	26.31
513	687	3	31.86
190	149	5	15.01
103	357	6	18.25
648	936	3	36.36
105	388	5	12.9
137	557	3	12.39
122	341	3	7.52
122	58	8	9.73
148	8	20	23.83
105	267	8	21.25
157	202	5	17.34
146	57	7	12.21
133	652	3	14.68
125	346	3	7.52
221	101	15	14.79
141	161	4	7.19
508	9	5	15.44
932	117	3	15.43
130	159	6	14.38
232	102	12	12.99
318	122	3	6.76
121	8	22	7.63
402	12	6	7.27
339	104	4	7.98
106	463	4	9.41
468	12	6	7.27
155	219	3	7
8	789	3	9.13
195	171	3	7.77
756	750	3	40.86
134	209	4	10.06
687	531	3	29.63
113	400	3	7.3
119	122	12	12.7
152	215	3	7.23
142	182	4	8.23
117	255	4	8.08
109	394	7	33.01
58	475	3	11.02
8	892	3	9.13
190	232	3	10.42
286	8	6	6.8
231	181	7	38.16
330	119	7	31.42
457	183	3	15.42
102	619	4	7.45
12	128	40	11.66
131	108	13	14.18
140	16	9	7.53
359	110	5	14.1
146	942	3	20.75
114	16	16	10.42
368	171	3	13.65
311	675	3	25.78
731	330	3	30.27
57	276	6	24.62
198	147	8	34.73
269	12	10	7.02
201	535	4	29.2
114	413	3	6.93
16	9	50	45.6
889	383	3	34.13
124	168	5	6.99
8	276	6	6.8
127	234	6	21.88
929	114	3	15.92
58	801	3	19.1
