2159	1
1029	2
557	3
1725	4
557	5
844	6
6765	7
5484	8
81	9
240	10
812	11
2806	12
4128	13
139	14
5433	15
48	16
68	17
6048	18
622	19
47	20
1511	21
6502	22
3721	23
453	24
252	25
6327	26
1275	27
526	28
2468	29
5113	30
264	31
1323	32
1630	33
5309	34
350	35
1168	36
4767	37
4201	38
6281	39
682	40
3028	41
1840	42
6721	43
1212	44
2147	45
473	46
6691	47
4559	48
6490	49
1975	50
1629	51
2178	52
3658	53
2167	54
1429	55
1122	56
2148	57
3351	58
1522	59
5538	60
313	61
6365	62
3093	63
4180	64
3455	65
5095	66
5983	67
3272	68
5617	69
588	70
91	71
3435	72
126	73
1028	74
61	75
5263	76
4562	77
3181	78
86	79
1421	80
4392	81
775	82
3454	83
227	84
123	85
3443	86
5594	87
6504	88
1303	89
3717	90
579	91
138	92
6711	93
6052	94
4381	95
1488	96
1488	97
699	98
335	99
2175	100
1811	101
614	102
137	103
38	104
2989	105
531	106
687	107
2935	108
1321	109
3618	110
2747	111
3587	112
4422	113
71	114
1221	115
2644	116
258	117
699	118
285	119
1473	120
3145	121
2822	122
1438	123
2077	124
5020	125
6712	126
180	127
399	128
372	129
264	130
5070	131
476	132
335	133
33	134
1828	135
401	136
91	137
798	138
1040	139
1361	140
1613	141
1	142
135	143
421	144
6171	145
4229	146
486	147
630	148
4535	149
1507	150
374	151
4499	152
41	153
317	154
5674	155
5215	156
3017	157
2405	158
4643	159
2641	160
6234	161
2310	162
2856	163
2259	164
3003	165
543	166
1794	167
398	168
14	169
663	170
4182	171
5007	172
3563	173
86	174
1612	175
6346	176
5558	177
3075	178
27	179
2594	180
523	181
119	182
1741	183
4147	184
4204	185
1757	186
6139	187
4252	188
5944	189
5375	190
5979	191
1390	192
5744	193
5402	194
5472	195
1653	196
1198	197
4103	198
2108	199
440	200
2352	201
1091	202
4664	203
179	204
3573	205
3264	206
3751	207
5379	208
775	209
247	210
1598	211
1464	212
1634	213
5849	214
3481	215
4982	216
1440	217
6000	218
2456	219
4288	220
2593	221
524	222
1674	223
3388	224
1265	225
3767	226
6500	227
44	228
1919	229
405	230
584	231
6059	232
1406	233
629	234
1895	235
5620	236
4378	237
233	238
644	239
792	240
667	241
2931	242
749	243
1162	244
5450	245
244	246
6350	247
4932	248
378	249
479	250
345	251
3677	252
1215	253
164	254
1770	255
6189	256
193	257
6519	258
467	259
5147	260
6103	261
13	262
5494	263
1137	264
6005	265
2347	266
906	267
284	268
335	269
4091	270
5096	271
2356	272
319	273
3644	274
6405	275
6680	276
2280	277
6256	278
3068	279
3269	280
3139	281
5351	282
4060	283
4395	284
1138	285
302	286
136	287
69	288
861	289
578	290
4785	291
1527	292
2988	293
797	294
1347	295
6439	296
1932	297
1939	298
3827	299
1420	300
3828	301
375	302
4393	303
2014	304
1859	305
2967	306
2976	307
194	308
6130	309
5405	310
3626	311
5574	312
2750	313
4989	314
2655	315
205	316
3179	317
6326	318
6321	319
61	320
1451	321
405	322
2982	323
621	324
1232	325
4061	326
6632	327
60	328
881	329
3675	330
621	331
4109	332
656	333
4388	334
2049	335
1435	336
648	337
3884	338
3534	339
5447	340
1003	341
52	342
1150	343
59	344
8	345
176	346
961	347
291	348
551	349
6142	350
382	351
1074	352
6145	353
4086	354
5622	355
4598	356
145	357
3613	358
406	359
3300	360
305	361
5963	362
2584	363
5331	364
3684	365
125	366
329	367
6404	368
1478	369
5789	370
599	371
6768	372
4311	373
238	374
4877	375
2251	376
197	377
179	378
27	379
3350	380
3924	381
838	382
3604	383
1470	384
6762	385
650	386
3567	387
5124	388
3570	389
1707	390
145	391
415	392
1112	393
933	394
1804	395
880	396
1705	397
66	398
5112	399
1178	400
103	401
3339	402
878	403
4557	404
1649	405
208	406
998	407
4607	408
6644	409
6389	410
1103	411
1103	412
1799	413
4247	414
6002	415
373	416
5556	417
6399	418
6157	419
612	420
1209	421
6692	422
303	423
1825	424
31	425
431	426
82	427
3372	428
5056	429
1599	430
43	431
1086	432
1373	433
1371	434
1195	435
319	436
1005	437
1369	438
3475	439
6334	440
1276	441
2897	442
2149	443
163	444
284	445
122	446
5526	447
346	448
2914	449
6515	450
35	451
3456	452
4885	453
1555	454
247	455
6518	456
4801	457
5788	458
2048	459
5559	460
1434	461
673	462
3464	463
3306	464
123	465
4739	466
3812	467
5857	468
2844	469
847	470
3793	471
48	472
5821	473
3341	474
32	475
5135	476
3703	477
2453	478
5253	479
1783	480
2	481
1630	482
1683	483
2387	484
105	485
1754	486
656	487
647	488
1078	489
16	490
2506	491
389	492
947	493
1015	494
2486	495
2050	496
4640	497
2264	498
1240	499
1241	500
1241	501
3085	502
5519	503
4583	504
1000	505
4701	506
6661	507
354	508
4719	509
4428	510
6336	511
8	512
22	513
3470	514
4476	515
3690	516
362	517
779	518
5034	519
190	520
4771	521
523	522
6742	523
1328	524
1720	525
224	526
348	527
1538	528
6776	529
2011	530
2171	531
4483	532
5605	533
713	534
6574	535
632	536
53	537
966	538
3985	539
5530	540
4653	541
2723	542
691	543
1094	544
13	545
5182	546
1665	547
3462	548
11	549
412	550
786	551
776	552
108	553
1365	554
6668	555
307	556
6219	557
6284	558
4037	559
40	560
179	561
2868	562
6245	563
6225	564
2986	565
891	566
2184	567
633	568
3864	569
287	570
235	571
3150	572
6431	573
2370	574
3732	575
2936	576
4789	577
1961	578
1674	579
1960	580
6148	581
5148	582
4066	583
1254	584
360	585
736	586
793	587
6620	588
949	589
3396	590
718	591
1655	592
6707	593
5555	594
6752	595
1286	596
5449	597
969	598
79	599
1220	600
1670	601
1598	602
1078	603
4141	604
1797	605
1291	606
1632	607
3999	608
288	609
1182	610
3799	611
5126	612
1944	613
1632	614
6047	615
1894	616
6058	617
6208	618
17	619
507	620
147	621
5286	622
452	623
2064	624
1197	625
1144	626
389	627
900	628
6140	629
6108	630
1671	631
3561	632
1014	633
4107	634
4099	635
134	636
1163	637
742	638
159	639
1356	640
4548	641
3082	642
5784	643
6054	644
5163	645
5024	646
2636	647
426	648
4129	649
6622	650
631	651
6216	652
285	653
1075	654
5751	655
1912	656
5064	657
246	658
1424	659
1356	660
1677	661
6406	662
2122	663
1	664
738	665
4811	666
1467	667
5581	668
4298	669
6384	670
5960	671
6274	672
586	673
1745	674
6602	675
1279	676
1399	677
1740	678
2714	679
1553	680
2140	681
1379	682
609	683
255	684
2257	685
4755	686
6751	687
5422	688
6407	689
887	690
1694	691
148	692
6681	693
5830	694
6247	695
5974	696
129	697
1902	698
4255	699
5369	700
1328	701
4872	702
4786	703
1141	704
593	705
6440	706
1582	707
3291	708
1542	709
5803	710
3037	711
1453	712
6261	713
6441	714
4486	715
860	716
5899	717
3314	718
4990	719
536	720
4163	721
1778	722
927	723
5668	724
6596	725
5584	726
6437	727
1756	728
83	729
638	730
6454	731
1296	732
6233	733
4649	734
58	735
3797	736
877	737
4383	738
5181	739
167	740
3297	741
1417	742
2427	743
17	744
99	745
1856	746
2872	747
671	748
3290	749
616	750
6196	751
4253	752
5210	753
1224	754
1663	755
1154	756
1196	757
2069	758
751	759
5966	760
2163	761
1546	762
611	763
2009	764
787	765
5639	766
1983	767
1348	768
2542	769
88	770
269	771
2620	772
5621	773
5651	774
1481	775
49	776
49	777
49	778
3023	779
323	780
323	781
2612	782
324	783
153	784
135	785
3571	786
821	787
1214	788
1516	789
256	790
3643	791
1250	792
4839	793
164	794
6390	795
1261	796
377	797
1039	798
383	799
651	800
434	801
375	802
1529	803
3202	804
6013	805
28	806
70	807
1501	808
1383	809
824	810
574	811
6149	812
5792	813
256	814
2966	815
204	816
113	817
11	818
18	819
5221	820
5844	821
1109	822
5701	823
5986	824
827	825
3239	826
675	827
2	828
4939	829
4479	830
124	831
92	832
1286	833
1551	834
1544	835
1517	836
4118	837
8	838
12	839
1203	840
237	841
4831	842
4442	843
1142	844
3251	845
6211	846
5357	847
85	848
3777	849
4275	850
388	851
388	852
6041	853
2026	854
2	855
627	856
873	857
2564	858
6383	859
255	860
6676	861
2034	862
2862	863
630	864
3205	865
1308	866
126	867
1681	868
5721	869
175	870
5346	871
251	872
4444	873
4	874
6760	875
1585	876
150	877
46	878
2625	879
32	880
5506	881
5640	882
684	883
3803	884
2514	885
2734	886
230	887
223	888
58	889
1776	890
1119	891
43	892
2189	893
722	894
6673	895
6491	896
1766	897
5065	898
1201	899
101	900
4500	901
1941	902
5057	903
3637	904
1196	905
2994	906
4922	907
565	908
4971	909
66	910
136	911
1237	912
1588	913
4470	914
848	915
3147	916
471	917
920	918
1425	919
3647	920
1509	921
4009	922
241	923
705	924
265	925
403	926
6074	927
216	928
6185	929
4547	930
5235	931
5270	932
1790	933
436	934
1288	935
902	936
1943	937
1788	938
320	939
1360	940
5769	941
4220	942
4420	943
205	944
5906	945
530	946
5689	947
560	948
4848	949
668	950
1458	951
1522	952
2964	953
4089	954
152	955
5833	956
143	957
1225	958
3923	959
914	960
35	961
3653	962
5388	963
2054	964
20	965
70	966
5546	967
552	968
213	969
85	970
2938	971
2172	972
24	973
1067	974
2426	975
4976	976
1479	977
921	978
246	979
1311	980
1525	981
585	982
4687	983
313	984
313	985
5823	986
510	987
131	988
6267	989
620	990
804	991
3230	992
2228	993
3104	994
484	995
5104	996
110	997
4972	998
4216	999
3628	1000
608	1001
673	1002
6539	1003
531	1004
6093	1005
2375	1006
5260	1007
1136	1008
1537	1009
2484	1010
1147	1011
199	1012
3635	1013
694	1014
5811	1015
2588	1016
1434	1017
2654	1018
321	1019
4765	1020
3406	1021
5	1022
3004	1023
1155	1024
4193	1025
1618	1026
5173	1027
1361	1028
1718	1029
1020	1030
3515	1031
3156	1032
3823	1033
6400	1034
1334	1035
486	1036
308	1037
6428	1038
707	1039
6166	1040
405	1041
707	1042
2248	1043
2803	1044
5785	1045
600	1046
1205	1047
817	1048
52	1049
323	1050
1218	1051
164	1052
180	1053
109	1054
219	1055
95	1056
658	1057
4994	1058
4851	1059
949	1060
4432	1061
4307	1062
207	1063
3990	1064
1795	1065
233	1066
4069	1067
1008	1068
322	1069
3053	1070
218	1071
51	1072
6313	1073
1110	1074
155	1075
3896	1076
3271	1077
5616	1078
6716	1079
3426	1080
1259	1081
54	1082
1482	1083
5630	1084
3865	1085
2853	1086
632	1087
449	1088
86	1089
4172	1090
40	1091
2056	1092
1036	1093
5068	1094
4659	1095
839	1096
5142	1097
927	1098
1580	1099
6442	1100
4282	1101
6427	1102
3782	1103
384	1104
4333	1105
3021	1106
5430	1107
3460	1108
2408	1109
626	1110
2939	1111
4024	1112
496	1113
6468	1114
931	1115
5269	1116
6303	1117
6305	1118
2487	1119
6713	1120
1487	1121
5	1122
89	1123
89	1124
89	1125
4973	1126
845	1127
3968	1128
324	1129
6559	1130
6051	1131
12	1132
787	1133
146	1134
743	1135
708	1136
6542	1137
2643	1138
645	1139
6160	1140
6530	1141
5457	1142
5458	1143
5957	1144
1647	1145
837	1146
30	1147
3121	1148
1089	1149
1041	1150
4961	1151
52	1152
5876	1153
5809	1154
6626	1155
32	1156
5184	1157
2389	1158
562	1159
6097	1160
2944	1161
478	1162
1918	1163
948	1164
533	1165
2133	1166
2042	1167
3226	1168
2787	1169
3536	1170
4309	1171
349	1172
1333	1173
1755	1174
4539	1175
3485	1176
3433	1177
1094	1178
6697	1179
4355	1180
5653	1181
214	1182
701	1183
701	1184
856	1185
2949	1186
6085	1187
3987	1188
5291	1189
1535	1190
5243	1191
3954	1192
2913	1193
4181	1194
6693	1195
6755	1196
2929	1197
4965	1198
2272	1199
3469	1200
428	1201
5531	1202
3258	1203
1098	1204
2848	1205
1125	1206
14	1207
196	1208
3725	1209
5140	1210
5438	1211
5965	1212
6725	1213
5654	1214
3214	1215
2940	1216
4211	1217
140	1218
3495	1219
3217	1220
2924	1221
1309	1222
4195	1223
6087	1224
368	1225
3556	1226
479	1227
5638	1228
79	1229
6063	1230
3176	1231
2176	1232
3357	1233
2355	1234
1568	1235
81	1236
1780	1237
2177	1238
6331	1239
1107	1240
1107	1241
6583	1242
9	1243
294	1244
6043	1245
2839	1246
293	1247
964	1248
6307	1249
3479	1250
1139	1251
63	1252
411	1253
638	1254
1574	1255
964	1256
5131	1257
2525	1258
3508	1259
880	1260
6223	1261
3770	1262
5547	1263
1693	1264
672	1265
1407	1266
84	1267
91	1268
1117	1269
188	1270
1891	1271
4609	1272
6569	1273
1167	1274
6739	1275
5066	1276
3947	1277
5775	1278
3552	1279
21	1280
6098	1281
300	1282
4277	1283
3599	1284
410	1285
3022	1286
3766	1287
1441	1288
6254	1289
4584	1290
5658	1291
6411	1292
4662	1293
3523	1294
87	1295
972	1296
277	1297
566	1298
242	1299
4783	1300
438	1301
52	1302
1306	1303
566	1304
1309	1305
1215	1306
2610	1307
764	1308
1635	1309
1227	1310
3558	1311
915	1312
5011	1313
5661	1314
4340	1315
3371	1316
1622	1317
210	1318
3979	1319
104	1320
3694	1321
453	1322
6067	1323
3555	1324
47	1325
6608	1326
1004	1327
6301	1328
6698	1329
6061	1330
993	1331
2833	1332
1713	1333
1257	1334
6082	1335
4864	1336
5635	1337
4718	1338
236	1339
5362	1340
363	1341
2327	1342
514	1343
1829	1344
2019	1345
1926	1346
3407	1347
1727	1348
1727	1349
580	1350
4168	1351
480	1352
4116	1353
4384	1354
1277	1355
349	1356
6495	1357
1029	1358
888	1359
245	1360
245	1361
4629	1362
83	1363
3238	1364
978	1365
2748	1366
6099	1367
5525	1368
1625	1369
3488	1370
4080	1371
6152	1372
3	1373
710	1374
491	1375
3801	1376
3	1377
1844	1378
325	1379
491	1380
1559	1381
4053	1382
62	1383
5662	1384
3016	1385
132	1386
1541	1387
903	1388
406	1389
2279	1390
665	1391
665	1392
515	1393
515	1394
469	1395
1746	1396
38	1397
4285	1398
2186	1399
1365	1400
1414	1401
4697	1402
4787	1403
3839	1404
1202	1405
1202	1406
2531	1407
121	1408
2185	1409
1330	1410
324	1411
513	1412
334	1413
4758	1414
555	1415
1343	1416
450	1417
2504	1418
1106	1419
4007	1420
4020	1421
2475	1422
6708	1423
517	1424
517	1425
2854	1426
4076	1427
1800	1428
5592	1429
6177	1430
6655	1431
974	1432
3453	1433
2188	1434
488	1435
636	1436
39	1437
6227	1438
84	1439
192	1440
5670	1441
6228	1442
23	1443
1596	1444
4391	1445
4417	1446
101	1447
1349	1448
348	1449
6277	1450
3715	1451
995	1452
2258	1453
2543	1454
932	1455
42	1456
3015	1457
1236	1458
3019	1459
735	1460
2333	1461
1282	1462
627	1463
44	1464
4525	1465
29	1466
4577	1467
4536	1468
4505	1469
507	1470
240	1471
1735	1472
381	1473
601	1474
5812	1475
5150	1476
6332	1477
3191	1478
1153	1479
5199	1480
1114	1481
5075	1482
5467	1483
3383	1484
347	1485
269	1486
4793	1487
3408	1488
651	1489
3921	1490
5646	1491
1219	1492
3791	1493
90	1494
3140	1495
3882	1496
93	1497
93	1498
93	1499
490	1500
6395	1501
16	1502
3450	1503
43	1504
315	1505
288	1506
35	1507
575	1508
5992	1509
321	1510
1781	1511
1826	1512
40	1513
1641	1514
87	1515
2287	1516
461	1517
5947	1518
939	1519
928	1520
6604	1521
410	1522
3038	1523
1315	1524
1003	1525
2712	1526
6597	1527
4582	1528
9	1529
5261	1530
3847	1531
619	1532
3073	1533
1747	1534
6652	1535
3039	1536
1238	1537
4836	1538
1838	1539
1822	1540
1566	1541
309	1542
331	1543
4377	1544
3909	1545
1668	1546
1216	1547
502	1548
4155	1549
671	1550
252	1551
2197	1552
3769	1553
52	1554
400	1555
472	1556
843	1557
445	1558
4412	1559
6387	1560
3471	1561
3229	1562
5188	1563
1329	1564
20	1565
19	1566
6373	1567
5680	1568
5488	1569
4571	1570
5539	1571
1278	1572
3243	1573
4682	1574
204	1575
48	1576
2206	1577
3161	1578
99	1579
4711	1580
4452	1581
5822	1582
3802	1583
2367	1584
1781	1585
79	1586
2947	1587
1490	1588
1490	1589
806	1590
2357	1591
351	1592
3529	1593
5475	1594
1375	1595
429	1596
739	1597
3745	1598
743	1599
2070	1600
2398	1601
2187	1602
61	1603
1395	1604
694	1605
439	1606
6573	1607
2455	1608
747	1609
4924	1610
1653	1611
1784	1612
2498	1613
729	1614
2152	1615
5958	1616
3957	1617
870	1618
1183	1619
205	1620
143	1621
3484	1622
4058	1623
3965	1624
194	1625
331	1626
4907	1627
2725	1628
657	1629
136	1630
206	1631
152	1632
110	1633
747	1634
2043	1635
3315	1636
925	1637
914	1638
6732	1639
3826	1640
1695	1641
1097	1642
3254	1643
2038	1644
136	1645
5678	1646
370	1647
1619	1648
4448	1649
2889	1650
3905	1651
543	1652
649	1653
4937	1654
3431	1655
5105	1656
5138	1657
337	1658
28	1659
538	1660
646	1661
1302	1662
6650	1663
2418	1664
2463	1665
4892	1666
139	1667
5107	1668
320	1669
4137	1670
517	1671
666	1672
6434	1673
2523	1674
6584	1675
157	1676
232	1677
506	1678
212	1679
688	1680
1258	1681
492	1682
4706	1683
5090	1684
3136	1685
3716	1686
1577	1687
15	1688
2878	1689
17	1690
1118	1691
1327	1692
6318	1693
156	1694
4465	1695
127	1696
766	1697
5098	1698
1508	1699
1970	1700
6271	1701
4717	1702
5071	1703
1991	1704
1180	1705
478	1706
994	1707
718	1708
1278	1709
5760	1710
1337	1711
642	1712
272	1713
1884	1714
153	1715
5925	1716
64	1717
1139	1718
6	1719
4016	1720
1211	1721
618	1722
1047	1723
1083	1724
305	1725
1447	1726
123	1727
1481	1728
2433	1729
2094	1730
4328	1731
441	1732
1211	1733
2866	1734
4115	1735
1180	1736
5087	1737
4589	1738
600	1739
4473	1740
666	1741
5146	1742
6587	1743
6603	1744
703	1745
5310	1746
4003	1747
250	1748
861	1749
4970	1750
5509	1751
2436	1752
2864	1753
4046	1754
1635	1755
1954	1756
144	1757
192	1758
365	1759
402	1760
5324	1761
1282	1762
999	1763
1480	1764
1052	1765
1254	1766
148	1767
689	1768
5285	1769
4960	1770
5307	1771
3939	1772
1039	1773
6678	1774
4604	1775
4146	1776
134	1777
5179	1778
2733	1779
1237	1780
1148	1781
3422	1782
862	1783
2499	1784
1140	1785
1353	1786
305	1787
129	1788
4898	1789
858	1790
763	1791
5718	1792
130	1793
134	1794
3692	1795
2782	1796
4366	1797
1388	1798
1026	1799
999	1800
4964	1801
2449	1802
4354	1803
3158	1804
3092	1805
235	1806
870	1807
702	1808
2142	1809
6598	1810
126	1811
6168	1812
181	1813
813	1814
2517	1815
5752	1816
56	1817
1091	1818
6215	1819
325	1820
5826	1821
5492	1822
284	1823
6290	1824
325	1825
5033	1826
1798	1827
582	1828
2030	1829
5255	1830
3444	1831
4430	1832
5195	1833
1065	1834
1493	1835
3736	1836
4715	1837
110	1838
265	1839
6032	1840
1340	1841
1719	1842
6671	1843
1731	1844
273	1845
4174	1846
2816	1847
5930	1848
2432	1849
983	1850
1620	1851
559	1852
3601	1853
5355	1854
789	1855
2326	1856
803	1857
398	1858
80	1859
265	1860
1880	1861
3273	1862
1318	1863
4721	1864
6135	1865
4799	1866
4593	1867
6316	1868
2834	1869
3892	1870
374	1871
4580	1872
6308	1873
5	1874
3975	1875
745	1876
4591	1877
21	1878
1791	1879
1252	1880
104	1881
201	1882
285	1883
79	1884
1777	1885
4928	1886
6056	1887
2353	1888
2031	1889
3972	1890
5716	1891
3862	1892
1070	1893
681	1894
223	1895
1492	1896
2536	1897
152	1898
3902	1899
400	1900
164	1901
5088	1902
371	1903
1496	1904
2193	1905
2512	1906
4263	1907
5772	1908
6143	1909
3760	1910
1623	1911
6008	1912
5953	1913
1223	1914
676	1915
3335	1916
2465	1917
2495	1918
603	1919
1	1920
1418	1921
337	1922
501	1923
6369	1924
4844	1925
78	1926
5755	1927
3304	1928
323	1929
266	1930
1517	1931
6773	1932
4456	1933
4026	1934
5804	1935
5158	1936
1474	1937
5082	1938
57	1939
567	1940
301	1941
194	1942
4797	1943
4257	1944
5411	1945
5345	1946
1570	1947
1791	1948
229	1949
4938	1950
872	1951
5741	1952
379	1953
1142	1954
46	1955
4552	1956
5779	1957
868	1958
2445	1959
1042	1960
5257	1961
2819	1962
829	1963
3281	1964
1489	1965
816	1966
1929	1967
4	1968
2528	1969
73	1970
73	1971
1316	1972
48	1973
1514	1974
33	1975
1394	1976
5645	1977
2119	1978
4018	1979
538	1980
1976	1981
5915	1982
2138	1983
1907	1984
6364	1985
706	1986
945	1987
1072	1988
1651	1989
3	1990
3452	1991
1678	1992
5776	1993
2	1994
2922	1995
712	1996
1597	1997
348	1998
5304	1999
700	2000
2469	2001
1108	2002
63	2003
751	2004
1175	2005
2214	2006
1396	2007
3888	2008
1248	2009
6378	2010
1946	2011
419	2012
2970	2013
5903	2014
4508	2015
142	2016
221	2017
444	2018
1380	2019
774	2020
1949	2021
425	2022
2173	2023
1668	2024
1377	2025
312	2026
4993	2027
3257	2028
1971	2029
3	2030
5448	2031
104	2032
4804	2033
2797	2034
1171	2035
3678	2036
5320	2037
6624	2038
6627	2039
5850	2040
539	2041
6450	2042
1586	2043
60	2044
1985	2045
110	2046
5694	2047
1187	2048
371	2049
117	2050
301	2051
3054	2052
1045	2053
3326	2054
6482	2055
572	2056
1721	2057
6072	2058
4258	2059
359	2060
4734	2061
229	2062
229	2063
4032	2064
519	2065
4047	2066
821	2067
3920	2068
6366	2069
5886	2070
4980	2071
654	2072
122	2073
6416	2074
6647	2075
2544	2076
6547	2077
275	2078
801	2079
4985	2080
180	2081
5474	2082
4859	2083
1848	2084
99	2085
1206	2086
1657	2087
4605	2088
528	2089
834	2090
105	2091
12	2092
1552	2093
297	2094
361	2095
9	2096
9	2097
1466	2098
657	2099
1583	2100
4554	2101
1428	2102
1249	2103
4549	2104
196	2105
1872	2106
2052	2107
1646	2108
544	2109
5418	2110
1731	2111
1345	2112
509	2113
2323	2114
4626	2115
4213	2116
5380	2117
2388	2118
1467	2119
4542	2120
691	2121
4429	2122
3597	2123
507	2124
339	2125
54	2126
55	2127
3820	2128
4489	2129
1512	2130
21	2131
667	2132
4957	2133
945	2134
3482	2135
36	2136
4106	2137
1148	2138
3246	2139
344	2140
3153	2141
697	2142
264	2143
1603	2144
79	2145
1581	2146
275	2147
4475	2148
8	2149
545	2150
547	2151
2705	2152
1758	2153
6429	2154
3	2155
3363	2156
2786	2157
3358	2158
158	2159
2158	2160
4943	2161
365	2162
1631	2163
3969	2164
563	2165
3213	2166
248	2167
206	2168
171	2169
6084	2170
41	2171
566	2172
672	2173
23	2174
664	2175
496	2176
2973	2177
4221	2178
696	2179
209	2180
740	2181
157	2182
305	2183
1468	2184
4817	2185
3128	2186
5330	2187
2894	2188
607	2189
2571	2190
644	2191
4	2192
5289	2193
1841	2194
332	2195
602	2196
543	2197
3754	2198
6402	2199
3234	2200
114	2201
283	2202
1599	2203
1906	2204
79	2205
1570	2206
5909	2207
149	2208
637	2209
4602	2210
556	2211
199	2212
386	2213
2567	2214
534	2215
6380	2216
1790	2217
59	2218
5757	2219
4679	2220
2055	2221
1788	2222
3671	2223
4404	2224
683	2225
1462	2226
3851	2227
1182	2228
589	2229
2930	2230
1558	2231
3115	2232
1170	2233
6311	2234
3805	2235
3814	2236
5226	2237
979	2238
832	2239
6541	2240
654	2241
4526	2242
4686	2243
237	2244
5482	2245
6581	2246
936	2247
3087	2248
5551	2249
4948	2250
2372	2251
3705	2252
2285	2253
3436	2254
58	2255
1068	2256
1213	2257
6710	2258
524	2259
6421	2260
2343	2261
6117	2262
6367	2263
1059	2264
918	2265
1353	2266
1527	2267
1049	2268
2204	2269
2565	2270
5542	2271
3223	2272
3623	2273
4531	2274
5860	2275
5867	2276
811	2277
3624	2278
78	2279
5820	2280
5713	2281
4509	2282
3697	2283
924	2284
2302	2285
3617	2286
3616	2287
1111	2288
4515	2289
149	2290
5469	2291
6182	2292
94	2293
94	2294
2067	2295
1972	2296
5262	2297
5862	2298
210	2299
5129	2300
438	2301
85	2302
641	2303
1075	2304
5912	2305
5846	2306
166	2307
5642	2308
544	2309
534	2310
4185	2311
5091	2312
3761	2313
3055	2314
616	2315
544	2316
5141	2317
5256	2318
6169	2319
4900	2320
6110	2321
1785	2322
3729	2323
1093	2324
924	2325
217	2326
1651	2327
6239	2328
2998	2329
4300	2330
37	2331
1443	2332
4474	2333
4827	2334
4159	2335
3973	2336
199	2337
520	2338
2183	2339
3134	2340
41	2341
6595	2342
41	2343
20	2344
5317	2345
1300	2346
3126	2347
3730	2348
274	2349
2162	2350
1719	2351
1498	2352
6191	2353
435	2354
4947	2355
46	2356
1451	2357
3607	2358
1436	2359
6499	2360
5046	2361
3107	2362
3027	2363
3966	2364
366	2365
21	2366
3343	2367
31	2368
143	2369
3843	2370
5705	2371
4861	2372
4272	2373
461	2374
2838	2375
395	2376
5512	2377
5417	2378
2376	2379
6754	2380
3738	2381
3620	2382
590	2383
276	2384
4488	2385
1667	2386
6282	2387
5866	2388
2384	2389
4660	2390
6485	2391
350	2392
5228	2393
380	2394
2535	2395
197	2396
406	2397
5996	2398
3203	2399
6201	2400
3874	2401
5943	2402
5816	2403
640	2404
2583	2405
4941	2406
5961	2407
1503	2408
2870	2409
290	2410
597	2411
4497	2412
805	2413
1916	2414
3958	2415
5413	2416
5281	2417
182	2418
209	2419
2437	2420
1694	2421
4424	2422
5123	2423
5848	2424
122	2425
1160	2426
278	2427
5081	2428
5854	2429
3560	2430
1413	2431
1405	2432
4623	2433
2491	2434
4794	2435
6128	2436
484	2437
869	2438
1519	2439
3631	2440
209	2441
340	2442
6750	2443
5738	2444
5109	2445
1357	2446
2678	2447
6423	2448
6492	2449
177	2450
177	2451
1398	2452
5332	2453
6572	2454
2683	2455
5513	2456
796	2457
3977	2458
3110	2459
1793	2460
455	2461
1191	2462
6088	2463
1057	2464
131	2465
1621	2466
1631	2467
6089	2468
764	2469
587	2470
4692	2471
855	2472
3377	2473
6452	2474
1953	2475
769	2476
28	2477
87	2478
296	2479
2885	2480
123	2481
412	2482
2402	2483
1152	2484
1444	2485
6147	2486
643	2487
3204	2488
4935	2489
1247	2490
1064	2491
214	2492
905	2493
5969	2494
2106	2495
1248	2496
4347	2497
336	2498
6645	2499
23	2500
67	2501
4234	2502
454	2503
3666	2504
1613	2505
4335	2506
166	2507
4	2508
546	2509
4244	2510
372	2511
3608	2512
4495	2513
2207	2514
1437	2515
3142	2516
1614	2517
402	2518
1	2519
1	2520
5995	2521
1999	2522
1484	2523
5758	2524
50	2525
3155	2526
2500	2527
850	2528
1408	2529
7	2530
7	2531
2776	2532
6775	2533
151	2534
1680	2535
3124	2536
1394	2537
4661	2538
5327	2539
2046	2540
22	2541
4919	2542
4291	2543
4070	2544
3114	2545
5790	2546
685	2547
5452	2548
151	2549
298	2550
4908	2551
1024	2552
5333	2553
6501	2554
4594	2555
3458	2556
571	2557
222	2558
5861	2559
2073	2560
753	2561
376	2562
1477	2563
2406	2564
5483	2565
3787	2566
449	2567
5101	2568
4550	2569
3089	2570
4597	2571
652	2572
1607	2573
3225	2574
2711	2575
5193	2576
1234	2577
5473	2578
3265	2579
4250	2580
3360	2581
3853	2582
14	2583
2492	2584
1568	2585
1217	2586
670	2587
117	2588
1701	2589
1054	2590
1537	2591
2672	2592
1532	2593
4894	2594
3993	2595
10	2596
1751	2597
1539	2598
6777	2599
6757	2600
2339	2601
66	2602
15	2603
469	2604
50	2605
186	2606
6748	2607
6083	2608
2443	2609
1557	2610
4708	2611
5278	2612
6409	2613
682	2614
4984	2615
5301	2616
4251	2617
1973	2618
1858	2619
1627	2620
1615	2621
6265	2622
3131	2623
6262	2624
1226	2625
3244	2626
2266	2627
841	2628
70	2629
1713	2630
5927	2631
677	2632
2391	2633
304	2634
1113	2635
2742	2636
5219	2637
1575	2638
3183	2639
3414	2640
253	2641
253	2642
253	2643
1307	2644
2127	2645
2912	2646
5487	2647
1654	2648
2811	2649
3790	2650
2876	2651
6342	2652
824	2653
6210	2654
548	2655
1065	2656
2738	2657
738	2658
5858	2659
690	2660
1188	2661
5002	2662
1194	2663
387	2664
4308	2665
503	2666
239	2667
6188	2668
3380	2669
6016	2670
80	2671
1633	2672
6642	2673
88	2674
2423	2675
5287	2676
1176	2677
5406	2678
2365	2679
5063	2680
5745	2681
1292	2682
6155	2683
482	2684
4917	2685
160	2686
2227	2687
81	2688
5328	2689
574	2690
6422	2691
599	2692
826	2693
1288	2694
1349	2695
6385	2696
1026	2697
4050	2698
772	2699
3758	2700
4766	2701
2401	2702
2516	2703
12	2704
4274	2705
1478	2706
5696	2707
136	2708
4215	2709
1642	2710
27	2711
1450	2712
3044	2713
976	2714
28	2715
6484	2716
411	2717
2022	2718
397	2719
2617	2720
413	2721
212	2722
3997	2723
1962	2724
3953	2725
3442	2726
4467	2727
4025	2728
292	2729
461	2730
4996	2731
1332	2732
3856	2733
5829	2734
686	2735
2213	2736
2657	2737
760	2738
2975	2739
46	2740
539	2741
5366	2742
2396	2743
2658	2744
2842	2745
2349	2746
5676	2747
1154	2748
1275	2749
1528	2750
688	2751
1397	2752
2741	2753
55	2754
11	2755
53	2756
2561	2757
5582	2758
5934	2759
899	2760
2581	2761
5540	2762
928	2763
1687	2764
3063	2765
5593	2766
192	2767
165	2768
6363	2769
6115	2770
2200	2771
5027	2772
31	2773
6325	2774
1863	2775
4108	2776
1109	2777
5344	2778
77	2779
5743	2780
234	2781
733	2782
2972	2783
1820	2784
441	2785
626	2786
17	2787
2770	2788
768	2789
3895	2790
147	2791
1370	2792
1136	2793
485	2794
3329	2795
5691	2796
568	2797
498	2798
5517	2799
3722	2800
5851	2801
970	2802
1414	2803
221	2804
4351	2805
4283	2806
3344	2807
1767	2808
391	2809
106	2810
384	2811
739	2812
6304	2813
6106	2814
2903	2815
5619	2816
2676	2817
6465	2818
3918	2819
5099	2820
3233	2821
6688	2822
5587	2823
3340	2824
6299	2825
1638	2826
6417	2827
1625	2828
4673	2829
2590	2830
6720	2831
212	2832
212	2833
5768	2834
346	2835
2745	2836
575	2837
2476	2838
3775	2839
6543	2840
2850	2841
1796	2842
1366	2843
3275	2844
5356	2845
1662	2846
3804	2847
6230	2848
1491	2849
35	2850
1124	2851
220	2852
1359	2853
120	2854
10	2855
802	2856
6214	2857
885	2858
892	2859
3686	2860
1425	2861
2832	2862
5641	2863
5606	2864
591	2865
2680	2866
1002	2867
1917	2868
33	2869
3476	2870
809	2871
2681	2872
5516	2873
546	2874
720	2875
82	2876
5282	2877
1642	2878
3609	2879
1105	2880
3098	2881
2269	2882
18	2883
5092	2884
68	2885
2074	2886
1456	2887
3390	2888
4820	2889
10	2890
2368	2891
660	2892
5871	2893
1131	2894
40	2895
2622	2896
2948	2897
2166	2898
4030	2899
2029	2900
5189	2901
28	2902
230	2903
4782	2904
60	2905
4854	2906
60	2907
3603	2908
314	2909
314	2910
82	2911
6528	2912
669	2913
525	2914
4740	2915
4666	2916
2473	2917
2321	2918
702	2919
1076	2920
5110	2921
161	2922
6554	2923
5923	2924
1320	2925
1611	2926
558	2927
5878	2928
5875	2929
189	2930
370	2931
32	2932
2732	2933
5933	2934
3950	2935
3779	2936
2570	2937
765	2938
5137	2939
5161	2940
567	2941
4784	2942
6358	2943
2779	2944
80	2945
4910	2946
1263	2947
5121	2948
5298	2949
2283	2950
1035	2951
551	2952
4177	2953
69	2954
5532	2955
4281	2956
4665	2957
801	2958
3188	2959
5725	2960
6030	2961
1623	2962
3937	2963
1899	2964
2689	2965
4101	2966
6473	2967
5882	2968
267	2969
4111	2970
1062	2971
5339	2972
312	2973
1763	2974
3583	2975
3537	2976
1445	2977
311	2978
1056	2979
6183	2980
5518	2981
97	2982
97	2983
1122	2984
3451	2985
5186	2986
4695	2987
643	2988
4336	2989
3478	2990
628	2991
562	2992
6009	2993
2222	2994
3342	2995
2198	2996
3665	2997
2219	2998
68	2999
1753	3000
45	3001
2762	3002
104	3003
409	3004
2626	3005
2025	3006
971	3007
1137	3008
959	3009
2095	3010
730	3011
1280	3012
42	3013
1185	3014
73	3015
6064	3016
5980	3017
2312	3018
1290	3019
6029	3020
1492	3021
1699	3022
1225	3023
1802	3024
468	3025
118	3026
1538	3027
3101	3028
2085	3029
6037	3030
2212	3031
5901	3032
5588	3033
1022	3034
5889	3035
5647	3036
1080	3037
3810	3038
6007	3039
316	3040
6715	3041
644	3042
4028	3043
795	3044
5522	3045
6511	3046
1549	3047
477	3048
4112	3049
35	3050
6094	3051
6377	3052
792	3053
4095	3054
1299	3055
2336	3056
4716	3057
1044	3058
2480	3059
4833	3060
5315	3061
1864	3062
1368	3063
737	3064
96	3065
72	3066
2673	3067
6	3068
6727	3069
1952	3070
322	3071
5008	3072
3568	3073
865	3074
1084	3075
800	3076
6296	3077
5521	3078
2807	3079
5499	3080
500	3081
6562	3082
1845	3083
327	3084
1913	3085
327	3086
761	3087
338	3088
1432	3089
840	3090
1192	3091
726	3092
4586	3093
4512	3094
472	3095
2371	3096
1326	3097
4736	3098
272	3099
2905	3100
2917	3101
3	3102
6524	3103
3303	3104
2774	3105
230	3106
3025	3107
5156	3108
2102	3109
1621	3110
2107	3111
525	3112
1	3113
6257	3114
162	3115
5628	3116
4675	3117
108	3118
2752	3119
6207	3120
5275	3121
3501	3122
185	3123
185	3124
2677	3125
6	3126
62	3127
185	3128
2289	3129
338	3130
1164	3131
5335	3132
2440	3133
6205	3134
4014	3135
522	3136
97	3137
2262	3138
1317	3139
5972	3140
42	3141
3995	3142
188	3143
6419	3144
1699	3145
3615	3146
5667	3147
782	3148
5432	3149
6446	3150
2447	3151
3459	3152
3215	3153
6615	3154
2566	3155
3636	3156
6646	3157
5902	3158
2446	3159
1720	3160
1326	3161
1874	3162
341	3163
2466	3164
4748	3165
5311	3166
2720	3167
4056	3168
3467	3169
5626	3170
198	3171
170	3172
1773	3173
1262	3174
3695	3175
134	3176
4083	3177
3819	3178
1380	3179
2091	3180
5117	3181
6709	3182
916	3183
1298	3184
119	3185
2146	3186
67	3187
5956	3188
1013	3189
5684	3190
1951	3191
1579	3192
1	3193
1714	3194
1888	3195
3922	3196
214	3197
1308	3198
3648	3199
586	3200
643	3201
416	3202
5343	3203
4059	3204
734	3205
1645	3206
6461	3207
3274	3208
1162	3209
3190	3210
1412	3211
586	3212
822	3213
159	3214
1432	3215
5410	3216
269	3217
898	3218
3	3219
6213	3220
1324	3221
896	3222
327	3223
1400	3224
5728	3225
72	3226
6159	3227
1268	3228
211	3229
383	3230
712	3231
3693	3232
1600	3233
967	3234
1850	3235
726	3236
5810	3237
4572	3238
130	3239
5250	3240
2084	3241
1207	3242
1171	3243
6312	3244
5528	3245
6250	3246
533	3247
526	3248
4372	3249
4162	3250
18	3251
6192	3252
4983	3253
714	3254
29	3255
5154	3256
942	3257
18	3258
146	3259
172	3260
882	3261
1382	3262
1183	3263
1339	3264
6	3265
259	3266
4761	3267
1391	3268
5799	3269
3439	3270
5145	3271
2225	3272
6563	3273
590	3274
613	3275
1323	3276
3511	3277
5511	3278
5685	3279
2740	3280
232	3281
2722	3282
5982	3283
1058	3284
155	3285
137	3286
4615	3287
41	3288
1573	3289
4619	3290
4999	3291
457	3292
1572	3293
1259	3294
254	3295
4981	3296
5185	3297
1314	3298
1681	3299
3007	3300
994	3301
4487	3302
6178	3303
3352	3304
3959	3305
5171	3306
5507	3307
5536	3308
4425	3309
3001	3310
3579	3311
782	3312
169	3313
210	3314
2773	3315
5143	3316
4280	3317
315	3318
6521	3319
4477	3320
1658	3321
3964	3322
3586	3323
1145	3324
1452	3325
756	3326
1402	3327
1391	3328
595	3329
5863	3330
1060	3331
271	3332
4891	3333
3120	3334
306	3335
694	3336
107	3337
5959	3338
222	3339
2713	3340
4775	3341
105	3342
254	3343
659	3344
997	3345
754	3346
1766	3347
4631	3348
3724	3349
3700	3350
59	3351
598	3352
603	3353
866	3354
1661	3355
1664	3356
636	3357
49	3358
3419	3359
1921	3360
1306	3361
564	3362
3578	3363
4179	3364
2907	3365
2231	3366
2746	3367
6298	3368
2109	3369
6611	3370
158	3371
2921	3372
5905	3373
162	3374
1144	3375
1357	3376
5940	3377
2249	3378
1255	3379
1433	3380
5061	3381
142	3382
142	3383
246	3384
170	3385
5941	3386
692	3387
2087	3388
4238	3389
315	3390
1220	3391
963	3392
3279	3393
6164	3394
3278	3395
3166	3396
3741	3397
3165	3398
3174	3399
3173	3400
3164	3401
3175	3402
3167	3403
3163	3404
3162	3405
3168	3406
4310	3407
4791	3408
653	3409
3533	3410
372	3411
2284	3412
525	3413
1385	3414
3097	3415
4440	3416
5987	3417
492	3418
4672	3419
515	3420
472	3421
1592	3422
5541	3423
653	3424
279	3425
1055	3426
992	3427
1897	3428
2314	3429
518	3430
1905	3431
5004	3432
4143	3433
5393	3434
1051	3435
1418	3436
495	3437
5496	3438
6621	3439
636	3440
3491	3441
38	3442
3399	3443
1134	3444
1300	3445
1156	3446
728	3447
107	3448
3855	3449
4741	3450
6222	3451
1270	3452
6552	3453
4188	3454
1315	3455
3280	3456
4543	3457
65	3458
4217	3459
22	3460
3818	3461
6555	3462
5623	3463
1064	3464
693	3465
2263	3466
922	3467
170	3468
1915	3469
4521	3470
697	3471
3057	3472
1678	3473
6498	3474
1648	3475
4986	3476
1033	3477
962	3478
2597	3479
3438	3480
416	3481
2241	3482
3981	3483
5625	3484
835	3485
1870	3486
6309	3487
4142	3488
1604	3489
1295	3490
15	3491
2685	3492
2798	3493
5259	3494
1510	3495
186	3496
5399	3497
4699	3498
1208	3499
4144	3500
6507	3501
3886	3502
3318	3503
2589	3504
1920	3505
6523	3506
6471	3507
1358	3508
823	3509
5029	3510
1955	3511
345	3512
4011	3513
5570	3514
4868	3515
393	3516
4978	3517
675	3518
6195	3519
4596	3520
3367	3521
1968	3522
105	3523
2358	3524
4496	3525
2739	3526
1746	3527
420	3528
2424	3529
316	3530
6370	3531
448	3532
3659	3533
1055	3534
722	3535
1145	3536
3585	3537
5439	3538
4001	3539
2354	3540
1942	3541
1622	3542
1875	3543
6578	3544
1737	3545
1986	3546
3117	3547
346	3548
5229	3549
5459	3550
3418	3551
954	3552
1458	3553
664	3554
713	3555
4507	3556
1573	3557
1513	3558
4878	3559
1769	3560
5879	3561
6631	3562
2507	3563
3971	3564
1937	3565
6144	3566
5013	3567
598	3568
6656	3569
59	3570
1711	3571
4416	3572
203	3573
2653	3574
49	3575
199	3576
2534	3577
1604	3578
277	3579
553	3580
4198	3581
2450	3582
3698	3583
1607	3584
2290	3585
840	3586
198	3587
436	3588
2751	3589
950	3590
2560	3591
132	3592
1657	3593
5000	3594
1261	3595
637	3596
637	3597
3376	3598
4792	3599
2769	3600
2874	3601
220	3602
1979	3603
762	3604
1729	3605
2191	3606
865	3607
592	3608
148	3609
4387	3610
4918	3611
1424	3612
2201	3613
1524	3614
5935	3615
1502	3616
31	3617
5468	3618
5038	3619
1569	3620
587	3621
2768	3622
296	3623
3449	3624
28	3625
274	3626
2422	3627
6101	3628
2075	3629
4614	3630
4278	3631
4322	3632
1703	3633
1587	3634
6641	3635
5323	3636
5451	3637
3980	3638
3951	3639
5686	3640
448	3641
17	3642
2633	3643
1256	3644
447	3645
2017	3646
6315	3647
511	3648
293	3649
621	3650
2511	3651
4975	3652
5058	3653
3103	3654
145	3655
1	3656
1807	3657
1090	3658
4997	3659
12	3660
4603	3661
5523	3662
2730	3663
1585	3664
4325	3665
841	3666
117	3667
269	3668
5533	3669
92	3670
440	3671
4120	3672
527	3673
48	3674
1717	3675
555	3676
1697	3677
6513	3678
6012	3679
131	3680
140	3681
102	3682
711	3683
3723	3684
1868	3685
360	3686
29	3687
1725	3688
1911	3689
2429	3690
1209	3691
6161	3692
571	3693
1563	3694
2846	3695
5292	3696
5329	3697
1724	3698
6771	3699
963	3700
5238	3701
147	3702
6616	3703
811	3704
5837	3705
748	3706
1640	3707
6457	3708
4823	3709
357	3710
3232	3711
6654	3712
3071	3713
5900	3714
2693	3715
1663	3716
5198	3717
3099	3718
3378	3719
2814	3720
3821	3721
3794	3722
4956	3723
4895	3724
3194	3725
3310	3726
6517	3727
431	3728
32	3729
3938	3730
4348	3731
767	3732
864	3733
3035	3734
438	3735
2744	3736
585	3737
1493	3738
804	3739
4413	3740
7	3741
2808	3742
3486	3743
1239	3744
2134	3745
2036	3746
1582	3747
6736	3748
1708	3749
1757	3750
2203	3751
113	3752
418	3753
646	3754
1	3755
2082	3756
1463	3757
4680	3758
1120	3759
5103	3760
2974	3761
132	3762
521	3763
2237	3764
3691	3765
3356	3766
3330	3767
2858	3768
3354	3769
41	3770
444	3771
3512	3772
1006	3773
107	3774
4287	3775
528	3776
670	3777
3270	3778
328	3779
120	3780
6701	3781
748	3782
1456	3783
474	3784
5498	3785
519	3786
5535	3787
4197	3788
1742	3789
850	3790
1170	3791
260	3792
5023	3793
21	3794
328	3795
2040	3796
1528	3797
2160	3798
1084	3799
5279	3800
242	3801
3687	3802
2467	3803
1515	3804
195	3805
1233	3806
1636	3807
601	3808
1691	3809
120	3810
611	3811
6532	3812
450	3813
645	3814
2199	3815
685	3816
5336	3817
3538	3818
562	3819
1655	3820
66	3821
894	3822
4362	3823
2886	3824
248	3825
6337	3826
4405	3827
3494	3828
4276	3829
332	3830
3984	3831
1381	3832
1351	3833
1871	3834
2557	3835
3024	3836
1400	3837
4227	3838
397	3839
2359	3840
4590	3841
396	3842
3622	3843
3065	3844
5116	3845
2215	3846
163	3847
762	3848
130	3849
3614	3850
4045	3851
1677	3852
661	3853
1484	3854
3899	3855
1797	3856
2818	3857
4450	3858
1998	3859
662	3860
1040	3861
345	3862
274	3863
8	3864
3336	3865
594	3866
2379	3867
5984	3868
3237	3869
6617	3870
16	3871
1228	3872
6463	3873
5352	3874
384	3875
6418	3876
5913	3877
408	3878
3119	3879
1981	3880
2435	3881
6374	3882
358	3883
659	3884
609	3885
4573	3886
3640	3887
5951	3888
827	3889
6625	3890
3778	3891
1687	3892
111	3893
3428	3894
611	3895
4634	3896
1431	3897
2602	3898
1988	3899
1950	3900
2153	3901
4052	3902
69	3903
4048	3904
170	3905
2532	3906
4849	3907
6038	3908
6186	3909
54	3910
5922	3911
4616	3912
2156	3913
1227	3914
2256	3915
69	3916
1498	3917
466	3918
215	3919
759	3920
2157	3921
760	3922
4874	3923
5798	3924
4725	3925
2399	3926
5267	3927
332	3928
620	3929
3276	3930
490	3931
6743	3932
1518	3933
3706	3934
6570	3935
6162	3936
62	3937
1386	3938
4873	3939
5271	3940
1523	3941
1717	3942
234	3943
3612	3944
2144	3945
4202	3946
1552	3947
319	3948
640	3949
4896	3950
4439	3951
660	3952
4329	3953
6172	3954
1595	3955
1545	3956
504	3957
522	3958
238	3959
1427	3960
796	3961
223	3962
3187	3963
650	3964
1096	3965
6044	3966
387	3967
6031	3968
443	3969
4097	3970
974	3971
688	3972
513	3973
217	3974
888	3975
3906	3976
5891	3977
5687	3978
591	3979
1462	3980
3638	3981
1106	3982
5585	3983
1126	3984
5993	3985
5183	3986
932	3987
233	3988
22	3989
1086	3990
5009	3991
4431	3992
6236	3993
215	3994
168	3995
168	3996
168	3997
4256	3998
4856	3999
265	4000
757	4001
2960	4002
4200	4003
1801	4004
1535	4005
5865	4006
780	4007
1199	4008
5724	4009
245	4010
153	4011
1672	4012
2413	4013
3423	4014
2585	4015
385	4016
1814	4017
975	4018
4134	4019
3970	4020
4133	4021
4222	4022
5299	4023
4341	4024
2731	4025
4267	4026
4170	4027
3845	4028
3195	4029
5672	4030
6167	4031
975	4032
2890	4033
2600	4034
4704	4035
810	4036
2462	4037
235	4038
2161	4039
1779	4040
4121	4041
859	4042
6035	4043
125	4044
185	4045
1011	4046
807	4047
312	4048
4776	4049
4494	4050
6666	4051
5818	4052
871	4053
4925	4054
47	4055
293	4056
3446	4057
3531	4058
4353	4059
317	4060
2404	4061
333	4062
15	4063
181	4064
819	4065
455	4066
5602	4067
4289	4068
1289	4069
4114	4070
77	4071
426	4072
369	4073
818	4074
6745	4075
648	4076
1082	4077
1069	4078
38	4079
583	4080
2845	4081
1606	4082
386	4083
503	4084
2716	4085
1253	4086
190	4087
2080	4088
6081	4089
5633	4090
5747	4091
477	4092
2322	4093
227	4094
37	4095
1461	4096
3788	4097
3493	4098
276	4099
4903	4100
4169	4101
725	4102
1861	4103
4451	4104
633	4105
2726	4106
1997	4107
6719	4108
2410	4109
304	4110
95	4111
661	4112
2604	4113
967	4114
2847	4115
26	4116
77	4117
6391	4118
3050	4119
37	4120
3795	4121
3256	4122
2754	4123
385	4124
3844	4125
4242	4126
6458	4127
554	4128
600	4129
66	4130
17	4131
4945	4132
95	4133
6046	4134
4485	4135
5454	4136
1547	4137
11	4138
6006	4139
1032	4140
4790	4141
4433	4142
5157	4143
6690	4144
4449	4145
6685	4146
2317	4147
181	4148
2015	4149
1246	4150
505	4151
506	4152
352	4153
3841	4154
4567	4155
1110	4156
167	4157
2295	4158
744	4159
3948	4160
4803	4161
6658	4162
2995	4163
5041	4164
3102	4165
1090	4166
23	4167
4320	4168
1243	4169
5169	4170
1530	4171
15	4172
81	4173
1013	4174
5579	4175
460	4176
724	4177
2728	4178
717	4179
44	4180
4371	4181
1709	4182
5737	4183
6053	4184
19	4185
343	4186
1134	4187
4104	4188
2810	4189
4520	4190
554	4191
353	4192
6306	4193
4017	4194
4459	4195
1031	4196
1652	4197
2599	4198
4403	4199
1509	4200
336	4201
1594	4202
1043	4203
1235	4204
1551	4205
5236	4206
1133	4207
482	4208
334	4209
1923	4210
912	4211
2137	4212
489	4213
776	4214
1743	4215
3320	4216
5764	4217
6153	4218
1783	4219
6580	4220
2337	4221
2598	4222
392	4223
5916	4224
4269	4225
488	4226
863	4227
4360	4228
578	4229
1459	4230
2877	4231
1463	4232
2226	4233
2640	4234
2005	4235
2980	4236
592	4237
592	4238
1732	4239
6372	4240
3731	4241
376	4242
1749	4243
6329	4244
2519	4245
2812	4246
1842	4247
422	4248
6270	4249
6014	4250
516	4251
120	4252
5233	4253
3032	4254
2208	4255
2991	4256
3503	4257
4	4258
1231	4259
1752	4260
145	4261
4845	4262
4205	4263
1789	4264
575	4265
868	4266
433	4267
494	4268
4054	4269
2630	4270
4743	4271
4380	4272
494	4273
1177	4274
28	4275
1332	4276
16	4277
1595	4278
1280	4279
1704	4280
288	4281
6055	4282
781	4283
623	4284
456	4285
5017	4286
309	4287
373	4288
5348	4289
1496	4290
5874	4291
1401	4292
5152	4293
790	4294
250	4295
2611	4296
1964	4297
1406	4298
495	4299
584	4300
6	4301
26	4302
6651	4303
5128	4304
2373	4305
5497	4306
1633	4307
3364	4308
639	4309
1037	4310
881	4311
687	4312
3911	4313
930	4314
3129	4315
3590	4316
6343	4317
896	4318
3033	4319
5881	4320
12	4321
5127	4322
2694	4323
6010	4324
3236	4325
5312	4326
1251	4327
2852	4328
1169	4329
855	4330
5787	4331
86	4332
4365	4333
2829	4334
2809	4335
1610	4336
2058	4337
6122	4338
6635	4339
6004	4340
2275	4341
78	4342
2682	4343
4438	4344
3808	4345
5043	4346
6302	4347
3889	4348
3369	4349
3368	4350
4710	4351
1292	4352
3061	4353
2381	4354
462	4355
4668	4356
5510	4357
4085	4358
5885	4359
3509	4360
4130	4361
408	4362
6714	4363
2861	4364
3047	4365
90	4366
3505	4367
1669	4368
125	4369
823	4370
6607	4371
898	4372
5767	4373
6324	4374
3917	4375
953	4376
833	4377
215	4378
5754	4379
5224	4380
3180	4381
758	4382
2825	4383
2645	4384
1252	4385
1061	4386
3989	4387
1706	4388
4363	4389
581	4390
1441	4391
2099	4392
2385	4393
262	4394
2174	4395
693	4396
1534	4397
395	4398
3	4399
89	4400
6487	4401
3385	4402
2150	4403
536	4404
5059	4405
1121	4406
4077	4407
1722	4408
913	4409
219	4410
5636	4411
3574	4412
475	4413
37	4414
944	4415
176	4416
1628	4417
968	4418
1563	4419
258	4420
326	4421
5300	4422
1344	4423
6593	4424
1274	4425
2420	4426
5016	4427
357	4428
1497	4429
322	4430
568	4431
684	4432
627	4433
5782	4434
3646	4435
1873	4436
1324	4437
1460	4438
191	4439
297	4440
3000	4441
37	4442
5240	4443
379	4444
16	4445
1403	4446
165	4447
423	4448
1851	4449
2291	4450
1433	4451
344	4452
622	4453
43	4454
6424	4455
1786	4456
1638	4457
668	4458
3834	4459
6613	4460
213	4461
1066	4462
407	4463
6138	4464
4342	4465
766	4466
5409	4467
4031	4468
270	4469
30	4470
1181	4471
4260	4472
3477	4473
39	4474
1208	4475
1384	4476
4835	4477
1762	4478
3527	4479
6042	4480
892	4481
377	4482
356	4483
5420	4484
304	4485
1312	4486
817	4487
4156	4488
144	4489
109	4490
4337	4491
595	4492
26	4493
958	4494
895	4495
64	4496
60	4497
4842	4498
1096	4499
4042	4500
5370	4501
4296	4502
184	4503
3632	4504
417	4505
2990	4506
1158	4507
947	4508
5817	4509
3901	4510
286	4511
754	4512
2941	4513
4764	4514
2482	4515
31	4516
1364	4517
921	4518
49	4519
5151	4520
2951	4521
283	4522
1089	4523
99	4524
6398	4525
3588	4526
6292	4527
4819	4528
32	4529
393	4530
466	4531
30	4532
4261	4533
2195	4534
200	4535
3130	4536
339	4537
1325	4538
47	4539
150	4540
183	4541
1752	4542
536	4543
520	4544
6479	4545
30	4546
4555	4547
3198	4548
4176	4549
45	4550
3091	4551
6449	4552
2901	4553
3286	4554
1692	4555
5045	4556
1610	4557
4228	4558
347	4559
1072	4560
6045	4561
6579	4562
1787	4563
223	4564
4813	4565
4022	4566
158	4567
3904	4568
112	4569
387	4570
946	4571
5991	4572
3	4573
596	4574
4744	4575
5118	4576
532	4577
5824	4578
1193	4579
2363	4580
1495	4581
836	4582
1776	4583
5926	4584
1626	4585
527	4586
1685	4587
377	4588
277	4589
508	4590
49	4591
51	4592
6190	4593
5401	4594
1244	4595
490	4596
4647	4597
99	4598
6675	4599
837	4600
5290	4601
1	4602
3263	4603
443	4604
1753	4605
6151	4606
4	4607
6396	4608
5766	4609
487	4610
854	4611
1782	4612
1021	4613
3249	4614
528	4615
6723	4616
151	4617
2182	4618
5297	4619
980	4620
2568	4621
5479	4622
183	4623
264	4624
24	4625
815	4626
4178	4627
4463	4628
1339	4629
2957	4630
5575	4631
6724	4632
5928	4633
606	4634
6209	4635
220	4636
5650	4637
2603	4638
812	4639
20	4640
5392	4641
61	4642
5704	4643
5873	4644
6288	4645
19	4646
106	4647
2823	4648
1283	4649
965	4650
5162	4651
3046	4652
1087	4653
103	4654
4	4655
190	4656
1763	4657
1645	4658
1368	4659
1646	4660
6021	4661
471	4662
1166	4663
2023	4664
2634	4665
2934	4666
6761	4667
275	4668
1804	4669
5801	4670
5385	4671
1650	4672
3415	4673
3078	4674
354	4675
3206	4676
6242	4677
5699	4678
30	4679
3685	4680
381	4681
189	4682
908	4683
3960	4684
3241	4685
1263	4686
362	4687
6612	4688
1164	4689
1374	4690
1	4691
2485	4692
2795	4693
2282	4694
1135	4695
45	4696
4762	4697
4074	4698
551	4699
2802	4700
300	4701
937	4702
1273	4703
1612	4704
5006	4705
41	4706
100	4707
382	4708
1236	4709
98	4710
6218	4711
1628	4712
6226	4713
208	4714
1336	4715
570	4716
3513	4717
6527	4718
478	4719
3178	4720
5490	4721
1092	4722
1047	4723
3420	4724
2836	4725
4149	4726
119	4727
276	4728
3974	4729
2297	4730
5948	4731
1325	4732
1242	4733
771	4734
6264	4735
263	4736
1503	4737
1256	4738
537	4739
4364	4740
1430	4741
6467	4742
5338	4743
6360	4744
1348	4745
650	4746
1945	4747
1785	4748
5404	4749
4231	4750
3261	4751
3562	4752
6300	4753
452	4754
2578	4755
733	4756
789	4757
3709	4758
232	4759
268	4760
53	4761
397	4762
214	4763
401	4764
1307	4765
3496	4766
6560	4767
1586	4768
4731	4769
6545	4770
76	4771
483	4772
13	4773
256	4774
1963	4775
5354	4776
2703	4777
594	4778
4480	4779
4375	4780
11	4781
768	4782
2442	4783
394	4784
1577	4785
4889	4786
83	4787
641	4788
4834	4789
3311	4790
1285	4791
172	4792
16	4793
30	4794
30	4795
5644	4796
462	4797
1526	4798
1457	4799
326	4800
3936	4801
4235	4802
366	4803
5675	4804
1019	4805
603	4806
300	4807
228	4808
1331	4809
4570	4810
5446	4811
2884	4812
4445	4813
38	4814
1281	4815
3432	4816
831	4817
798	4818
4606	4819
4153	4820
1050	4821
569	4822
434	4823
866	4824
5436	4825
5702	4826
730	4827
1980	4828
2458	4829
2718	4830
1025	4831
813	4832
281	4833
129	4834
4560	4835
4815	4836
314	4837
6193	4838
633	4839
3838	4840
4303	4841
4266	4842
6695	4843
681	4844
279	4845
1150	4846
1287	4847
8	4848
2978	4849
3171	4850
3197	4851
1641	4852
2539	4853
2662	4854
5212	4855
842	4856
1847	4857
1042	4858
2793	4859
1504	4860
3854	4861
568	4862
3860	4863
6774	4864
4148	4865
82	4866
3796	4867
426	4868
4264	4869
2559	4870
6283	4871
1439	4872
6020	4873
2606	4874
481	4875
226	4876
110	4877
3577	4878
1608	4879
1608	4880
360	4881
500	4882
5486	4883
1159	4884
1548	4885
1363	4886
4913	4887
352	4888
2397	4889
3676	4890
100	4891
3867	4892
302	4893
4138	4894
1082	4895
29	4896
29	4897
3	4898
610	4899
3611	4900
6488	4901
2992	4902
159	4903
1695	4904
1199	4905
1774	4906
6086	4907
641	4908
5084	4909
1673	4910
4940	4911
4139	4912
723	4913
2700	4914
3252	4915
6533	4916
1529	4917
3589	4918
2086	4919
3898	4920
5086	4921
1578	4922
4902	4923
4065	4924
4657	4925
4751	4926
1329	4927
2234	4928
2586	4929
1957	4930
6359	4931
69	4932
30	4933
2521	4934
1591	4935
2018	4936
4071	4937
74	4938
885	4939
678	4940
2145	4941
3049	4942
617	4943
391	4944
510	4945
430	4946
1966	4947
4466	4948
1956	4949
535	4950
535	4951
4124	4952
2923	4953
6150	4954
6361	4955
437	4956
329	4957
1562	4958
1060	4959
13	4960
6753	4961
732	4962
6289	4963
1354	4964
307	4965
1715	4966
5001	4967
6696	4968
96	4969
1416	4970
1744	4971
1197	4972
10	4973
3112	4974
127	4975
486	4976
4923	4977
375	4978
440	4979
2875	4980
1392	4981
3005	4982
4150	4983
5072	4984
2114	4985
2305	4986
1333	4987
1764	4988
2582	4989
5204	4990
224	4991
6733	4992
487	4993
997	4994
4367	4995
3307	4996
5648	4997
4358	4998
445	4999
1469	5000
5568	5001
1684	5002
4190	5003
6039	5004
1020	5005
6382	5006
3437	5007
2715	5008
59	5009
143	5010
3298	5011
3334	5012
2340	5013
3670	5014
2609	5015
62	5016
4368	5017
491	5018
31	5019
593	5020
1924	5021
1033	5022
6096	5023
1533	5024
71	5025
1001	5026
1092	5027
355	5028
758	5029
5394	5030
721	5031
2460	5032
1534	5033
6706	5034
750	5035
3773	5036
5968	5037
5062	5038
165	5039
127	5040
2078	5041
1426	5042
5296	5043
255	5044
5322	5045
1051	5046
4732	5047
2664	5048
111	5049
1284	5050
1360	5051
4407	5052
3776	5053
3735	5054
2547	5055
4858	5056
1558	5057
4700	5058
98	5059
5462	5060
3932	5061
2239	5062
1172	5063
2240	5064
2012	5065
4556	5066
667	5067
6335	5068
1014	5069
4795	5070
416	5071
1691	5072
1639	5073
1993	5074
127	5075
1114	5076
1133	5077
3988	5078
3663	5079
59	5080
2364	5081
4533	5082
1922	5083
5917	5084
1302	5085
6514	5086
1833	5087
224	5088
6352	5089
838	5090
5949	5091
2478	5092
4207	5093
5566	5094
3942	5095
1596	5096
89	5097
4600	5098
2851	5099
111	5100
564	5101
2366	5102
1617	5103
1837	5104
1536	5105
5652	5106
3925	5107
205	5108
201	5109
4304	5110
5246	5111
3811	5112
34	5113
2977	5114
26	5115
26	5116
26	5117
188	5118
1559	5119
6534	5120
1474	5121
4239	5122
56	5123
82	5124
916	5125
4645	5126
246	5127
1028	5128
752	5129
1277	5130
5936	5131
1938	5132
25	5133
268	5134
1381	5135
2554	5136
2804	5137
2524	5138
4987	5139
3212	5140
5693	5141
263	5142
1940	5143
1581	5144
1670	5145
1419	5146
5463	5147
6686	5148
571	5149
4967	5150
1010	5151
2247	5152
969	5153
877	5154
4529	5155
19	5156
1	5157
939	5158
1250	5159
4788	5160
5139	5161
6412	5162
5545	5163
3894	5164
219	5165
5245	5166
1532	5167
5572	5168
6660	5169
1257	5170
6474	5171
148	5172
5999	5173
1560	5174
6272	5175
2830	5176
814	5177
2696	5178
453	5179
3499	5180
2925	5181
5180	5182
2132	5183
3029	5184
2164	5185
2088	5186
6401	5187
2053	5188
3807	5189
777	5190
154	5191
154	5192
154	5193
154	5194
299	5195
499	5196
599	5197
1809	5198
3714	5199
4763	5200
4553	5201
1472	5202
822	5203
149	5204
2695	5205
55	5206
1578	5207
719	5208
34	5209
6278	5210
1401	5211
2765	5212
5222	5213
6071	5214
2553	5215
5489	5216
6469	5217
5053	5218
460	5219
6705	5220
719	5221
2623	5222
3833	5223
6639	5224
5629	5225
857	5226
3349	5227
1059	5228
5544	5229
2518	5230
1157	5231
158	5232
1567	5233
1508	5234
1442	5235
884	5236
6476	5237
56	5238
4581	5239
2628	5240
3772	5241
3347	5242
541	5243
1200	5244
1200	5245
662	5246
342	5247
5973	5248
596	5249
1849	5250
2546	5251
1708	5252
5795	5253
1000	5254
4210	5255
629	5256
6413	5257
43	5258
736	5259
430	5260
3348	5261
938	5262
1712	5263
407	5264
1445	5265
4214	5266
1293	5267
1293	5268
446	5269
5302	5270
1516	5271
424	5272
2377	5273
341	5274
156	5275
341	5276
174	5277
3978	5278
156	5279
2103	5280
3011	5281
5554	5282
6203	5283
1	5284
1827	5285
5208	5286
2656	5287
4729	5288
378	5289
76	5290
986	5291
1415	5292
6252	5293
299	5294
1696	5295
674	5296
4824	5297
484	5298
251	5299
1296	5300
1415	5301
5589	5302
524	5303
614	5304
5880	5305
485	5306
468	5307
6269	5308
4806	5309
4389	5310
6544	5311
3890	5312
941	5313
1419	5314
1619	5315
101	5316
3262	5317
666	5318
1476	5319
1476	5320
393	5321
295	5322
295	5323
295	5324
427	5325
427	5326
2403	5327
8	5328
9	5329
5170	5330
5552	5331
6704	5332
2688	5333
6141	5334
5560	5335
31	5336
140	5337
4290	5338
4863	5339
4579	5340
1948	5341
3365	5342
139	5343
1690	5344
1690	5345
6206	5346
1447	5347
4455	5348
1543	5349
6027	5350
1141	5351
5174	5352
344	5353
4805	5354
2342	5355
3008	5356
2530	5357
496	5358
2121	5359
87	5360
1191	5361
76	5362
4386	5363
125	5364
343	5365
4041	5366
6137	5367
5232	5368
331	5369
3169	5370
6	5371
262	5372
262	5373
257	5374
657	5375
27	5376
2766	5377
683	5378
541	5379
851	5380
433	5381
4681	5382
4952	5383
2223	5384
5456	5385
1857	5386
4886	5387
1465	5388
1611	5389
1486	5390
192	5391
5130	5392
112	5393
4369	5394
314	5395
460	5396
268	5397
1375	5398
3434	5399
4756	5400
114	5401
5225	5402
73	5403
4742	5404
1978	5405
5962	5406
4610	5407
1572	5408
6121	5409
655	5410
347	5411
233	5412
3669	5413
1062	5414
273	5415
3373	5416
2660	5417
3294	5418
899	5419
1637	5420
215	5421
6353	5422
3289	5423
1689	5424
4305	5425
5443	5426
4890	5427
6599	5428
2300	5429
1334	5430
647	5431
1210	5432
6176	5433
521	5434
6643	5435
1996	5436
1239	5437
1128	5438
6728	5439
1624	5440
51	5441
5564	5442
1761	5443
5573	5444
1413	5445
299	5446
1881	5447
915	5448
6073	5449
202	5450
1320	5451
19	5452
439	5453
1540	5454
4273	5455
3402	5456
1536	5457
3528	5458
447	5459
208	5460
142	5461
84	5462
741	5463
601	5464
258	5465
1587	5466
6741	5467
26	5468
849	5469
530	5470
4946	5471
4075	5472
189	5473
2497	5474
1588	5475
6512	5476
1499	5477
512	5478
1760	5479
1566	5480
4576	5481
316	5482
501	5483
5374	5484
1787	5485
481	5486
6091	5487
2101	5488
3836	5489
488	5490
447	5491
5624	5492
6102	5493
948	5494
5364	5495
5493	5496
1140	5497
2454	5498
6221	5499
1175	5500
2180	5501
4402	5502
1624	5503
2464	5504
249	5505
2003	5506
5719	5507
2824	5508
1301	5509
1421	5510
979	5511
1860	5512
4698	5513
5537	5514
723	5515
1416	5516
10	5517
2883	5518
3324	5519
1869	5520
2380	5521
464	5522
435	5523
135	5524
5360	5525
1373	5526
5276	5527
851	5528
340	5529
5663	5530
502	5531
820	5532
2378	5533
3193	5534
4880	5535
5527	5536
693	5537
2100	5538
5277	5539
1958	5540
2987	5541
502	5542
367	5543
1222	5544
80	5545
15	5546
83	5547
4088	5548
221	5549
420	5550
476	5551
1982	5552
236	5553
303	5554
1643	5555
3507	5556
66	5557
1679	5558
4334	5559
1479	5560
6472	5561
526	5562
481	5563
4810	5564
3928	5565
955	5566
5571	5567
363	5568
1712	5569
5202	5570
1341	5571
5200	5572
6040	5573
1697	5574
3301	5575
51	5576
51	5577
933	5578
1190	5579
1190	5580
167	5581
4002	5582
1217	5583
1266	5584
147	5585
626	5586
2	5587
2	5588
2098	5589
119	5590
1338	5591
3009	5592
5192	5593
4689	5594
6034	5595
5055	5596
219	5597
4822	5598
2081	5599
414	5600
5990	5601
6375	5602
5608	5603
2332	5604
231	5605
5051	5606
289	5607
44	5608
2393	5609
3652	5610
2621	5611
442	5612
1987	5613
1967	5614
1683	5615
3651	5616
24	5617
4931	5618
735	5619
1422	5620
5069	5621
4942	5622
4574	5623
2701	5624
4534	5625
6090	5626
1173	5627
2710	5628
115	5629
71	5630
310	5631
3319	5632
2888	5633
4828	5634
1102	5635
306	5636
1173	5637
4302	5638
1809	5639
6198	5640
6459	5641
5659	5642
3500	5643
955	5644
102	5645
2691	5646
576	5647
559	5648
4642	5649
5049	5650
54	5651
889	5652
5047	5653
614	5654
2	5655
475	5656
247	5657
1740	5658
6253	5659
2592	5660
1372	5661
65	5662
1473	5663
24	5664
98	5665
5673	5666
5303	5667
6738	5668
336	5669
120	5670
4357	5671
290	5672
1530	5673
3903	5674
4326	5675
4131	5676
4398	5677
4745	5678
19	5679
1319	5680
6291	5681
1115	5682
4537	5683
1037	5684
6231	5685
2104	5686
4171	5687
60	5688
587	5689
5841	5690
2	5691
2	5692
1221	5693
5412	5694
615	5695
183	5696
464	5697
106	5698
2717	5699
2796	5700
1340	5701
2417	5702
2891	5703
5209	5704
929	5705
929	5706
2540	5707
3621	5708
3355	5709
207	5710
5383	5711
2192	5712
581	5713
846	5714
1399	5715
659	5716
2515	5717
1772	5718
998	5719
3822	5720
3883	5721
292	5722
103	5723
1046	5724
67	5725
5814	5726
6577	5727
2448	5728
1423	5729
952	5730
91	5731
91	5732
2	5733
4161	5734
770	5735
2958	5736
141	5737
3219	5738
32	5739
5505	5740
1886	5741
4685	5742
3976	5743
39	5744
1866	5745
938	5746
141	5747
3429	5748
5907	5749
6556	5750
3850	5751
4753	5752
6286	5753
1249	5754
2268	5755
2792	5756
138	5757
2348	5758
132	5759
75	5760
5100	5761
848	5762
3	5763
112	5764
1369	5765
1523	5766
213	5767
415	5768
196	5769
118	5770
2217	5771
3595	5772
2	5773
203	5774
3672	5775
1569	5776
4620	5777
89	5778
5211	5779
539	5780
980	5781
2489	5782
5373	5783
6408	5784
2350	5785
1018	5786
791	5787
6520	5788
1589	5789
1556	5790
698	5791
35	5792
1105	5793
3345	5794
1821	5795
1812	5796
549	5797
5477	5798
6279	5799
3472	5800
679	5801
324	5802
218	5803
3600	5804
604	5805
257	5806
5216	5807
784	5808
1774	5809
658	5810
1219	5811
1031	5812
1533	5813
4720	5814
5040	5815
6684	5816
6756	5817
784	5818
6670	5819
3312	5820
2537	5821
88	5822
352	5823
2316	5824
1387	5825
25	5826
1370	5827
3749	5828
4769	5829
5643	5830
2255	5831
3831	5832
67	5833
991	5834
5950	5835
2471	5836
2425	5837
39	5838
3752	5839
3133	5840
1494	5841
3762	5842
5231	5843
4462	5844
342	5845
6749	5846
1644	5847
4846	5848
1161	5849
28	5850
2235	5851
5591	5852
6460	5853
171	5854
5669	5855
788	5856
1661	5857
1751	5858
131	5859
767	5860
3996	5861
2483	5862
5692	5863
5714	5864
966	5865
6561	5866
5293	5867
6628	5868
3066	5869
4012	5870
236	5871
6357	5872
1194	5873
200	5874
1590	5875
1706	5876
689	5877
3707	5878
572	5879
128	5880
128	5881
830	5882
2985	5883
1800	5884
5031	5885
3425	5886
802	5887
527	5888
829	5889
53	5890
4461	5891
467	5892
4727	5893
2250	5894
446	5895
2451	5896
1609	5897
2431	5898
88	5899
990	5900
423	5901
794	5902
279	5903
2438	5904
2708	5905
5266	5906
570	5907
4044	5908
4544	5909
1143	5910
2444	5911
5214	5912
1404	5913
321	5914
2411	5915
5254	5916
6381	5917
4401	5918
3122	5919
40	5920
5884	5921
1186	5922
1507	5923
5748	5924
1146	5925
4301	5926
124	5927
604	5928
1789	5929
5856	5930
573	5931
6123	5932
57	5933
6118	5934
4733	5935
287	5936
2313	5937
5431	5938
249	5939
111	5940
1590	5941
1132	5942
434	5943
1301	5944
989	5945
46	5946
316	5947
3427	5948
4759	5949
5595	5950
952	5951
3728	5952
858	5953
628	5954
3010	5955
146	5956
4292	5957
5052	5958
6497	5959
427	5960
36	5961
4899	5962
5733	5963
6173	5964
5378	5965
3605	5966
2867	5967
3466	5968
6414	5969
5272	5970
34	5971
2008	5972
4406	5973
4436	5974
3842	5975
2937	5976
5241	5977
5897	5978
4458	5979
1659	5980
2616	5981
4959	5982
6546	5983
6746	5984
195	5985
5377	5986
141	5987
1426	5988
2790	5989
2097	5990
2828	5991
1893	5992
6310	5993
3639	5994
22	5995
4	5996
11	5997
1728	5998
1405	5999
100	6000
6333	6001
5206	6002
4464	6003
3742	6004
2202	6005
1723	6006
4546	6007
80	6008
290	6009
3940	6010
6538	6011
4633	6012
1019	6013
3516	6014
6493	6015
6594	6016
6451	6017
4830	6018
1931	6019
1314	6020
635	6021
3398	6022
1386	6023
3625	6024
14	6025
373	6026
156	6027
990	6028
4703	6029
6065	6030
3679	6031
15	6032
96	6033
2472	6034
1499	6035
2791	6036
174	6037
156	6038
3030	6039
5005	6040
1480	6041
150	6042
1274	6043
740	6044
3445	6045
3081	6046
1317	6047
5671	6048
1152	6049
133	6050
190	6051
1754	6052
26	6053
133	6054
133	6055
4218	6056
4382	6057
77	6058
133	6059
5586	6060
15	6061
1379	6062
2288	6063
2704	6064
3655	6065
2308	6066
3519	6067
679	6068
2706	6069
4502	6070
1240	6071
3650	6072
3933	6073
6345	6074
1185	6075
680	6076
53	6077
63	6078
13	6079
1297	6080
1748	6081
6618	6082
1724	6083
913	6084
3235	6085
2558	6086
5932	6087
149	6088
4023	6089
5796	6090
2997	6091
1928	6092
1246	6093
3649	6094
100	6095
3667	6096
354	6097
4435	6098
2274	6099
1005	6100
130	6101
151	6102
6362	6103
3305	6104
289	6105
4094	6106
1163	6107
6	6108
2051	6109
3711	6110
4860	6111
3506	6112
1819	6113
417	6114
5827	6115
4730	6116
6397	6117
1640	6118
3242	6119
206	6120
198	6121
24	6122
2909	6123
5868	6124
2452	6125
260	6126
3879	6127
5217	6128
3910	6129
1654	6130
4208	6131
5632	6132
5614	6133
547	6134
5178	6135
638	6136
1232	6137
289	6138
1008	6139
3266	6140
744	6141
1281	6142
5942	6143
4737	6144
3296	6145
1786	6146
2954	6147
550	6148
470	6149
470	6150
4008	6151
1500	6152
6348	6153
115	6154
112	6155
1876	6156
1362	6157
1643	6158
6379	6159
2615	6160
4538	6161
183	6162
240	6163
1290	6164
1080	6165
2663	6166
4344	6167
1636	6168
1715	6169
988	6170
2016	6171
262	6172
379	6173
45	6174
1773	6175
442	6176
5367	6177
2881	6178
685	6179
5441	6180
175	6181
1403	6182
5955	6183
6553	6184
668	6185
5681	6186
2785	6187
674	6188
5427	6189
3374	6190
6344	6191
439	6192
1775	6193
458	6194
6623	6195
5133	6196
5601	6197
1665	6198
17	6199
508	6200
6107	6201
4400	6202
3783	6203
4000	6204
973	6205
5470	6206
5786	6207
4472	6208
87	6209
513	6210
13	6211
1589	6212
493	6213
152	6214
3682	6215
117	6216
2911	6217
1166	6218
2303	6219
780	6220
396	6221
2129	6222
5397	6223
5750	6224
3919	6225
1135	6226
36	6227
3379	6228
6273	6229
1377	6230
5318	6231
4492	6232
1165	6233
1431	6234
3151	6235
864	6236
296	6237
529	6238
1242	6239
1506	6240
5603	6241
5042	6242
6104	6243
2169	6244
1016	6245
1901	6246
2896	6247
1685	6248
5252	6249
6687	6250
2674	6251
6033	6252
4774	6253
239	6254
1455	6255
2871	6256
3504	6257
1129	6258
6026	6259
3840	6260
161	6261
741	6262
6129	6263
930	6264
296	6265
2892	6266
4950	6267
2869	6268
1165	6269
182	6270
2390	6271
2076	6272
2024	6273
604	6274
1471	6275
4426	6276
1127	6277
1238	6278
6726	6279
8	6280
1130	6281
1555	6282
1560	6283
25	6284
5988	6285
366	6286
4517	6287
561	6288
1204	6289
1207	6290
83	6291
147	6292
721	6293
239	6294
1550	6295
3090	6296
4777	6297
317	6298
859	6299
597	6300
6232	6301
6181	6302
871	6303
890	6304
1203	6305
87	6306
605	6307
605	6308
602	6309
605	6310
4688	6311
240	6312
5797	6313
934	6314
1935	6315
4359	6316
5342	6317
860	6318
259	6319
3926	6320
475	6321
2412	6322
3598	6323
217	6324
18	6325
2039	6326
2	6327
2529	6328
46	6329
5083	6330
1817	6331
2647	6332
3661	6333
1264	6334
4490	6335
479	6336
1749	6337
625	6338
3734	6339
2276	6340
364	6341
2252	6342
6586	6343
92	6344
459	6345
124	6346
281	6347
846	6348
6694	6349
2642	6350
3405	6351
3580	6352
270	6353
22	6354
6415	6355
1591	6356
5160	6357
2805	6358
1099	6359
8	6360
1193	6361
836	6362
5258	6363
6438	6364
2550	6365
700	6366
993	6367
4518	6368
74	6369
2538	6370
1087	6371
141	6372
897	6373
141	6374
4049	6375
4514	6376
5800	6377
750	6378
879	6379
1123	6380
2955	6381
3525	6382
4958	6383
631	6384
6475	6385
249	6386
1806	6387
1584	6388
1035	6389
620	6390
3	6391
5037	6392
691	6393
5	6394
3689	6395
2010	6396
6066	6397
263	6398
5720	6399
160	6400
284	6401
683	6402
878	6403
904	6404
820	6405
5975	6406
18	6407
6111	6408
3645	6409
971	6410
4630	6411
5611	6412
51	6413
653	6414
5234	6415
4988	6416
3837	6417
1126	6418
2788	6419
584	6420
3036	6421
23	6422
4297	6423
5407	6424
609	6425
14	6426
1692	6427
6585	6428
646	6429
2899	6430
2306	6431
4621	6432
1775	6433
3109	6434
4747	6435
608	6436
3929	6437
5273	6438
3143	6439
2020	6440
1073	6441
1158	6442
6212	6443
2092	6444
433	6445
2341	6446
505	6447
5778	6448
5283	6449
1189	6450
1327	6451
4010	6452
690	6453
3105	6454
2576	6455
635	6456
4617	6457
2942	6458
3094	6459
756	6460
3468	6461
5677	6462
3079	6463
807	6464
2961	6465
5634	6466
3157	6467
274	6468
2110	6469
1472	6470
3421	6471
171	6472
4816	6473
3041	6474
5698	6475
1984	6476
4248	6477
617	6478
1077	6479
469	6480
6133	6481
5119	6482
251	6483
516	6484
2915	6485
4062	6486
4063	6487
6764	6488
369	6489
4709	6490
1666	6491
5207	6492
2096	6493
1553	6494
27	6495
1204	6496
5793	6497
173	6498
985	6499
2345	6500
257	6501
3240	6502
853	6503
1021	6504
42	6505
13	6506
606	6507
686	6508
268	6509
169	6510
14	6511
258	6512
5918	6513
1802	6514
2286	6515
5395	6516
3384	6517
558	6518
972	6519
5679	6520
1446	6521
3295	6522
436	6523
106	6524
3489	6525
2904	6526
2021	6527
2007	6528
493	6529
590	6530
1351	6531
3566	6532
2945	6533
6435	6534
1027	6535
1540	6536
3370	6537
5094	6538
2781	6539
523	6540
2013	6541
5247	6542
4319	6543
1121	6544
505	6545
25	6546
6244	6547
5400	6548
3267	6549
1066	6550
5421	6551
6079	6552
6158	6553
4166	6554
825	6555
1025	6556
4423	6557
1448	6558
679	6559
109	6560
234	6561
4977	6562
3912	6563
2979	6564
105	6565
5682	6566
642	6567
3800	6568
497	6569
463	6570
463	6571
2549	6572
396	6573
6506	6574
4081	6575
4936	6576
1230	6577
119	6578
302	6579
1	6580
542	6581
623	6582
321	6583
3086	6584
129	6585
5408	6586
95	6587
951	6588
330	6589
5834	6590
6589	6591
1411	6592
1411	6593
1100	6594
280	6595
2920	6596
1226	6597
1744	6598
3201	6599
2292	6600
5869	6601
869	6602
3858	6603
3359	6604
3880	6605
5010	6606
1483	6607
5847	6608
52	6609
529	6610
794	6611
184	6612
677	6613
6667	6614
656	6615
5577	6616
6184	6617
3913	6618
583	6619
1805	6620
6568	6621
572	6622
85	6623
85	6624
3554	6625
4096	6626
3059	6627
4519	6628
911	6629
1382	6630
3955	6631
283	6632
6630	6633
2407	6634
4167	6635
1174	6636
414	6637
499	6638
374	6639
777	6640
875	6641
867	6642
962	6643
4241	6644
1795	6645
4592	6646
582	6647
4394	6648
1285	6649
4694	6650
1650	6651
935	6652
1384	6653
255	6654
1034	6655
5515	6656
769	6657
2294	6658
86	6659
6131	6660
5690	6661
244	6662
935	6663
4866	6664
658	6665
27	6666
5102	6667
1571	6668
4998	6669
10	6670
1407	6671
3012	6672
1127	6673
6018	6674
3441	6675
4157	6676
45	6677
1235	6678
5563	6679
3746	6680
1734	6681
2943	6682
717	6683
2916	6684
3392	6685
5697	6686
2618	6687
532	6688
163	6689
2577	6690
1500	6691
2430	6692
441	6693
4690	6694
6125	6695
5485	6696
2494	6697
1269	6698
350	6699
37	6700
977	6701
37	6702
88	6703
661	6704
42	6705
3915	6706
1453	6707
50	6708
2614	6709
252	6710
2895	6711
58	6712
886	6713
1716	6714
3952	6715
4869	6716
1693	6717
5455	6718
670	6719
3	6720
1855	6721
1554	6722
3846	6723
1279	6724
421	6725
6126	6726
1836	6727
63	6728
3881	6729
1038	6730
509	6731
1606	6732
93	6733
565	6734
2296	6735
5703	6736
2194	6737
1716	6738
2120	6739
318	6740
936	6741
304	6742
5288	6743
266	6744
2919	6745
6679	6746
44	6747
4135	6748
1321	6749
652	6750
4152	6751
474	6752
687	6753
6127	6754
6510	6755
4243	6756
1648	6757
5649	6758
227	6759
1519	6760
5442	6761
6453	6762
596	6763
1012	6764
1295	6765
4373	6766
5194	6767
3824	6768
1629	6769
970	6770
282	6771
12	6772
228	6773
3744	6774
5437	6775
3727	6776
3440	6777
810	6778
2605	6779
2066	6780
1617	6781
3409	6782
988	6783
5618	6784
272	6785
2522	6786
70	6787
715	6788
209	6789
1374	6790
1995	6791
3002	6792
480	6793
1798	6794
1700	6795
1101	6796
1101	6797
1316	6798
1454	6799
3487	6800
380	6801
616	6802
1397	6803
4117	6804
2780	6805
6663	6806
1669	6807
1304	6808
244	6809
4974	6810
1634	6811
238	6812
2993	6813
12	6814
1143	6815
3095	6816
5761	6817
640	6818
3393	6819
1322	6820
1155	6821
2771	6822
1138	6823
318	6824
1439	6825
4966	6826
882	6827
307	6828
1	6829
39	6830
5569	6831
1068	6832
3816	6833
2415	6834
5167	6835
1038	6836
826	6837
1696	6838
606	6839
260	6840
5026	6841
692	6842
298	6843
168	6844
287	6845
33	6846
176	6847
1266	6848
2984	6849
3992	6850
957	6851
1267	6852
618	6853
5904	6854
1779	6855
50	6856
291	6857
3403	6858
3	6859
121	6860
12	6861
487	6862
5425	6863
76	6864
665	6865
4652	6866
1793	6867
3285	6868
5607	6869
4443	6870
6601	6871
5381	6872
4027	6873
613	6874
96	6875
2757	6876
2419	6877
996	6878
1688	6879
152	6880
6314	6881
1852	6882
1216	6883
1128	6884
4693	6885
320	6886
1965	6887
843	6888
5491	6889
2089	6890
3199	6891
3221	6892
4013	6893
6477	6894
589	6895
3806	6896
1337	6897
6588	6898
3457	6899
2526	6900
3172	6901
132	6902
149	6903
1707	6904
2490	6905
5706	6906
918	6907
5998	6908
1626	6909
3018	6910
815	6911
193	6912
193	6913
3861	6914
3182	6915
987	6916
3967	6917
1618	6918
6240	6919
303	6920
368	6921
4876	6922
2123	6923
2510	6924
1251	6925
107	6926
2671	6927
3798	6928
5707	6929
1378	6930
3069	6931
4949	6932
4240	6933
5708	6934
3832	6935
5190	6936
3809	6937
80	6938
1482	6939
595	6940
137	6941
2246	6942
65	6943
1342	6944
5729	6945
716	6946
320	6947
2116	6948
5529	6949
2826	6950
4911	6951
437	6952
2320	6953
1367	6954
4397	6955
267	6956
1765	6957
1760	6958
610	6959
3642	6960
1491	6961
531	6962
4955	6963
253	6964
3430	6965
4374	6966
1205	6967
1830	6968
4317	6969
6443	6970
4962	6971
5365	6972
1210	6973
6243	6974
5508	6975
607	6976
4506	6977
2953	6978
4110	6979
111	6980
497	6981
3683	6982
38	6983
160	6984
4951	6985
6237	6986
6076	6987
1409	6988
2151	6989
399	6990
6388	6991
1022	6992
4350	6993
1331	6994
6	6995
1371	6996
270	6997
281	6998
1267	6999
5774	7000
1579	7001
139	7002
4421	7003
3325	7004
1244	7005
4772	7006
5054	7007
905	7008
2037	7009
6355	7010
29	7011
1468	7012
243	7013
47	7014
1352	7015
6700	7016
2551	7017
6202	7018
2315	7019
2041	7020
512	7021
1440	7022
1446	7023
98	7024
3389	7025
2556	7026
674	7027
2956	7028
831	7029
3696	7030
954	7031
1644	7032
2218	7033
920	7034
1376	7035
2727	7036
4654	7037
5895	7038
5835	7039
3067	7040
2764	7041
1750	7042
1475	7043
1574	7044
6640	7045
4249	7046
1437	7047
728	7048
126	7049
1513	7050
75	7051
1908	7052
5120	7053
1172	7054
2441	7055
90	7056
364	7057
4702	7058
5612	7059
828	7060
5196	7061
1294	7062
315	7063
1914	7064
166	7065
4356	7066
508	7067
4019	7068
6109	7069
362	7070
1969	7071
1054	7072
1729	7073
5172	7074
5136	7075
48	7076
4979	7077
2687	7078
2131	7079
984	7080
1594	7081
4067	7082
6425	7083
553	7084
401	7085
5710	7086
3255	7087
4125	7088
5	7089
4270	7090
3521	7091
1959	7092
53	7093
34	7094
309	7095
552	7096
4471	7097
1878	7098
1933	7099
5	7100
4632	7101
1461	7102
3014	7103
3946	7104
1524	7105
1119	7106
3100	7107
1057	7108
1061	7109
1666	7110
5106	7111
1761	7112
3210	7113
2650	7114
2950	7115
1542	7116
2697	7117
835	7118
2079	7119
6600	7120
4312	7121
5032	7122
4	7123
910	7124
569	7125
5424	7126
901	7127
1412	7128
3872	7129
4265	7130
6478	7131
1512	7132
1023	7133
2400	7134
40	7135
1813	7136
6633	7137
1521	7138
2555	7139
894	7140
884	7141
5149	7142
5783	7143
4516	7144
5265	7145
6069	7146
1322	7147
4826	7148
1974	7149
3949	7150
2124	7151
75	7152
5838	7153
4901	7154
6280	7155
1771	7156
1722	7157
329	7158
4530	7159
466	7160
5440	7161
6249	7162
937	7163
1304	7164
2579	7165
2004	7166
897	7167
1338	7168
6659	7169
182	7170
303	7171
104	7172
5294	7173
421	7174
1771	7175
6356	7176
6592	7177
1131	7178
43	7179
1027	7180
2301	7181
1544	7182
847	7183
118	7184
1726	7185
3410	7186
1169	7187
4015	7188
983	7189
6077	7190
4119	7191
2760	7192
432	7193
1305	7194
53	7195
7	7196
6525	7197
1387	7198
2843	7199
986	7200
3222	7201
542	7202
2572	7203
2652	7204
625	7205
4192	7206
5453	7207
109	7208
71	7209
2242	7210
4411	7211
5746	7212
5598	7213
403	7214
3056	7215
3891	7216
5248	7217
4361	7218
6653	7219
1179	7220
1485	7221
1796	7222
4294	7223
4324	7224
272	7225
3154	7226
6703	7227
5480	7228
3815	7229
2801	7230
570	7231
5596	7232
4622	7233
2648	7234
578	7235
5125	7236
498	7237
863	7238
50	7239
4578	7240
5872	7241
3394	7242
6174	7243
3916	7244
6605	7245
2631	7246
4749	7247
3591	7248
58	7249
113	7250
187	7251
1289	7252
1495	7253
2243	7254
5382	7255
3931	7256
1457	7257
2047	7258
2065	7259
2063	7260
2908	7261
940	7262
5028	7263
5683	7264
1198	7265
4564	7266
4912	7267
560	7268
4638	7269
83	7270
911	7271
2409	7272
4887	7273
124	7274
1388	7275
1680	7276
4454	7277
2613	7278
3137	7279
3594	7280
1455	7281
3125	7282
392	7283
6503	7284
5981	7285
1816	7286
5920	7287
4446	7288
5022	7289
2859	7290
198	7291
2777	7292
2863	7293
1045	7294
121	7295
443	7296
3302	7297
2898	7298
1104	7299
4246	7300
6179	7301
2778	7302
25	7303
294	7304
3292	7305
261	7306
3627	7307
1543	7308
2304	7309
4587	7310
2855	7311
351	7312
1554	7313
6767	7314
1994	7315
2002	7316
5609	7317
1053	7318
6323	7319
3907	7320
3530	7321
5734	7322
33	7323
122	7324
3148	7325
6430	7326
2879	7327
682	7328
103	7329
647	7330
97	7331
872	7332
5565	7333
2261	7334
97	7335
308	7336
5503	7337
1737	7338
1470	7339
4327	7340
709	7341
3756	7342
4735	7343
1660	7344
1660	7345
755	7346
2260	7347
956	7348
4655	7349
244	7350
5599	7351
351	7352
569	7353
2902	7354
6591	7355
295	7356
1245	7357
6508	7358
6092	7359
1104	7360
1	7361
5978	7362
4323	7363
391	7364
14	7365
577	7366
231	7367
3914	7368
1298	7369
3602	7370
4757	7371
202	7372
1792	7373
180	7374
173	7375
3224	7376
109	7377
6496	7378
31	7379
6480	7380
5813	7381
763	7382
2775	7383
5722	7384
6132	7385
3076	7386
2721	7387
3245	7388
4468	7389
3309	7390
2533	7391
6248	7392
47	7393
548	7394
118	7395
425	7396
4039	7397
6258	7398
4385	7399
3704	7400
3927	7401
4262	7402
5808	7403
69	7404
2032	7405
39	7406
325	7407
6050	7408
6550	7409
3550	7410
229	7411
4527	7412
2860	7413
2743	7414
3397	7415
6722	7416
5976	7417
5892	7418
5831	7419
4561	7420
5349	7421
588	7422
237	7423
471	7424
82	7425
3629	7426
565	7427
5845	7428
5175	7429
251	7430
140	7431
1936	7432
3327	7433
1990	7434
146	7435
624	7436
270	7437
2756	7438
5089	7439
634	7440
4035	7441
4867	7442
6354	7443
6737	7444
5756	7445
2459	7446
989	7447
959	7448
172	7449
282	7450
4183	7451
94	7452
5726	7453
2632	7454
874	7455
3132	7456
1392	7457
398	7458
1088	7459
6322	7460
6194	7461
127	7462
2910	7463
4068	7464
4862	7465
1253	7466
503	7467
5727	7468
2369	7469
856	7470
3817	7471
4969	7472
3064	7473
2477	7474
1605	7475
1485	7476
4173	7477
2821	7478
946	7479
6068	7480
207	7481
288	7482
13	7483
65	7484
1565	7485
6341	7486
359	7487
4175	7488
1417	7489
1262	7490
5839	7491
254	7492
3956	7493
6062	7494
3259	7495
11	7496
8	7497
1977	7498
1188	7499
5122	7500
4646	7501
1698	7502
27	7503
261	7504
7	7505
7	7506
7	7507
7	7508
7	7509
7	7510
3160	7511
4055	7512
1615	7513
4271	7514
2783	7515
7	7516
6420	7517
5977	7518
655	7519
5036	7520
675	7521
547	7522
5019	7523
3994	7524
2527	7525
2638	7526
956	7527
965	7528
2729	7529
676	7530
3564	7531
187	7532
651	7533
3040	7534
371	7535
953	7536
642	7537
1032	7538
5165	7539
1271	7540
196	7541
3876	7542
278	7543
142	7544
5465	7545
138	7546
90	7547
3284	7548
1698	7549
236	7550
3559	7551
88	7552
6609	7553
1120	7554
521	7555
4663	7556
46	7557
67	7558
4513	7559
5939	7560
317	7561
2230	7562
6759	7563
5363	7564
480	7565
1755	7566
4995	7567
1465	7568
2126	7569
4625	7570
2128	7571
4637	7572
390	7573
3331	7574
6255	7575
5035	7576
2307	7577
5191	7578
116	7579
5763	7580
3871	7581
622	7582
6740	7583
6023	7584
2311	7585
2699	7586
3582	7587
887	7588
228	7589
1258	7590
678	7591
9	7592
84	7593
169	7594
280	7595
745	7596
2736	7597
2574	7598
1714	7599
275	7600
573	7601
2141	7602
4773	7603
2755	7604
6734	7605
4073	7606
277	7607
910	7608
5735	7609
1052	7610
1659	7611
5218	7612
594	7613
805	7614
2493	7615
1658	7616
2298	7617
2709	7618
403	7619
3750	7620
1525	7621
5637	7622
191	7623
3961	7624
3633	7625
4051	7626
5908	7627
4809	7628
282	7629
282	7630
1739	7631
2428	7632
4313	7633
5481	7634
3662	7635
6220	7636
6394	7637
574	7638
3945	7639
6017	7640
425	7641
3362	7642
184	7643
1627	7644
5576	7645
2	7646
4511	7647
187	7648
254	7649
4746	7650
2	7651
2595	7652
4760	7653
5500	7654
982	7655
553	7656
1806	7657
94	7658
4800	7659
1545	7660
5371	7661
24	7662
2928	7663
14	7664
1116	7665
390	7666
1676	7667
6112	7668
36	7669
1824	7670
115	7671
287	7672
355	7673
318	7674
5631	7675
2338	7676
293	7677
2996	7678
4897	7679
2665	7680
154	7681
1099	7682
93	7683
1181	7684
5039	7685
2608	7686
169	7687
759	7688
554	7689
2006	7690
4635	7691
4184	7692
3863	7693
3386	7694
1927	7695
1111	7696
785	7697
1745	7698
64	7699
4738	7700
1009	7701
3381	7702
5613	7703
576	7704
216	7705
907	7706
907	7707
1071	7708
3424	7709
3673	7710
1265	7711
2619	7712
144	7713
394	7714
6266	7715
380	7716
1605	7717
5314	7718
1772	7719
6349	7720
235	7721
42	7722
6022	7723
6549	7724
3337	7725
4641	7726
307	7727
5197	7728
16	7729
6057	7730
153	7731
153	7732
3873	7733
4330	7734
1575	7735
2724	7736
6582	7737
5176	7738
588	7739
2946	7740
6393	7741
4415	7742
6689	7743
6516	7744
727	7745
64	7746
187	7747
5389	7748
3084	7749
5709	7750
4829	7751
1018	7752
4029	7753
5781	7754
2270	7755
1063	7756
1116	7757
973	7758
2	7759
3759	7760
3680	7761
3253	7762
1762	7763
2115	7764
6566	7765
57	7766
1053	7767
177	7768
4726	7769
6011	7770
1184	7771
1085	7772
106	7773
2505	7774
6105	7775
5461	7776
5740	7777
6075	7778
13	7779
358	7780
1222	7781
444	7782
671	7783
546	7784
5429	7785
458	7786
2318	7787
1034	7788
3510	7789
976	7790
1161	7791
6610	7792
2758	7793
155	7794
4284	7795
3317	7796
5305	7797
5048	7798
3096	7799
1343	7800
5396	7801
1390	7802
3849	7803
6392	7804
4318	7805
1770	7806
1743	7807
6347	7808
222	7809
677	7810
6575	7811
960	7812
960	7813
556	7814
4437	7815
5938	7816
3346	7817
4722	7818
4418	7819
410	7820
844	7821
2629	7822
3361	7823
5967	7824
424	7825
3532	7826
981	7827
4558	7828
579	7829
2001	7830
3149	7831
4203	7832
2319	7833
363	7834
48	7835
489	7836
4306	7837
799	7838
1730	7839
386	7840
639	7841
2649	7842
370	7843
423	7844
4888	7845
4087	7846
2470	7847
585	7848
115	7849
4670	7850
4523	7851
55	7852
1297	7853
2028	7854
582	7855
2136	7856
4599	7857
5464	7858
6229	7859
1330	7860
1402	7861
5085	7862
6526	7863
1742	7864
2813	7865
1818	7866
2277	7867
563	7868
1073	7869
891	7870
3260	7871
6275	7872
790	7873
2125	7874
3712	7875
5347	7876
4921	7877
5700	7878
399	7879
3541	7880
3321	7881
6682	7882
6464	7883
5012	7884
5166	7885
6351	7886
6770	7887
123	7888
72	7889
6564	7890
278	7891
6187	7892
1284	7893
437	7894
529	7895
5765	7896
3051	7897
162	7898
4189	7899
431	7900
62	7901
211	7902
4595	7903
903	7904
1710	7905
35	7906
178	7907
1466	7908
191	7909
6665	7910
6154	7911
1726	7912
23	7913
330	7914
96	7915
457	7916
171	7917
353	7918
3740	7919
181	7920
122	7921
5132	7922
2926	7923
4113	7924
3774	7925
3216	7926
4906	7927
5780	7928
1780	7929
1012	7930
6175	7931
5807	7932
5134	7933
1123	7934
1041	7935
706	7936
1794	7937
189	7938
2057	7939
357	7940
2887	7941
1355	7942
175	7943
951	7944
4798	7945
338	7946
757	7947
5883	7948
1383	7949
540	7950
2761	7951
1422	7952
1187	7953
3581	7954
1098	7955
1378	7956
5003	7957
1017	7958
4102	7959
808	7960
4532	7961
4293	7962
6481	7963
422	7964
173	7965
4853	7966
1177	7967
5251	7968
3701	7969
3753	7970
576	7971
414	7972
9	7973
9	7974
3565	7975
607	7976
52	7977
1464	7978
6683	7979
5759	7980
4457	7981
4376	7982
2072	7983
5794	7984
6317	7985
2143	7986
2105	7987
4295	7988
310	7989
5964	7990
3941	7991
1759	7992
1283	7993
5073	7994
1477	7995
2772	7996
4778	7997
4832	7998
577	7999
9	8000
1808	8001
3718	8002
4409	8003
1702	8004
5220	8005
4503	8006
1430	8007
6456	8008
943	8009
917	8010
446	8011
4857	8012
4696	8013
292	8014
3935	8015
3144	8016
4206	8017
4230	8018
3113	8019
74	8020
333	8021
11	8022
2552	8023
2209	8024
589	8025
1514	8026
6571	8027
2324	8028
4588	8029
4092	8030
1366	8031
3771	8032
237	8033
5334	8034
1271	8035
1723	8036
6672	8037
6664	8038
842	8039
608	8040
4126	8041
559	8042
494	8043
6657	8044
4882	8045
978	8046
1341	8047
1675	8048
4408	8049
2827	8050
5079	8051
266	8052
5688	8053
361	8054
114	8055
3553	8056
648	8057
3247	8058
1686	8059
4498	8060
1294	8061
6163	8062
1310	8063
4808	8064
1195	8065
5825	8066
29	8067
623	8068
413	8069
1738	8070
285	8071
1571	8072
6078	8073
686	8074
90	8075
1006	8076
5911	8077
201	8078
1576	8079
6200	8080
116	8081
454	8082
3748	8083
3520	8084
2224	8085
286	8086
20	8087
1741	8088
1342	8089
886	8090
549	8091
4779	8092
5578	8093
247	8094
6330	8095
5050	8096
5828	8097
1410	8098
5067	8099
2563	8100
162	8101
1083	8102
3660	8103
1058	8104
3792	8105
3123	8106
613	8107
50	8108
818	8109
57	8110
1305	8111
4225	8112
714	8113
5326	8114
1270	8115
4	8116
6634	8117
518	8118
504	8119
429	8120
418	8121
232	8122
6024	8123
5403	8124
5723	8125
926	8126
5428	8127
2236	8128
3719	8129
243	8130
243	8131
680	8132
4934	8133
318	8134
150	8135
5580	8136
319	8137
1408	8138
991	8139
1758	8140
662	8141
615	8142
1759	8143
273	8144
4915	8145
178	8146
6758	8147
4676	8148
6522	8149
2501	8150
3572	8151
3619	8152
200	8153
4658	8154
1436	8155
5604	8156
3	8157
204	8158
5534	8159
992	8160
4781	8161
3074	8162
5415	8163
3664	8164
5819	8165
1733	8166
16	8167
5836	8168
388	8169
188	8170
6146	8171
2767	8172
567	8173
630	8174
459	8175
561	8176
4914	8177
516	8178
4491	8179
218	8180
451	8181
580	8182
186	8183
1428	8184
2835	8185
5239	8186
4279	8187
144	8188
3991	8189
2749	8190
1079	8191
1079	8192
5997	8193
6028	8194
157	8195
893	8196
639	8197
473	8198
1747	8199
4441	8200
4209	8201
5945	8202
5711	8203
583	8204
5153	8205
2627	8206
1319	8207
4224	8208
3282	8209
3116	8210
2033	8211
6636	8212
5076	8213
1449	8214
3868	8215
558	8216
673	8217
4524	8218
1435	8219
5898	8220
5770	8221
1117	8222
5111	8223
1701	8224
44	8225
1023	8226
2062	8227
4504	8228
2330	8229
632	8230
2329	8231
211	8232
6134	8233
6235	8234
2331	8235
68	8236
2113	8237
2267	8238
1736	8239
703	8240
532	8241
752	8242
1081	8243
1081	8244
6095	8245
3900	8246
5890	8247
2707	8248
1616	8249
2273	8250
1502	8251
4064	8252
3474	8253
4233	8254
4140	8255
678	8256
4714	8257
1146	8258
5970	8259
1896	8260
35	8261
1889	8262
1336	8263
4165	8264
4780	8265
704	8266
1002	8267
5567	8268
3943	8269
6614	8270
381	8271
3382	8272
3401	8273
11	8274
501	8275
2548	8276
3893	8277
392	8278
1518	8279
2927	8280
3859	8281
3656	8282
3135	8283
4	8284
5321	8285
3448	8286
1174	8287
5319	8288
40	8289
1056	8290
1664	8291
3480	8292
3031	8293
3877	8294
3789	8295
4991	8296
5553	8297
404	8298
1705	8299
1689	8300
3387	8301
5372	8302
5	8303
1229	8304
5717	8305
4410	8306
4158	8307
3152	8308
1684	8309
5361	8310
4770	8311
1427	8312
3138	8313
1050	8314
409	8315
1865	8316
731	8317
116	8318
337	8319
435	8320
6769	8321
55	8322
1335	8323
2659	8324
1539	8325
3077	8326
172	8327
6328	8328
1088	8329
5732	8330
4447	8331
791	8332
6170	8333
415	8334
5712	8335
1557	8336
3108	8337
84	8338
5	8339
1505	8340
617	8341
4501	8342
1272	8343
4752	8344
3540	8345
1768	8346
4728	8347
449	8348
243	8349
3332	8350
465	8351
950	8352
278	8353
261	8354
2374	8355
923	8356
1231	8357
4636	8358
1839	8359
1890	8360
311	8361
203	8362
203	8363
182	8364
259	8365
6165	8366
1160	8367
1686	8368
732	8369
545	8370
4648	8371
6025	8372
4036	8373
77	8374
1385	8375
4796	8376
5657	8377
4510	8378
146	8379
483	8380
476	8381
2508	8382
779	8383
5736	8384
103	8385
797	8386
419	8387
51	8388
1489	8389
2335	8390
6297	8391
145	8392
4315	8393
690	8394
1287	8395
294	8396
689	8397
597	8398
5501	8399
3118	8400
3060	8401
1832	8402
3825	8403
3713	8404
996	8405
6119	8406
2179	8407
2763	8408
1229	8409
76	8410
1245	8411
5749	8412
629	8413
1234	8414
6295	8415
1335	8416
6540	8417
4338	8418
6470	8419
5444	8420
5971	8421
1168	8422
3185	8423
228	8424
1602	8425
5548	8426
4453	8427
3006	8428
5655	8429
5924	8430
482	8431
4151	8432
108	8433
1310	8434
5015	8435
408	8436
256	8437
2637	8438
57	8439
4122	8440
3908	8441
2271	8442
799	8443
4259	8444
2229	8445
893	8446
4004	8447
25	8448
25	8449
3366	8450
2933	8451
309	8452
1672	8453
5074	8454
1345	8455
78	8456
45	8457
4191	8458
2386	8459
6565	8460
72	8461
1562	8462
298	8463
1735	8464
1521	8465
803	8466
612	8467
245	8468
1157	8469
1186	8470
900	8471
725	8472
1076	8473
1113	8474
6448	8475
2253	8476
1721	8477
3502	8478
17	8479
5561	8480
3835	8481
364	8482
4123	8483
1486	8484
6285	8485
814	8486
6531	8487
563	8488
148	8489
660	8490
6744	8491
493	8492
917	8493
113	8494
4084	8495
419	8496
680	8497
143	8498
5504	8499
4321	8500
577	8501
961	8502
6268	8503
6619	8504
564	8505
3333	8506
4145	8507
3013	8508
418	8509
977	8510
2130	8511
74	8512
2334	8513
5	8514
10	8515
306	8516
273	8517
1268	8518
420	8519
1835	8520
4005	8521
2281	8522
6376	8523
4618	8524
5910	8525
2968	8526
4352	8527
5859	8528
413	8529
271	8530
5656	8531
4627	8532
3657	8533
3526	8534
4678	8535
6747	8536
919	8537
919	8538
200	8539
283	8540
5870	8541
3042	8542
174	8543
6486	8544
3186	8545
291	8546
2857	8547
6136	8548
2639	8549
984	8550
1614	8551
3395	8552
298	8553
631	8554
2503	8555
1118	8556
4575	8557
2309	8558
1639	8559
5284	8560
3283	8561
492	8562
1734	8563
6080	8564
458	8565
1024	8566
61	8567
1132	8568
6293	8569
21	8570
4963	8571
3875	8572
1602	8573
1410	8574
133	8575
279	8576
2083	8577
177	8578
2520	8579
135	8580
1548	8581
1260	8582
2562	8583
4651	8584
102	8585
4883	8586
2684	8587
3726	8588
1272	8589
615	8590
4865	8591
1910	8592
5888	8593
1095	8594
3196	8595
3052	8596
19	8597
19	8598
783	8599
216	8600
4847	8601
4040	8602
6340	8603
6217	8604
356	8605
3557	8606
36	8607
5159	8608
3710	8609
5177	8610
3	8611
4154	8612
5478	8613
5929	8614
1541	8615
2666	8616
1454	8617
581	8618
540	8619
1291	8620
1601	8621
761	8622
1925	8623
367	8624
382	8625
3461	8626
1810	8627
746	8628
1700	8629
342	8630
3231	8631
241	8632
518	8633
6197	8634
5615	8635
6674	8636
14	8637
468	8638
560	8639
3034	8640
1016	8641
1801	8642
422	8643
407	8644
5877	8645
308	8646
1001	8647
5739	8648
695	8649
4093	8650
561	8651
6638	8652
128	8653
3083	8654
5994	8655
3674	8656
21	8657
184	8658
2360	8659
6120	8660
5295	8661
3288	8662
33	8663
6766	8664
1767	8665
2111	8666
931	8667
545	8668
2698	8669
1882	8670
140	8671
522	8672
2983	8673
195	8674
3209	8675
1030	8676
5423	8677
2382	8678
61	8679
883	8680
2719	8681
5274	8682
1124	8683
5249	8684
2820	8685
2841	8686
1704	8687
3492	8688
473	8689
5771	8690
5562	8691
773	8692
5894	8693
1992	8694
1151	8695
343	8696
4926	8697
3681	8698
1036	8699
5080	8700
2670	8701
2457	8702
3159	8703
6772	8704
4881	8705
4871	8706
5060	8707
3934	8708
1815	8709
1398	8710
3417	8711
1130	8712
2211	8713
6410	8714
1077	8715
3447	8716
226	8717
681	8718
2591	8719
4316	8720
4331	8721
598	8722
943	8723
2789	8724
4814	8725
4346	8726
3463	8727
1580	8728
1449	8729
3189	8730
138	8731
74	8732
3072	8733
2027	8734
1233	8735
299	8736
4396	8737
4953	8738
602	8739
2601	8740
4160	8741
1354	8742
1303	8743
830	8744
1671	8745
1730	8746
6371	8747
3699	8748
173	8749
4551	8750
1475	8751
3606	8752
56	8753
5264	8754
2117	8755
6551	8756
297	8757
672	8758
2416	8759
5952	8760
2244	8761
909	8762
1867	8763
2205	8764
1656	8765
873	8766
958	8767
116	8768
5201	8769
6	8770
755	8771
1264	8772
2669	8773
42	8774
5021	8775
134	8776
2395	8777
4563	8778
809	8779
3338	8780
2170	8781
3048	8782
2932	8783
1318	8784
1443	8785
1511	8786
2220	8787
6116	8788
5435	8789
1444	8790
1808	8791
720	8792
709	8793
771	8794
5	8795
6466	8796
1487	8797
550	8798
2392	8799
202	8800
498	8801
452	8802
1	8803
257	8804
3400	8805
6	8806
5384	8807
474	8808
2362	8809
1768	8810
4612	8811
537	8812
645	8813
86	8814
4650	8815
2607	8816
1710	8817
3268	8818
2265	8819
3287	8820
4127	8821
1255	8822
2545	8823
2060	8824
12	8825
1805	8826
328	8827
322	8828
333	8829
3106	8830
2840	8831
669	8832
4916	8833
1688	8834
57	8835
1673	8836
5387	8837
226	8838
175	8839
1010	8840
793	8841
112	8842
225	8843
72	8844
3045	8845
4098	8846
1764	8847
3192	8848
3702	8849
34	8850
1125	8851
1903	8852
1049	8853
186	8854
225	8855
225	8856
1176	8857
6036	8858
6224	8859
6436	8860
5376	8861
1376	8862
5954	8863
4540	8864
225	8865
1583	8866
874	8867
995	8868
95	8869
6677	8870
6649	8871
5514	8872
163	8873
457	8874
6124	8875
56	8876
6100	8877
2569	8878
1442	8879
4624	8880
1733	8881
313	8882
3218	8883
289	8884
2090	8885
2971	8886
4812	8887
5664	8888
4707	8889
1093	8890
4909	8891
1189	8892
4021	8893
2573	8894
404	8895
330	8896
1367	8897
2963	8898
1823	8899
76	8900
166	8901
4855	8902
489	8903
369	8904
3026	8905
389	8906
428	8907
3416	8908
326	8909
2675	8910
2918	8911
5843	8912
1044	8913
773	8914
193	8915
2831	8916
6537	8917
4821	8918
2651	8919
5340	8920
1494	8921
85	8922
3391	8923
2439	8924
514	8925
4930	8926
1846	8927
5244	8928
159	8929
1206	8930
968	8931
32	8932
5093	8933
4840	8934
340	8935
4691	8936
1228	8937
2112	8938
1718	8939
535	8940
753	8941
6386	8942
286	8943
4565	8944
4750	8945
1112	8946
1007	8947
5205	8948
10	8949
227	8950
1247	8951
3293	8952
1097	8953
4667	8954
774	8955
1362	8956
151	8957
4674	8958
1505	8959
218	8960
3866	8961
1728	8962
852	8963
4825	8964
242	8965
165	8966
5187	8967
4482	8968
537	8969
4566	8970
908	8971
1230	8972
1738	8973
549	8974
280	8975
5164	8976
6483	8977
5316	8978
3375	8979
612	8980
263	8981
579	8982
249	8983
5896	8984
1709	8985
5398	8986
6558	8987
593	8988
1576	8989
1218	8990
495	8991
5921	8992
4838	8993
3514	8994
5852	8995
696	8996
456	8997
216	8998
1115	8999
92	9000
729	9001
5550	9002
27	9003
4669	9004
4920	9005
2817	9006
114	9007
78	9008
107	9009
33	9010
20	9011
361	9012
5730	9013
1153	9014
160	9015
226	9016
4585	9017
3250	9018
6662	9019
241	9020
445	9021
5144	9022
3522	9023
1129	9024
2837	9025
6263	9026
3786	9027
654	9028
3857	9029
5914	9030
2999	9031
649	9032
5610	9033
3277	9034
424	9035
2541	9036
6509	9037
1904	9038
5791	9039
4841	9040
311	9041
4006	9042
2692	9043
3542	9044
3545	9045
3544	9046
3869	9047
3548	9048
3549	9049
3547	9050
3543	9051
3551	9052
3747	9053
5460	9054
3830	9055
4807	9056
1312	9057
1831	9058
191	9059
3299	9060
5583	9061
432	9062
1930	9063
455	9064
5014	9065
889	9066
4677	9067
765	9068
3404	9069
21	9070
4884	9071
6259	9072
483	9073
2513	9074
78	9075
610	9076
129	9077
3641	9078
1834	9079
1682	9080
3043	9081
150	9082
3070	9083
1214	9084
252	9085
6199	9086
24	9087
3177	9088
941	9089
3539	9090
5223	9091
1792	9092
1167	9093
3596	9094
2849	9095
1450	9096
4223	9097
4870	9098
849	9099
1460	9100
2351	9101
5731	9102
6403	9103
1564	9104
1510	9105
4608	9106
477	9107
1071	9108
890	9109
778	9110
2575	9111
832	9112
2509	9113
1662	9114
4136	9115
5597	9116
879	9117
100	9118
118	9119
167	9120
5777	9121
3708	9122
1459	9123
5985	9124
267	9125
44	9126
115	9127
710	9128
459	9129
580	9130
221	9131
5802	9132
655	9133
301	9134
4196	9135
5434	9136
808	9137
47	9138
3170	9139
6241	9140
2045	9141
3517	9142
1359	9143
2646	9144
1363	9145
302	9146
1009	9147
1095	9148
394	9149
834	9150
942	9151
6529	9152
649	9153
6238	9154
378	9155
4105	9156
1854	9157
6060	9158
628	9159
1159	9160
4286	9161
6730	9162
556	9163
3535	9164
5230	9165
2000	9166
3518	9167
1703	9168
68	9169
1100	9170
534	9171
1048	9172
3593	9173
1900	9174
308	9175
778	9176
29	9177
6444	9178
2587	9179
5466	9180
3757	9181
201	9182
6339	9183
75	9184
3088	9185
3323	9186
4237	9187
4768	9188
715	9189
6729	9190
157	9191
4713	9192
448	9193
1778	9194
862	9195
23	9196
241	9197
1074	9198
4528	9199
3733	9200
4090	9201
385	9202
934	9203
4043	9204
1299	9205
290	9206
3630	9207
4837	9208
1711	9209
2434	9210
1803	9211
1892	9212
4199	9213
3490	9214
1147	9215
1046	9216
2959	9217
98	9218
4954	9219
2293	9220
1396	9221
1531	9222
73	9223
1732	9224
1352	9225
5937	9226
6180	9227
5853	9228
161	9229
5280	9230
1909	9231
1947	9232
833	9233
77	9234
2784	9235
510	9236
4226	9237
2254	9238
6535	9239
36	9240
1409	9241
9	9242
5313	9243
2668	9244
3584	9245
117	9246
5114	9247
356	9248
2	9249
280	9250
1213	9251
5078	9252
6287	9253
573	9254
4345	9255
506	9256
2093	9257
121	9258
101	9259
161	9260
1556	9261
2882	9262
1877	9263
2969	9264
3983	9265
2737	9266
64	9267
20	9268
704	9269
179	9270
5155	9271
1620	9272
1149	9273
4879	9274
5806	9275
5308	9276
4379	9277
6	9278
210	9279
1682	9280
4850	9281
1389	9282
4427	9283
1178	9284
113	9285
746	9286
485	9287
451	9288
75	9289
310	9290
359	9291
400	9292
62	9293
1601	9294
231	9295
3328	9296
4522	9297
442	9298
130	9299
5115	9300
72	9301
3062	9302
731	9303
3634	9304
6019	9305
6763	9306
248	9307
749	9308
3316	9309
1584	9310
2461	9311
1438	9312
624	9313
2299	9314
4478	9315
2328	9316
428	9317
1765	9318
207	9319
819	9320
618	9321
4905	9322
409	9323
4314	9324
1898	9325
73	9326
58	9327
2232	9328
1469	9329
3654	9330
367	9331
3878	9332
4611	9333
944	9334
4079	9335
6629	9336
4656	9337
1652	9338
1067	9339
2965	9340
4245	9341
75	9342
5931	9343
1547	9344
5359	9345
705	9346
940	9347
6462	9348
4164	9349
3208	9350
5520	9351
3982	9352
724	9353
727	9354
4545	9355
3668	9356
1546	9357
4568	9358
795	9359
1004	9360
3592	9361
5227	9362
1784	9363
54	9364
4212	9365
2679	9366
55	9367
1679	9368
2233	9369
1885	9370
125	9371
684	9372
6447	9373
5242	9374
1675	9375
222	9376
276	9377
6432	9378
3207	9379
286	9380
875	9381
131	9382
206	9383
3308	9384
3755	9385
5025	9386
2661	9387
876	9388
5715	9389
178	9390
519	9391
2906	9392
6251	9393
260	9394
81	9395
204	9396
1350	9397
4613	9398
854	9399
6494	9400
4299	9401
1616	9402
1803	9403
5237	9404
1756	9405
5426	9406
1448	9407
4132	9408
2361	9409
1504	9410
1702	9411
542	9412
4628	9413
135	9414
5660	9415
462	9416
1192	9417
923	9418
2135	9419
121	9420
18	9421
982	9422
174	9423
38	9424
2900	9425
800	9426
4875	9427
1515	9428
716	9429
1224	9430
711	9431
5549	9432
3780	9433
5	9434
4644	9435
312	9436
36	9437
1506	9438
267	9439
552	9440
6717	9441
6319	9442
922	9443
1989	9444
1043	9445
852	9446
5893	9447
94	9448
2278	9449
5337	9450
81	9451
6260	9452
2139	9453
417	9454
5044	9455
5358	9456
339	9457
2155	9458
788	9459
2059	9460
6070	9461
5742	9462
4992	9463
1887	9464
1069	9465
1883	9466
625	9467
6606	9468
1593	9469
18	9470
4683	9471
2474	9472
224	9473
34	9474
5842	9475
3998	9476
259	9477
1063	9478
16	9479
4399	9480
845	9481
176	9482
6294	9483
926	9484
197	9485
2481	9486
11	9487
2686	9488
806	9489
5665	9490
5325	9491
533	9492
4893	9493
250	9494
6669	9495
3963	9496
358	9497
6445	9498
4038	9499
4944	9500
6548	9501
876	9502
71	9503
734	9504
1593	9505
4933	9506
65	9507
4569	9508
1313	9509
470	9510
195	9511
2580	9512
68	9513
816	9514
411	9515
353	9516
3763	9517
4414	9518
6505	9519
34	9520
54	9521
3412	9522
5590	9523
5495	9524
2421	9525
1017	9526
220	9527
64	9528
3739	9529
1015	9530
4852	9531
5919	9532
5445	9533
1011	9534
56	9535
1007	9536
1156	9537
2325	9538
902	9539
2479	9540
22	9541
5471	9542
3829	9543
4639	9544
33	9545
5543	9546
4724	9547
3353	9548
1313	9549
5855	9550
1393	9551
4339	9552
3848	9553
1667	9554
5666	9555
3313	9556
137	9557
5097	9558
5108	9559
281	9560
3569	9561
2181	9562
208	9563
2496	9564
857	9565
4349	9566
1782	9567
5391	9568
10	9569
5502	9570
6156	9571
70	9572
139	9573
540	9574
1862	9575
895	9576
1346	9577
102	9578
957	9579
365	9580
138	9581
234	9582
772	9583
6276	9584
6637	9585
395	9586
3852	9587
1561	9588
839	9589
6699	9590
22	9591
5840	9592
591	9593
1531	9594
3944	9595
6557	9596
5414	9597
669	9598
1769	9599
1423	9600
137	9601
3885	9602
901	9603
349	9604
6489	9605
101	9606
634	9607
6338	9608
1395	9609
987	9610
6731	9611
376	9612
912	9613
4904	9614
3211	9615
297	9616
2383	9617
1647	9618
1429	9619
1372	9620
2596	9621
663	9622
20	9623
1565	9624
4072	9625
2952	9626
6204	9627
541	9628
4601	9629
692	9630
2238	9631
6003	9632
708	9633
63	9634
250	9635
217	9636
5815	9637
5887	9638
4434	9639
231	9640
557	9641
5600	9642
4927	9643
4186	9644
463	9645
14	9646
1184	9647
6735	9648
3184	9649
4100	9650
770	9651
1526	9652
5	9653
2118	9654
514	9655
6001	9656
114	9657
6433	9658
3737	9659
634	9660
828	9661
2799	9662
429	9663
3575	9664
3465	9665
3127	9666
1108	9667
5350	9668
904	9669
4493	9670
781	9671
3785	9672
3576	9673
2488	9674
5989	9675
2753	9676
1048	9677
3781	9678
695	9679
3813	9680
1243	9681
6567	9682
4460	9683
4033	9684
5946	9685
5762	9686
291	9687
2061	9688
230	9689
5203	9690
511	9691
202	9692
1393	9693
1030	9694
213	9695
5524	9696
5030	9697
3546	9698
5416	9699
3227	9700
883	9701
13	9702
194	9703
2	9704
786	9705
4469	9706
3784	9707
71	9708
294	9709
4078	9710
5368	9711
2794	9712
909	9713
3322	9714
10	9715
128	9716
497	9717
1269	9718
3524	9719
4929	9720
1549	9721
1649	9722
6718	9723
2196	9724
1637	9725
4034	9726
4802	9727
4232	9728
2735	9729
6246	9730
15	9731
1934	9732
4684	9733
1550	9734
383	9735
4968	9736
1149	9737
2394	9738
5864	9739
404	9740
1520	9741
1879	9742
310	9743
2216	9744
698	9745
5832	9746
512	9747
239	9748
178	9749
676	9750
4419	9751
2190	9752
5773	9753
1561	9754
1609	9755
1355	9756
74	9757
3688	9758
8	9759
509	9760
1346	9761
355	9762
4187	9763
24	9764
63	9765
4332	9766
4723	9767
664	9768
5557	9769
301	9770
1676	9771
3720	9772
1736	9773
155	9774
5341	9775
5390	9776
4671	9777
3080	9778
4370	9779
261	9780
785	9781
4484	9782
1070	9783
4754	9784
368	9785
635	9786
3498	9787
1	9788
402	9789
1	9790
663	9791
4236	9792
4712	9793
5268	9794
499	9795
1567	9796
2880	9797
5627	9798
6049	9799
3764	9800
2981	9801
2865	9802
412	9803
5419	9804
4254	9805
3058	9806
84	9807
652	9808
1179	9809
1807	9810
144	9811
242	9812
1347	9813
1	9814
4705	9815
50	9816
6702	9817
238	9818
3413	9819
1592	9820
624	9821
211	9822
504	9823
4082	9824
783	9825
5386	9826
45	9827
737	9828
3930	9829
1497	9830
1750	9831
4	9832
25	9833
6536	9834
5353	9835
2154	9836
467	9837
292	9838
4268	9839
2873	9840
1520	9841
5805	9842
619	9843
619	9844
3897	9845
2702	9846
1483	9847
451	9848
2893	9849
4343	9850
1853	9851
3870	9852
271	9853
1260	9854
116	9855
1597	9856
4541	9857
1600	9858
5306	9859
1212	9860
3743	9861
67	9862
34	9863
4219	9864
197	9865
6114	9866
390	9867
430	9868
2414	9869
825	9870
6455	9871
500	9872
5018	9873
6113	9874
1358	9875
5168	9876
3248	9877
2800	9878
1223	9879
3228	9880
4481	9881
1501	9882
465	9883
6015	9884
248	9885
5077	9886
456	9887
555	9888
1102	9889
155	9890
4194	9891
92	9892
1201	9893
3411	9894
2759	9895
2035	9896
1389	9897
3962	9898
102	9899
6648	9900
853	9901
3200	9902
1748	9903
311	9904
925	9905
1739	9906
124	9907
1344	9908
5213	9909
2815	9910
306	9911
520	9912
6368	9913
108	9914
2168	9915
334	9916
17	9917
6320	9918
3146	9919
4057	9920
3768	9921
1420	9922
450	9923
1799	9924
2344	9925
4818	9926
3483	9927
2071	9928
43	9929
1151	9930
3020	9931
271	9932
1404	9933
1843	9934
538	9935
1564	9936
530	9937
3765	9938
4843	9939
2502	9940
742	9941
128	9942
2221	9943
23	9944
2962	9945
1656	9946
2346	9947
511	9948
432	9949
1085	9950
1471	9951
4390	9952
6576	9953
126	9954
2624	9955
1452	9956
3610	9957
2068	9958
2044	9959
1777	9960
3497	9961
70	9962
550	9963
3986	9964
1311	9965
2210	9966
5753	9967
2667	9968
39	9969
2690	9970
2635	9971
266	9972
300	9973
1350	9974
1364	9975
5476	9976
454	9977
6426	9978
6590	9979
5695	9980
90	9981
1276	9982
1273	9983
3887	9984
65	9985
2165	9986
3111	9987
2245	9988
985	9989
3220	9990
3473	9991
548	9992
906	9993
1603	9994
465	9995
981	9996
464	9997
108	9998
867	9999
3141	10000
