119	180	9	32.2
101	889	3	4.2
106	607	3	6.14
104	2571	3	15.31
107	520	6	21.57
831	101	4	6.91
105	485	4	8.59
137	126	20	77.87
718	103	4	8
129	2385	3	25.55
317	14	10	9.76
103	2138	5	25.18
685	103	3	4.28
8	1918	3	20.43
443	106	3	4.57
105	1128	4	15.37
107	6003	3	26.08
486	1636	3	38.71
506	123	4	20.64
103	868	4	9.38
115	153	19	68.31
102	1390	7	32.97
103	664	3	4.09
126	2574	3	26.04
102	1201	11	62.58
114	745	6	33.93
206	2471	4	49.51
1094	14	7	19.47
350	115	3	9.08
270	319	4	34.11
110	676	4	16.67
1946	126	3	22.92
964	110	12	93.18
199	136	7	33.98
975	108	3	11.15
104	2230	3	13.13
243	116	5	15.84
107	148	18	32.6
3774	107	3	21.61
2976	486	3	42.61
102	544	4	5.58
102	440	33	201.7
126	3703	3	29.84
227	102	10	12.08
103	1514	5	20.78
352	108	3	5.39
101	201	13	12.47
4206	168	3	36.99
894	103	11	52.92
175	750	3	24.33
1210	112	14	136.49
490	14	8	10.95
111	1678	3	17.04
117	495	5	25.09
103	2905	5	30.24
109	140	17	34.25
656	415	3	31.5
1802	8	3	20.43
131	5709	3	35.42
103	496	24	130.32
305	173	10	86.9
105	2213	3	13.87
102	692	5	11.18
238	652	5	50.66
105	2333	3	14.86
1013	103	4	10.67
101	453	5	5.74
1329	112	8	60.71
1221	103	9	46.11
106	103	202	138.54
137	799	3	19.36
219	125	5	18.65
8	334	4	15.02
130	107	26	37.86
1016	160	6	60.72
764	132	5	35.23
113	5946	3	29.4
104	332	4	5.19
106	146	11	6.57
103	1170	9	46.11
101	438	7	11.67
102	844	4	8.94
177	128	10	44.62
102	784	3	4.62
107	1063	5	23.88
215	447	10	105.98
455	14	9	12.85
102	2642	3	12.85
223	147	3	12.54
166	138	4	12.22
201	103	15	24.89
422	14	17	44.53
3782	2620	4	85.26
126	552	10	75.73
1141	102	4	11.25
113	297	5	15.56
624	116	12	87.91
556	104	7	22.71
103	257	6	5.22
139	398	3	15.84
2042	4973	3	60.81
110	5751	3	28.98
103	207	11	13.8
108	4345	4	35.55
220	174	3	15.6
3369	12	3	14.69
220	125	5	18.75
146	119	4	4.18
1383	110	3	15.63
108	951	3	10.79
934	361	4	46.65
729	464	3	32.94
1513	14	6	19.06
588	14	5	4.34
760	116	3	13.86
106	570	13	63.95
103	1485	4	14.46
101	228	8	4.62
2776	111	3	20.87
107	673	3	8.08
120	284	3	8.99
199	121	3	6.35
105	196	7	7.81
116	130	9	10.65
107	249	4	5.31
107	301	5	10.78
4708	14	3	12.42
386	102	7	12.97
102	590	8	23.09
108	6206	3	26.66
101	694	4	5.69
226	421	5	45.32
103	1935	5	23.46
790	102	4	8.22
3337	14	4	17.52
5575	108	3	26.66
1488	103	10	64.55
2375	14	3	7.74
103	713	3	4.48
1454	361	3	35.73
460	326	16	213.57
123	272	4	15.32
102	4018	3	16.54
125	3474	3	27.55
118	111	27	42.84
2358	13	3	36.25
126	880	5	35.43
387	139	3	15.69
2115	137	4	38
106	3315	3	17.67
127	193	12	61.81
266	105	5	6.97
590	552	3	32.4
1510	150	3	26.1
118	4721	4	43.32
103	915	12	60.84
2237	14	3	6.84
648	103	18	94.33
214	220	5	35.64
6692	14	3	16.8
261	5834	3	46.63
498	113	3	9.57
117	1936	3	20.52
913	111	15	126.37
1370	119	3	19.09
111	302	5	15.34
12	5920	3	21.31
105	450	16	78.63
12	439	4	4.81
114	636	3	11.53
123	217	3	7.81
108	574	7	30.16
165	104	13	16.87
295	132	34	324.7
115	2779	3	22.6
102	2766	3	12.85
111	547	7	34.79
108	1163	3	12.37
199	104	7	6.98
1124	104	4	14.39
559	1152	4	51.66
105	153	17	24.73
688	128	4	24.51
101	4636	4	26.02
1810	101	4	14.05
530	150	3	18.95
102	458	8	19.11
104	2344	4	21.91
3633	106	3	17.67
103	2067	3	11.06
1279	110	5	31.11
1610	5262	3	59.18
131	366	4	20.46
2417	101	4	16.7
102	3126	3	14.37
2157	137	3	26.24
161	1088	3	26.07
173	109	5	5.83
1656	101	4	13.03
615	184	8	81.64
105	1174	3	10.12
126	929	10	89.9
105	1226	4	15.98
947	1330	3	41.13
108	258	6	13.58
103	2232	8	56.95
12	289	29	123.55
190	568	7	68.28
115	233	4	9.78
181	249	5	34.21
4034	14	3	12.42
133	106	17	9.47
224	103	9	10.08
603	136	4	25.67
862	102	8	29.77
771	104	3	6.75
201	2993	3	35.61
1235	101	3	5.83
192	234	5	34.28
106	195	13	27.89
103	1215	11	63.94
1856	104	3	12.3
107	1062	3	10.97
1494	104	3	10.94
243	970	3	29.6
1742	14	3	5.46
2865	14	4	15.01
480	14	11	21.03
2463	14	3	7.74
111	681	6	31.04
136	102	20	6.06
1333	135	5	43.39
104	355	16	66.42
229	112	4	7.71
209	120	3	6.54
374	14	9	10.2
102	4222	3	16.54
105	717	3	6.94
101	309	6	4.99
113	1111	3	14.56
106	598	4	10.05
106	523	4	9.08
102	918	4	9.34
112	1927	3	17.86
12	871	7	24.58
126	3049	3	27.62
220	101	8	4.2
343	460	3	28.19
560	126	4	22.12
407	14	15	34.21
3397	103	3	14.74
180	103	21	38.59
114	120	23	36.65
3062	106	3	17.67
103	287	10	19.41
103	229	65	363.73
562	110	3	9.72
103	115	126	203.72
1495	104	3	10.94
1148	200	4	41.22
245	119	9	42.42
103	2926	5	30.24
122	3982	3	29.16
542	104	3	4.76
106	2840	3	16.12
136	218	20	148.05
188	128	15	84.14
5367	14	3	16.8
1428	14	3	4.43
101	206	10	6.75
352	181	3	20.29
106	432	3	4.44
101	256	7	4.74
154	2147	3	29.04
538	14	7	8.71
177	159	3	12.15
129	1169	4	30.1
101	512	7	13.48
126	1339	5	40.99
1627	391	5	69.36
108	2034	4	24.55
149	114	15	40.24
120	2694	3	24.29
188	454	3	22.52
184	101	10	4.34
469	104	3	4.18
1948	125	3	22.85
2348	184	3	33.49
102	3308	3	14.37
159	796	3	23.4
1078	12	4	11.11
166	165	5	24.52
104	1427	9	57.18
12	708	4	7.95
230	120	4	11.64
669	192	3	24.78
3572	126	3	27.62
357	126	5	25.88
1641	14	3	5.46
103	2157	3	11.06
102	5921	3	20.98
105	1177	3	10.12
749	107	3	8.79
312	3370	3	41.38
123	347	4	17.83
525	101	4	3.93
102	1511	7	34.79
12	130	48	57.85
12	276	5	3.85
106	624	5	15.09
101	916	3	4.2
107	385	5	13.55
643	112	3	10.75
282	126	4	16.38
120	2360	5	45.96
1025	105	10	60.01
737	102	4	7.89
2123	108	4	24.55
106	2150	5	30.08
351	1682	5	68.17
313	254	8	78.74
108	1320	3	12.85
703	123	3	15.85
102	409	5	6.98
102	358	11	28.49
107	267	4	6.01
102	6622	3	20.98
102	493	6	12
103	798	4	8.65
1460	12	3	8.88
276	111	13	62.58
4295	115	3	26.39
1891	204	4	46.47
105	1382	3	11.1
126	654	7	50
1581	103	3	8.93
1357	14	3	4.43
102	932	7	25.58
2135	14	3	6.84
121	117	44	151.42
8	1163	5	34.89
250	486	8	85.95
288	111	9	37.23
178	343	3	19.95
416	12	4	4.5
1074	110	3	13.75
114	176	7	15.97
326	14	20	46.72
2221	252	3	35.63
190	1082	3	27.92
284	237	8	73.96
12	782	8	28.8
2318	14	4	13.21
210	14	25	37.86
105	5474	3	24.28
103	376	10	25.99
106	1383	3	11.15
123	1071	4	27.14
113	152	16	43.2
716	112	5	24.44
3996	14	3	12.42
139	181	4	13.93
2010	14	3	6.84
108	815	5	21.76
2695	113	3	21.12
833	107	3	9.32
127	610	4	23.37
108	2021	3	16.19
527	119	3	12.67
104	214	30	118.04
1162	14	4	6.9
5010	355	3	49.08
102	600	7	18.26
134	428	3	15.19
2200	102	4	17.13
154	106	43	137.32
1700	14	3	5.46
104	652	3	5.84
1478	163	3	28.46
534	14	8	11.81
1586	14	4	8.85
162	261	13	111.89
8	726	3	14.21
108	1378	4	20.46
101	981	3	4.77
1681	121	3	20.79
160	2375	5	59.82
115	195	3	4.39
103	884	12	60.84
12	140	16	4.61
128	244	3	9.65
106	3240	3	17.67
103	4244	3	16.91
110	1711	5	34.52
127	106	56	118.43
108	6368	3	26.66
349	1153	3	34.08
244	138	3	11.63
387	108	3	5.97
1615	14	3	5.46
251	281	3	22.14
213	115	9	33.78
143	102	16	5.72
1867	14	4	10.66
141	453	4	25.15
132	103	243	1150.95
1177	103	3	7.44
194	515	5	44.54
126	836	6	44.36
106	1718	3	12.36
101	651	6	12.08
102	349	5	5.7
102	424	7	14.22
107	134	20	25.58
1366	101	4	11.37
105	166	10	10.97
1432	14	4	8.12
107	120	25	18.71
243	145	15	116.06
4478	5872	3	66.9
102	471	14	51.18
461	105	3	4.79
104	927	3	7.89
103	5365	3	21.35
218	113	3	4.18
1638	104	3	11.58
102	4086	4	27.98
398	121	3	11.8
127	581	5	30.87
103	2494	5	27.33
104	1700	3	11.58
112	150	13	28.44
1403	14	3	4.43
102	1166	4	11.84
129	602	5	31.98
12	124	53	54.91
2281	106	6	42.97
101	1833	3	8.53
1095	101	4	9.49
2143	113	3	18.89
103	2323	5	27.33
105	398	4	7.47
173	12	12	9.11
2155	103	4	17.61
595	14	7	9.9
1524	14	3	4.91
102	261	13	27.25
119	213	3	6.58
583	105	4	9.73
3753	133	3	31.22
144	122	8	19.54
2150	143	6	67.67
976	9	4	25.04
104	168	12	14.42
1452	103	8	41.91
440	150	3	18.08
131	939	11	106.06
1228	14	5	10.87
102	4620	4	27.98
149	340	4	24.2
103	1366	3	8.38
659	101	4	5.43
334	16	4	25.12
103	1214	5	17.86
1477	2646	5	93.32
259	137	11	74.21
113	164	6	9.51
249	191	4	26.58
107	1760	3	14.04
122	158	5	10.68
12	801	3	5.13
114	445	4	14.95
733	103	5	12.55
665	437	3	31.82
117	141	6	7.87
57	14	65	86.9
628	103	3	3.9
3559	112	3	22.52
3155	14	3	10.32
2342	108	3	17.19
113	356	4	12.48
129	302	5	24.75
750	12	3	4.66
832	114	10	71.3
134	142	4	7.53
585	707	4	48.01
187	117	6	17.23
136	110	8	6.06
2009	9	3	22.06
104	555	22	135.56
865	105	4	12.93
121	197	4	10.32
113	117	100	395.63
2	13	3	16.66
102	2055	3	10.7
2578	12	3	13.16
201	108	7	12.65
2153	14	3	6.84
351	173	7	58.2
117	143	7	11.87
102	3263	3	14.37
491	285	4	38.49
171	237	12	98.94
598	138	4	26.03
110	510	4	14.73
963	14	5	8.36
123	1866	4	32.72
358	184	13	132.87
59	232	5	24.36
101	375	8	13.16
106	583	9	37.1
104	2782	3	15.31
187	164	5	27.53
102	954	3	5.68
102	1038	5	15.77
104	430	4	6.96
110	254	9	33.24
104	550	9	33.45
136	187	3	9.03
6346	150	3	38.97
126	1459	3	21.5
2706	138	3	28.58
121	152	4	5.3
283	110	5	14.31
121	210	4	11.29
160	14	24	12.61
952	108	3	10.79
1383	102	4	13.19
107	1946	7	51.38
114	148	17	48.71
1980	117	3	20.52
108	378	28	191.87
1478	1219	3	43.96
493	109	3	8.67
2240	912	3	44.24
103	4543	3	16.91
2116	12	3	11.01
1229	652	3	38.26
1200	112	3	14.84
102	442	5	7.41
585	252	12	147.04
1552	469	3	37.86
158	122	6	14.75
104	2224	4	20.42
405	108	3	6.09
1042	135	5	40.85
481	14	15	38.7
682	486	5	60.17
689	855	18	321.23
110	765	6	31.84
3104	242	3	39.01
102	3007	3	12.85
110	918	4	19.33
1966	691	5	76.5
309	178	4	28.04
203	115	5	12.18
104	2585	4	23.79
744	105	3	7.18
119	194	4	9.48
12	172	20	30.73
115	166	4	5.39
108	274	5	10.74
127	280	5	23.18
289	114	3	6.9
1985	12	3	10.2
147	223	4	18.99
104	5367	3	23.51
115	146	6	7.47
291	101	16	37.98
165	6648	3	41.37
387	118	3	11.22
1255	106	4	16.71
131	397	3	14.16
508	748	3	33.3
111	206	7	18.36
3506	110	4	33.66
1787	14	3	6.09
960	165	5	47.77
119	123	12	18.22
104	4490	4	31.35
345	12	5	5.94
102	291	22	77.41
204	101	11	8.39
103	2086	5	25.18
1085	101	4	9.49
140	119	7	11.55
152	5285	3	39.24
103	3372	5	35.59
456	110	3	8.7
131	147	7	19.61
3908	14	3	12.42
105	122	43	58.87
103	2396	5	27.33
103	4450	3	16.91
1301	102	9	47.15
123	286	5	21.97
103	754	7	22.49
321	107	3	4.32
126	2569	3	26.04
102	1136	3	6.71
12	576	16	73.03
112	119	31	57.23
163	12	13	9.96
108	1053	14	112.48
1481	3090	3	51.78
126	196	5	16.91
109	130	24	47.04
254	110	3	5.01
180	118	3	4.78
1720	112	6	45.06
108	4391	4	35.55
355	3495	3	42.35
129	190	8	35.52
187	152	4	17.54
1689	112	5	34.92
859	108	3	10.15
1977	108	5	32.17
102	937	18	125.94
3583	103	3	14.74
101	141	43	53.32
121	164	3	4.24
105	684	7	27.66
110	158	8	13.07
3321	111	3	22.45
257	132	3	10.94
2499	113	3	19.9
107	4355	3	21.61
12	3321	3	14.69
747	244	4	39.9
121	356	3	11
1134	143	7	68.77
107	973	3	10.6
413	145	6	43.31
631	102	4	6.74
770	106	6	23.45
4182	103	4	28.47
1990	14	3	6.09
114	419	7	33.47
113	197	5	9.73
3888	185	4	57.55
102	3352	5	34.97
126	534	11	85.01
782	101	18	96.58
1449	12	3	8.33
102	5423	3	20.98
761	12	3	4.66
1214	104	4	15
545	102	4	5.58
675	103	10	37.47
2387	6036	3	61.84
102	3170	3	14.37
166	108	6	5.53
3242	14	4	17.52
833	106	5	18.07
1111	4621	3	51.89
12	698	11	44.66
1584	179	4	42.22
102	812	16	89.19
103	1198	3	7.44
1284	105	3	10.59
104	6325	3	23.51
102	4317	3	16.54
642	145	4	28.74
229	143	3	12.42
117	1197	3	17.47
188	272	3	18.97
3281	133	3	28.99
102	931	11	53.32
102	1007	10	47.35
134	293	3	12.62
101	318	7	7.59
114	177	13	45.27
339	104	6	12.1
562	101	4	4.31
127	865	3	17.83
404	108	4	10.21
1600	14	5	14.76
101	2002	3	8.53
3760	4913	3	66.9
138	135	19	85.19
163	122	7	21.62
102	1118	4	11.25
112	310	5	15.97
2609	104	3	15.31
104	1852	5	26.99
1022	101	5	13.52
3223	179	4	51.62
129	3387	3	28.37
110	736	5	24.51
171	893	3	25.2
1201	413	3	35.54
130	1062	3	19.89
103	3174	3	14.74
103	3250	3	14.74
3681	104	4	26.39
105	165	9	8.42
987	101	3	4.77
108	1334	3	12.85
101	650	4	5.18
1912	115	3	19.49
517	14	8	11.37
150	112	15	36.67
2196	103	3	11.06
3057	285	3	40.55
243	102	6	3.89
1715	14	4	9.69
1004	102	12	63.65
119	166	5	10.8
119	103	44	20.99
106	741	3	7.22
102	305	9	16.18
4714	103	3	16.91
154	107	35	116.1
131	523	5	31.14
126	1787	3	22.92
8	727	3	14.21
103	2155	6	33.83
127	107	88	311.05
108	242	16	63.31
629	104	3	5.64
727	9	3	14.96
12	59	20	9.48
1852	14	3	6.09
12	338	5	5.62
194	102	12	13.01
141	115	12	26.12
1786	14	3	6.09
102	5818	3	20.98
153	120	10	28.93
2812	110	4	31.04
196	128	3	7.7
21	57	5	39.63
169	113	10	25.23
3082	101	3	12.94
129	1069	4	28.87
115	123	9	6.4
221	156	4	20.73
8	2457	4	32.91
102	218	23	60.69
424	238	10	108.47
107	436	4	10.08
186	134	3	8.54
105	397	3	4.16
108	1606	5	30.69
829	14	7	14.22
275	122	5	21.44
108	1530	6	38.29
9	17	3	7.36
106	4658	3	19.87
121	706	3	15.04
105	147	36	90.23
234	1919	3	33.92
161	769	4	33.94
330	760	3	30.66
107	119	19	7.8
158	165	3	10.56
386	116	3	10.13
107	284	7	18.37
425	137	15	132.64
1533	111	5	33.52
103	1920	6	31.43
101	754	4	6.26
954	160	3	24.69
101	603	5	7.76
12	373	4	3.93
310	387	3	26.52
123	207	3	7.43
2562	446	3	40.85
141	437	4	24.93
2537	133	3	26.17
103	4549	3	16.91
347	103	5	6
3582	103	3	14.74
2085	14	3	6.84
126	3051	3	27.62
146	105	38	98.08
161	1592	3	28.85
127	914	5	35.93
109	158	19	57.39
117	443	3	11.27
178	121	14	64.2
316	116	5	19.65
148	630	4	29.14
1574	12	5	20.7
430	125	5	27.48
111	873	5	26.32
760	102	4	7.89
134	141	3	3.98
721	147	3	20.62
621	106	8	32.1
451	120	4	18.39
5087	106	3	24.33
2988	14	3	8.85
472	115	5	22.82
2118	14	3	6.84
8	2654	3	23.54
102	904	9	37.28
106	279	6	11.04
974	252	4	43.12
101	497	8	16.99
1365	14	4	8.12
101	557	6	10.54
869	14	7	14.93
110	532	3	9.53
130	193	6	23.75
104	167	65	295.29
396	12	4	4.35
532	389	3	29.88
103	2884	4	20.95
236	111	8	26.09
104	1582	5	24.27
201	117	3	5.48
234	391	3	23.79
57	13	3	12.85
4658	116	4	41.96
129	346	7	42.3
102	1932	9	62.95
1730	103	4	15.36
2761	112	5	43.32
12	734	20	124.47
114	386	6	25.85
104	369	7	17.49
6031	101	3	19.51
104	473	5	11.42
136	116	9	13.77
580	441	5	57.27
16	232	3	13.84
283	111	6	19.56
374	114	3	8.69
105	851	3	7.97
693	103	14	66.02
1766	112	4	25.6
344	105	4	6.26
129	1394	4	31.57
101	292	6	4.28
103	1419	7	33.82
1522	102	3	8.58
526	115	3	11.12
115	862	3	14.17
6	3138	3	54.08
4374	112	4	38.96
1808	106	3	13.09
844	12	5	13.89
1159	104	6	27.2
107	3312	3	19.4
923	792	3	37.3
103	2883	4	20.95
711	12	3	4.44
3138	16	3	32.92
126	434	10	70.96
104	3689	3	19.05
6144	112	3	29.22
556	106	3	5.6
139	152	3	5.95
672	1322	3	38.76
102	2054	3	10.7
320	108	13	57.48
2	14	23	16.83
413	102	4	4.18
2943	14	3	8.85
1086	14	6	14.53
2005	14	3	6.84
732	575	3	34.09
1417	2548	3	48.34
457	680	17	263.22
2550	113	6	53.08
102	2628	4	20.46
552	101	4	4.31
1781	160	6	68.41
107	413	5	14.24
1206	693	3	38.51
112	1297	5	31.51
2119	339	3	38.12
101	1056	3	5.1
144	12	17	8.41
104	2404	4	21.91
390	108	5	14.65
275	103	5	3.91
121	1015	3	17.61
9	106	36	30.85
173	122	3	5.16
225	1298	3	30.99
122	2518	4	35.34
108	6463	3	26.66
360	108	9	35.4
3175	138	4	44.19
5956	103	3	21.35
101	3430	3	12.94
372	110	12	64.34
169	114	11	31.85
12	101	251	26.52
108	5176	3	26.66
126	2264	3	24.8
103	905	4	9.78
101	1751	3	7.85
115	165	6	12.01
123	454	3	13.21
138	162	3	7.33
123	128	110	737.66
175	144	10	55.6
103	830	6	18.45
102	4032	3	16.54
768	590	3	34.59
493	108	3	7.1
377	14	9	10.2
108	588	7	30.68
103	4542	3	16.91
1033	138	3	21.5
1947	112	3	17.86
102	4753	3	16.54
1468	14	3	4.91
835	252	5	54.67
2498	110	4	29.13
158	179	3	11.57
102	525	7	16.45
140	134	25	129.83
101	628	6	12.08
258	12	9	13.34
103	3371	4	23.53
102	2786	3	12.85
105	223	11	24.78
105	123	41	54.45
103	1954	7	40.41
204	102	30	88.31
1804	14	3	6.09
226	460	3	24.41
107	250	4	5.31
103	678	3	4.28
4762	103	3	16.91
1773	14	4	9.69
447	14	6	4.46
104	1721	7	42.77
127	368	6	34.21
592	104	4	9.08
105	1501	4	18.2
102	4017	4	27.98
428	142	3	17.1
685	109	3	10.46
101	1664	3	7.85
5231	455	3	50.57
706	14	6	8.86
147	122	9	24.58
217	106	6	7.02
950	102	3	5.68
2917	112	4	31.36
568	14	5	3.87
3856	118	3	27.99
658	376	3	30.91
282	113	3	6.17
103	5547	3	21.35
731	3018	3	45.27
1118	101	3	5.45
380	686	7	86.88
131	2244	3	24.86
233	137	4	17.07
114	1189	3	15.64
110	4824	3	28.98
918	104	5	17.85
102	2409	3	11.67
2732	102	4	20.46
528	1015	3	35.85
104	136	18	11.59
800	285	3	30.06
1309	108	3	12.85
126	533	6	37.99
397	103	5	7.27
166	233	6	39.56
4716	14	3	12.42
264	137	3	12.49
346	626	3	30.13
191	121	4	9.82
104	3908	3	19.05
180	117	3	4.33
5084	107	3	26.08
1614	242	10	153.36
103	302	6	7.13
129	273	3	11.05
200	746	4	37.37
142	157	3	7.47
879	14	5	7.85
109	203	6	12.29
1951	105	3	13.04
497	102	4	5.19
1972	14	5	16.13
102	990	3	6
145	104	49	138.43
102	938	6	19.79
101	142	18	3.93
103	2462	4	19.09
102	6126	3	20.98
129	634	5	32.76
488	115	5	23.12
211	131	7	32.77
3243	14	3	10.32
2418	103	7	49.83
112	176	4	4.56
573	102	7	17.78
102	483	7	15.65
714	102	6	16.08
1395	12	3	8.33
131	6473	3	35.42
199	137	3	9.78
247	117	11	54.32
1290	104	4	15.66
102	3103	5	34.97
101	1102	3	5.45
168	14	27	21.92
1055	168	3	26.07
168	170	6	32.43
102	187	14	17.81
1055	105	3	9.3
114	1638	4	26.68
107	467	22	143.68
12	254	8	9.97
540	12	5	9.34
280	117	13	74.8
117	747	4	21.49
1347	107	5	27.35
120	1221	3	18.13
210	114	6	16.19
735	104	3	6.5
2001	107	4	22.54
1023	101	3	5.1
448	16	4	27.39
106	1444	3	11.15
101	1299	4	10.68
1597	14	4	9.69
104	1401	3	10.38
1322	102	3	7.55
293	120	6	26.66
653	14	5	5.17
130	106	23	19.47
241	102	10	13.76
110	348	5	17.12
102	736	3	4.4
770	104	3	6.75
742	137	3	19.07
253	140	4	19.21
106	418	5	11.64
106	502	4	8.86
167	144	5	19.85
101	200	9	4.3
402	14	6	3.85
209	150	4	18.75
117	564	3	12.48
389	1521	4	52.06
128	947	3	18.64
109	174	8	15.74
225	642	3	26.21
260	114	8	31
103	256	41	195.53
801	14	5	6.95
197	102	8	4.71
101	1507	3	7.25
1766	14	3	5.46
134	155	9	35.13
103	1530	3	8.93
102	1100	4	11.25
116	633	3	12.88
719	104	6	20.76
160	1513	8	96.36
104	540	13	59.46
111	1069	3	13.9
121	314	3	10.2
103	3971	3	16.91
101	4769	3	15.09
102	2491	3	11.67
124	934	5	35.5
101	362	6	6.56
574	14	7	9.48
925	102	3	5.39
287	103	9	15.77
102	708	3	4.19
120	367	3	10.91
102	632	7	19.29
104	3794	3	19.05
101	1200	3	5.83
139	147	14	65.66
103	580	5	10
190	1050	3	27.92
12	818	5	13.39
1527	14	3	4.91
284	138	9	59.36
110	1165	4	22.05
212	171	4	22.44
151	1966	3	27.78
126	879	6	45.09
1183	14	7	20.66
4616	14	3	12.42
428	115	3	10.15
104	1972	5	26.99
105	381	4	7.14
107	556	4	11.63
135	493	5	32.41
102	532	6	12.68
1446	101	5	16.78
6045	536	3	51.49
405	12	5	7.2
898	111	3	12.82
242	14	14	12.22
1352	14	3	4.43
633	103	3	3.9
126	625	8	58.94
449	173	5	40.18
1213	108	5	26.4
103	2563	6	37.03
1947	14	3	6.09
138	104	71	216.28
102	1149	8	35.66
123	142	14	48.25
554	102	5	9.18
1751	112	5	34.92
161	1087	3	26.07
1241	14	4	7.48
102	255	14	30.2
637	125	4	23.2
188	2260	3	32.71
691	107	4	13.34
115	180	11	38.04
678	160	5	43.22
164	2418	3	31.78
1132	108	3	11.93
127	265	4	16.16
106	3261	3	17.67
105	1534	4	18.2
194	410	4	32.07
2863	290	3	39.16
162	1331	5	51.29
853	102	5	13.4
103	2488	5	27.33
106	5573	3	24.33
102	1168	11	62.58
113	1013	4	20.84
226	1242	4	44.04
3538	12	3	14.69
1402	128	3	21.33
102	509	10	30.23
103	1917	7	40.41
115	1127	3	16.01
102	4873	3	20.98
105	152	10	6.12
242	126	3	9.18
3251	108	4	30.57
218	14	14	9.31
203	858	4	38.68
145	135	3	4.7
757	104	4	10.86
107	2480	3	16.62
1045	101	4	8.97
935	144	3	22.22
104	1176	3	9.41
1745	109	3	16.32
288	144	4	21.86
102	3459	5	34.97
106	1209	3	10.17
103	275	7	8.94
277	159	4	24.74
201	2992	3	35.61
101	1333	3	6.26
236	304	4	31.82
3586	111	3	22.45
133	107	33	65.51
722	116	18	162.18
166	146	3	9.08
307	114	3	7.36
294	119	3	9.19
104	236	5	4.45
161	407	3	19.82
102	2612	5	29.62
106	268	20	81.62
106	194	16	40
2580	14	3	8.85
101	496	5	6.42
4935	2311	3	61.84
4326	14	3	12.42
1875	14	3	6.09
102	766	5	11.99
1206	102	3	7.11
126	1340	4	30.56
149	185	3	11.05
103	3953	4	28.47
1411	14	4	8.12
805	1548	3	41.28
1151	138	3	21.92
171	138	4	12.63
104	150	18	21.37
1295	112	5	31.51
666	104	4	9.91
1246	12	3	7.84
102	817	7	23.09
12	2116	3	11.01
237	551	6	60.39
106	297	15	56.36
5905	101	3	19.51
128	749	4	25.23
920	101	4	7.65
103	438	15	57.15
101	1350	3	6.73
1253	106	6	30.97
3401	102	3	14.37
1776	14	3	5.46
854	14	4	4.39
117	115	12	8.19
2089	150	4	40.9
108	678	4	14.06
3298	150	5	64.99
510	1068	3	35.85
2813	14	3	8.85
587	14	14	40.11
1933	102	3	9.89
1292	103	3	7.89
112	605	5	22.42
112	756	4	18
108	4374	3	22.18
104	3977	3	19.05
851	137	3	19.96
102	870	4	8.94
107	853	7	35.3
2442	111	3	19.65
272	146	3	14.34
319	102	6	7.24
1065	112	8	55.9
104	582	24	158.47
553	170	3	22.05
103	2071	5	25.18
119	416	5	24.36
2731	102	4	20.46
2484	112	7	68.2
112	1369	3	15.86
107	266	8	21.86
359	102	6	8.8
558	147	3	19.01
3926	14	3	12.42
2390	184	3	33.49
104	974	5	19.07
106	2151	3	13.92
104	1094	12	79.19
153	385	3	17.93
474	140	3	17.19
102	3925	3	16.54
612	106	3	6.14
123	243	4	13.84
103	694	4	7.7
878	346	3	32.39
101	1860	3	8.53
115	331	5	19.29
683	3557	3	46.32
119	1382	3	19.09
4618	110	3	24.5
12	203	14	21.61
102	1512	3	8.58
619	138	8	65.06
128	110	10	6.53
102	1436	7	32.97
251	596	4	38.42
141	142	3	5.54
111	273	10	41.93
252	14	23	42.87
1223	108	5	26.4
107	386	3	5.36
177	613	3	23.34
496	102	7	16.05
161	677	3	22.75
282	365	6	59.26
111	532	5	21.26
119	503	4	18.99
107	279	8	23.03
102	346	15	47.34
1366	14	3	4.43
114	1959	3	18.67
1729	103	3	9.54
147	352	3	16.46
2250	14	3	6.84
4468	14	3	12.42
190	317	4	29.37
112	312	4	11.08
817	184	3	25.85
2205	109	3	17.92
510	160	3	20.84
3778	114	3	25.56
102	6164	3	20.98
153	196	6	32.53
159	227	3	14.77
506	106	6	17.96
929	9	3	16.51
147	105	10	4.95
103	885	3	5.7
783	361	3	31.7
196	231	3	17.67
103	1710	8	47.06
106	620	19	119.37
119	249	4	12.65
4604	136	4	48.83
106	791	8	36.55
119	105	28	14.29
120	910	5	32.54
3004	136	4	41.2
103	3427	3	14.74
2540	125	4	36.16
103	3503	4	23.53
137	111	13	20.24
126	1789	5	44.9
105	556	4	9.49
120	570	3	13.12
120	518	4	19.33
107	893	6	28.8
102	679	7	20.42
106	119	47	57.55
149	224	7	41.88
111	632	6	30.02
2427	14	3	7.74
223	120	3	6.98
130	122	7	9.45
948	103	3	6
105	1775	3	12.31
545	14	6	5.97
469	108	4	11.19
322	103	7	11.11
1158	106	5	21.81
2790	14	3	8.85
109	512	7	32.67
155	286	3	16.02
210	101	14	17.32
101	1337	3	6.73
103	373	4	3.97
104	5961	3	23.51
139	119	6	7.82
102	1782	8	46.07
147	1011	3	22.84
339	12	5	5.62
5313	116	3	31.47
129	218	7	32.61
427	14	10	15.23
3728	1137	3	51.89
683	108	3	8.83
4654	102	3	16.54
120	146	4	4.25
102	1069	4	10.72
804	111	3	12.2
514	104	3	4.61
1065	144	3	22.99
698	116	25	262.85
105	772	3	7.43
121	332	3	10.53
760	14	7	12.93
102	982	8	33
120	103	35	9.09
1354	106	7	40.66
726	9	4	22.39
2072	103	3	11.06
103	270	32	137.24
114	194	4	6.71
858	106	4	12.99
146	103	36	59.04
190	604	3	24.09
1148	125	9	82.75
142	128	7	17.18
1829	111	3	17.78
117	441	8	46.34
102	5647	3	20.98
896	12	4	9.72
121	1614	3	20.79
103	2886	3	13.21
236	113	3	4.72
133	12	37	34.28
104	1580	5	24.27
201	119	3	5.98
126	489	5	29.04
1948	200	3	32.47
57	101	29	21.81
911	103	9	38.36
103	6535	3	21.35
102	2103	3	10.7
659	14	13	38.38
1477	2645	6	119.32
1030	112	11	87.41
3682	104	3	16.86
101	2713	3	11.43
102	2505	3	11.67
105	907	3	8.27
1304	107	3	12.29
1228	101	5	14.99
2716	125	4	38.07
105	2757	3	16.07
203	158	4	19.64
12	1497	3	8.88
121	4300	3	28.46
107	366	4	8.84
101	931	3	4.48
1335	116	6	45.08
103	1665	8	47.06
106	637	4	10.6
103	1725	7	37.79
1146	14	4	6.38
740	115	4	20.14
796	102	7	22.36
1371	138	6	57.21
1095	14	5	10.15
428	102	6	10.51
154	1534	3	26.74
112	403	3	8.34
12	175	17	23.03
561	101	4	4.31
4759	1406	3	53.4
129	1007	3	19.33
101	1780	5	19.06
478	119	6	33.23
4756	111	4	38.86
102	1283	4	12.48
107	1564	6	37.14
792	12	4	8.59
2668	101	3	11.43
342	14	11	14.17
108	510	3	7.26
165	108	35	143.64
623	115	3	12.1
3510	102	3	14.37
105	265	5	6.97
2936	157	3	31.73
199	108	6	9.3
131	176	3	7.03
507	287	4	38.62
1926	14	3	6.09
439	106	3	4.57
3810	144	4	51.2
386	114	3	8.82
120	607	6	36.29
1893	684	3	41.6
101	601	4	4.72
102	3851	3	16.54
880	14	5	7.85
127	331	9	56.74
2184	121	5	44.37
126	2266	3	24.8
122	619	3	14.77
1594	107	3	14.04
3448	441	4	62.32
102	273	12	24.67
744	12	3	4.66
331	181	4	28.78
275	105	5	7.46
114	3527	3	23.34
105	386	6	15.12
632	971	5	66.75
128	6086	3	34.77
105	266	4	4.21
222	108	5	7.73
112	1552	3	16.45
107	164	6	4.66
558	119	5	27.03
103	1931	8	50.73
1605	101	7	33.56
108	2821	5	39.05
115	353	3	9.08
113	995	14	121.51
449	6295	3	50.41
2979	14	3	8.85
112	3082	3	22.52
104	1824	6	35.69
597	14	8	13.27
1522	14	3	4.91
114	147	13	30.28
1173	135	3	21.89
107	1891	4	22.54
102	1800	3	9.89
4257	111	3	24.66
160	101	14	5.78
102	5576	3	20.98
194	936	3	27.29
152	251	3	14.26
104	431	19	95.76
110	207	4	6.46
4394	104	3	19.05
813	104	3	7.01
105	777	3	7.43
105	853	3	7.97
344	103	7	12.06
974	383	3	33.8
101	224	10	8.42
2279	106	3	14.91
105	2497	4	22.92
12	1697	3	9.5
116	2374	4	32.43
205	102	50	208.18
2674	14	3	8.85
114	1160	3	15.19
102	848	4	8.94
5020	14	3	16.8
598	137	4	25.92
976	12	3	6.28
103	2761	5	30.24
166	134	4	11.35
146	432	3	17.51
284	135	3	12.54
571	131	11	89.86
2059	103	7	43.86
224	135	5	22.33
102	3293	3	14.37
348	1439	6	81.94
2104	102	3	10.7
130	1579	3	22.41
114	351	4	13.28
610	104	3	5.45
789	111	4	18.28
102	799	4	8.22
8	59	11	23.73
111	766	3	11.64
219	115	6	18.17
3635	8	3	25.12
901	103	3	5.7
3902	231	4	60.45
109	1607	3	16.32
198	367	3	21.83
114	1444	3	16.67
227	113	3	4.39
1336	160	4	39.27
2062	156	5	56.1
106	413	3	4.32
352	104	4	5.72
103	1526	10	64.55
101	140	20	4.51
4143	540	3	46.99
220	200	18	174.89
114	298	3	7.17
1098	2028	3	45.8
126	333	8	47.94
645	14	5	4.88
427	126	3	13.42
142	159	3	8.22
2507	14	3	7.74
142	112	6	4.57
195	124	6	21.65
115	399	6	28.05
106	1638	3	12.36
101	2054	3	9.32
3404	14	3	10.32
126	2570	3	26.04
2039	14	3	6.84
447	102	5	7.41
434	107	3	6
103	2535	5	27.33
1121	109	3	13.61
1171	111	3	14.77
292	137	15	117.22
677	12	4	7.65
102	4838	3	20.98
313	191	4	29.37
131	148	5	11.2
102	2664	4	20.46
111	509	3	9.33
703	106	3	6.98
1421	103	11	71.49
124	254	4	14.7
601	115	4	18.2
1559	150	10	123.49
104	700	3	6.27
111	255	10	39.86
137	116	8	11.14
317	111	3	6.77
1039	16	3	24.23
6160	113	3	29.4
115	265	8	33.82
291	14	16	25.52
102	1394	8	40.93
655	285	3	28.7
8	337	4	15.02
162	634	3	22.34
394	3383	5	83.48
104	197	6	4.49
103	4076	3	16.91
113	5881	3	29.4
518	128	3	14.84
177	116	3	3.89
2758	101	3	11.43
103	1180	13	85.42
226	768	4	39.23
103	1120	12	70.6
108	2408	5	36.11
122	142	7	14.92
102	2018	5	24.57
249	111	12	51.36
103	561	5	9.7
2856	200	5	67.9
184	126	3	6.79
603	103	4	6.65
221	4499	3	40.53
1322	14	3	4.01
494	103	5	8.87
421	602	3	30.97
483	333	3	28.24
260	131	3	10.94
316	143	3	15.3
152	105	14	14.92
4308	102	3	16.54
103	2974	3	13.21
104	1220	4	15
1593	12	3	9.5
1846	441	3	38.95
155	347	4	25.79
101	1610	4	13.03
103	158	20	22.46
120	330	3	10.07
1498	516	4	54.1
102	873	4	8.94
106	504	3	5.12
8	531	3	12.02
663	135	4	26.3
110	170	12	33.54
3545	103	3	14.74
101	2941	3	11.43
327	3591	5	80.97
104	449	8	24.8
573	14	6	6.58
102	481	4	5.01
143	1560	10	121.22
292	134	4	19.11
402	677	3	31.6
8	1039	3	16.51
116	1388	4	26.77
101	3253	3	12.94
123	290	3	10.28
156	6481	3	39.98
1528	14	3	4.91
5483	103	3	21.35
101	1984	5	20.48
126	2573	4	38.16
163	106	8	6.22
1377	597	3	38.61
12	324	12	30.93
802	14	5	6.95
127	123	25	86.6
108	291	3	4.18
748	405	7	88.99
1277	101	3	6.26
154	123	25	127.59
105	436	3	4.53
137	125	6	10.03
410	109	8	36.33
111	218	24	127.82
119	120	8	5.22
103	1846	3	10.24
104	4554	4	31.35
324	112	3	6.93
101	1100	3	5.45
168	102	12	7.51
831	14	8	18.51
1765	14	3	5.46
568	110	3	9.72
107	397	4	9.52
3671	14	5	27.99
2325	102	3	11.67
104	793	5	16.29
1461	14	5	13.59
842	118	3	15.73
102	274	12	25.37
102	334	36	193.57
107	418	8	30.36
1356	12	3	8.33
110	2248	3	18.48
3435	903	3	48.09
103	1861	6	31.43
115	107	65	115.62
2997	103	3	13.21
644	157	3	21.26
101	3441	3	12.94
4309	14	3	12.42
6342	110	3	28.98
306	206	4	30.31
408	392	5	53.1
474	14	14	33.92
106	3469	3	17.67
1598	14	4	9.69
213	145	13	91.06
3108	107	4	29.79
376	104	8	22.43
211	114	15	67.61
1348	107	4	19.7
176	114	18	73.67
106	907	4	13.41
2892	14	6	33.59
458	845	4	47.54
111	499	8	41.05
105	199	6	5.74
126	2010	3	23.78
394	6176	3	49.93
104	878	4	12.4
101	4588	3	15.09
120	181	6	17.07
2171	110	3	18.48
136	227	5	22.81
282	903	4	43.55
105	637	4	10.54
5196	101	3	19.51
121	214	3	6.96
209	109	9	26.54
234	255	3	20.41
197	14	15	7.95
123	850	3	17
129	483	3	14.8
333	14	19	43.88
3392	108	3	19.98
233	1383	3	31.88
128	785	4	25.61
166	137	40	312.71
224	121	5	16.9
4370	12	3	16.86
104	6290	3	23.51
104	117	36	19.44
1069	2946	3	47.64
704	134	3	18.19
219	142	3	11.87
2160	14	3	6.84
192	108	6	8.37
103	1227	3	7.44
101	364	8	12.53
1144	1382	3	42.89
3230	136	5	61.05
462	333	3	28.07
102	634	9	29.69
3956	104	3	19.05
504	113	4	15.02
281	109	23	136.18
106	4165	4	32.45
103	203	11	12.82
103	131	68	125.94
103	337	17	58.85
1341	14	5	12.57
220	14	13	7.58
151	1268	3	25.2
129	1436	3	21.65
101	239	8	5.45
104	2797	3	15.31
621	103	6	14.89
2861	103	4	20.95
120	237	3	7.41
168	1037	3	26.07
120	108	15	4.29
108	3473	3	19.98
887	105	4	13.35
125	595	3	15.15
104	567	3	4.92
6107	179	3	42.45
110	341	4	11.66
236	1319	4	44.69
104	356	6	12.77
110	594	9	51.38
904	104	9	44.67
198	148	4	17.61
277	1376	3	33.69
106	266	5	7.04
2485	112	3	19.72
995	14	14	62.93
3673	103	3	14.74
264	108	6	14.2
2	8	4	7.14
155	272	3	15.65
102	1529	9	52.65
1326	898	3	40.78
115	182	8	22.91
127	213	5	18.93
131	367	3	13.61
969	102	4	9.77
1622	8	3	19.68
262	115	6	21.74
110	951	4	19.8
401	126	4	19.81
4744	516	4	68.52
101	870	3	3.95
296	113	4	10.77
1104	101	5	14.22
119	209	3	6.47
114	1913	3	18.67
193	134	7	31.87
102	459	8	19.54
107	297	5	10.63
108	4034	4	35.55
667	104	3	5.84
683	2501	3	43.49
124	225	3	8.23
104	4205	3	19.05
131	120	11	20.24
104	999	3	8.23
103	3202	3	14.74
218	102	9	8.84
439	105	3	4.53
479	143	5	35.26
2552	14	4	13.21
1736	126	3	22.16
3654	192	3	36.61
118	185	3	5.31
411	111	3	8.41
285	246	18	204.26
127	554	4	22.51
126	653	9	69.67
1357	101	3	6.73
2760	14	3	8.85
129	766	3	17.4
321	122	3	10.96
103	692	3	4.28
1064	894	3	39.38
391	14	9	10.89
112	103	57	11.42
202	753	7	74.51
150	102	22	19.35
1205	102	10	53.44
124	59	11	30.77
1042	103	6	22.12
2963	120	3	24.29
122	1677	5	42.28
107	268	6	13.19
102	564	4	5.79
107	194	9	17.61
193	120	4	9.51
1247	119	4	27.38
110	680	3	10.99
105	107	82	42.7
102	4770	3	16.54
104	835	4	11.98
103	3442	3	14.74
106	627	5	15.45
119	106	58	90.66
888	103	8	31.72
103	1763	7	37.79
907	102	9	37.28
221	102	10	11.9
245	4183	3	41.47
103	1052	15	99.39
2508	14	3	7.74
128	159	5	13.33
525	14	12	26.57
107	1209	3	11.82
195	1006	5	52.17
107	6203	3	26.08
126	975	3	18.58
394	633	3	31.11
106	1447	3	11.15
113	214	3	4.04
129	509	4	22.34
184	14	25	27.13
127	757	3	16.95
5326	3378	3	64.67
111	647	10	61.87
104	210	85	592.11
130	181	3	7.15
1088	14	6	14.53
171	136	3	7.65
104	152	35	84.52
110	480	4	14.26
315	104	5	7.84
538	101	4	4.11
151	216	8	49.93
106	177	24	70.25
770	123	3	16.4
106	221	7	10.36
451	447	5	55
107	775	9	48.83
1428	101	3	6.73
3652	101	3	12.94
111	4239	3	24.66
103	1510	8	44.24
103	1562	8	44.24
106	473	3	4.83
101	323	14	32.96
106	429	4	7.88
101	255	9	9.08
152	1568	5	50.31
102	4380	3	16.54
1530	103	3	8.93
203	4365	4	58.68
445	106	3	4.57
3263	14	3	10.32
1806	106	4	20.26
5467	136	3	36.61
1292	105	3	10.59
110	1454	3	15.63
459	536	5	57.15
115	1043	3	15.59
837	101	3	3.95
2460	103	4	19.09
107	1930	3	14.78
114	108	21	4.49
267	105	7	13.73
454	178	3	21.68
103	157	104	461.37
336	1013	4	46.48
117	493	4	18.22
645	113	3	10.92
109	142	20	49.58
532	160	4	30.48
183	574	4	33.59
102	2336	4	18.6
108	1829	8	64.85
1585	128	3	21.93
104	585	6	18.38
103	3669	4	23.53
2090	110	4	27.62
193	822	3	26.24
145	108	13	17.55
106	419	4	7.7
259	108	4	6.35
108	5346	3	26.66
106	249	7	12.47
106	301	5	8.34
3955	14	3	12.42
501	106	3	5.12
102	2473	6	36.29
704	119	6	38.21
653	101	4	5.43
1207	132	4	30.67
2636	107	5	38.09
397	107	3	5.6
224	137	4	16.63
864	110	4	18.88
6300	103	3	21.35
113	136	32	102.29
394	834	3	32.72
103	359	22	94.38
1384	110	3	15.63
317	102	10	20.9
1805	133	4	35.29
657	152	8	72.78
105	1310	6	30.87
102	5924	3	20.98
123	425	6	34.35
102	1456	8	40.93
3497	111	3	22.45
119	182	9	32.32
1778	104	4	18.13
197	1746	4	44.93
168	101	27	40.07
107	518	4	11.15
107	6579	3	26.08
107	466	10	45.09
104	706	4	10.53
104	638	4	9.62
4015	112	4	38.96
429	110	3	8.4
569	105	3	5.56
699	14	6	8.86
1054	946	4	55.83
106	4524	3	19.87
208	106	20	65.04
102	2927	3	12.85
728	464	3	32.94
885	115	3	14.49
1514	14	5	13.59
105	539	13	62.71
110	678	6	30.72
1782	14	4	9.69
2099	2087	3	50.23
105	120	26	11.49
199	138	4	15.35
1624	104	4	18.13
204	113	4	6.66
107	146	9	6.34
1294	101	3	6.26
158	198	4	19.42
103	614	4	6.89
115	581	3	11.69
123	174	6	18.17
265	119	6	25
828	238	4	40.4
126	2572	3	26.04
102	1199	6	23.34
122	952	3	17.54
248	207	8	67.55
1142	102	4	11.25
1652	110	3	16.87
165	138	5	17.31
108	374	4	9.68
102	4005	3	16.54
102	6045	3	20.98
535	108	4	12.09
1475	14	3	4.91
884	106	5	19.15
102	1352	8	40.93
460	252	6	60.25
126	626	7	49.39
102	6144	3	20.98
165	179	3	12.69
493	104	3	4.46
1723	104	3	11.58
118	113	32	62.18
105	134	42	85.56
242	101	9	7.72
105	198	9	13.98
106	2366	3	14.91
177	888	3	25.81
140	138	3	4.35
2125	103	4	17.61
1014	103	4	10.67
2340	102	3	11.67
3296	112	3	22.52
871	102	3	5.12
186	147	3	10.81
144	106	15	14.59
493	1113	3	36.1
9	12	90	136.23
108	339	8	28.13
280	134	4	18.72
104	1897	4	19.19
103	4359	3	16.91
101	3494	3	12.94
489	14	11	21.67
12	308	11	25.65
147	199	4	17.57
1250	115	5	34.25
115	106	32	11.9
127	776	6	43.62
4391	102	3	16.54
330	1155	3	33.45
294	108	3	4.18
126	474	14	113.54
57	8	21	76.3
117	254	4	12.12
211	993	3	28.74
103	509	5	8.87
412	128	3	13.68
1368	113	6	42.26
967	104	17	125.62
12	664	5	11.28
135	2097	3	25.83
128	635	3	16.08
114	583	3	10.9
101	484	17	63.54
106	148	25	47.37
102	786	6	17.17
110	6734	3	28.98
455	102	5	7.63
563	106	3	5.6
102	2640	5	29.62
329	237	9	89.34
102	4558	4	27.98
4321	150	3	34.47
1172	14	4	6.9
136	226	3	10.63
1928	14	6	22.51
1490	290	4	48.95
102	2385	3	11.67
102	2309	3	11.67
106	520	5	13.47
125	574	7	47.56
120	180	3	4.86
102	1041	4	10.72
122	375	4	18.36
535	819	3	34.27
109	126	14	12.26
102	3455	3	14.37
2785	172	3	33.47
178	108	5	4.53
106	267	8	17.74
103	1149	3	7.04
615	616	8	107.7
105	913	4	13.35
103	2896	4	20.95
520	741	3	33.49
2225	14	4	11.81
236	14	12	7.33
141	631	8	68.12
581	115	3	11.69
3833	107	4	34.77
613	107	3	7.66
12	695	22	138.15
103	6464	3	21.35
114	330	4	12.5
1083	252	8	103.05
133	492	4	23.15
519	333	3	28.61
112	4538	4	38.96
1842	103	6	31.43
178	118	3	4.75
160	1561	6	66.72
121	136	13	33.6
1045	14	5	9.5
106	445	8	26.84
101	240	9	7.72
106	385	4	7.19
107	624	6	23.64
1003	111	4	20.51
3452	12	3	14.69
131	284	5	24.44
599	109	9	49.71
2018	101	4	15.24
148	286	3	14.94
928	160	8	84.54
116	207	4	9.24
140	147	14	67.45
135	481	5	32.1
107	296	4	6.95
150	145	11	52.21
499	328	4	40.08
103	708	4	8
4301	14	3	12.42
919	102	3	5.39
572	14	7	9.09
2264	12	3	11.98
116	1485	3	18.66
360	121	3	11.12
657	117	3	13.54
207	107	6	9.03
576	104	7	23.2
1923	135	3	24.96
2569	14	5	22.71
524	126	3	14.43
102	206	11	12.61
107	432	4	9.89
252	145	3	13.52
296	112	3	6.36
1427	14	6	17.71
103	1727	9	57.63
433	2077	3	39.66
1880	12	4	16.33
2396	104	5	30.89
541	104	5	12.54
252	101	7	4.37
783	1183	4	55.28
119	107	46	75.78
103	1764	3	9.54
107	523	5	16.13
643	110	8	44.8
154	166	3	10.06
101	4274	4	26.02
137	172	5	17.83
120	2362	3	23.06
126	1791	3	22.92
662	108	4	13.74
137	102	53	90.6
102	2904	5	29.62
644	131	3	16.71
127	166	5	13.93
1456	14	3	4.43
126	976	4	27.32
366	111	3	7.75
115	280	4	12.07
245	4182	3	41.47
103	1051	12	67.68
169	320	12	110.14
103	617	11	41.78
101	2115	3	9.32
8	5558	3	31.83
112	298	3	6.45
110	2004	3	18.48
363	108	5	13.78
112	2915	3	20.95
122	2369	3	24.12
200	122	3	6.96
2224	102	3	10.7
256	103	6	5.22
101	2441	3	10.27
110	800	3	12.04
104	1015	3	8.59
269	102	11	20.55
616	14	10	21.75
105	106	139	114.94
2206	441	4	56.23
107	195	9	17.88
102	495	4	5.19
670	101	16	70.25
126	1598	7	67.97
348	363	4	38.38
1777	138	8	88.47
297	157	4	24.29
110	2988	5	42.92
101	322	14	32.96
106	430	4	7.88
102	1692	5	21.41
248	634	3	27.31
1397	102	6	25.7
107	1923	5	31.21
114	181	4	5.69
170	14	31	33.41
6700	116	3	31.47
195	111	18	76.78
3360	111	3	22.45
416	236	9	94.59
854	101	5	11.21
1393	12	3	8.33
6511	104	3	23.51
166	104	10	9.15
128	613	3	15.85
114	433	5	20.67
103	439	6	11.41
101	1271	11	60.56
191	237	4	25.77
104	3891	4	31.35
103	364	17	62.13
139	176	5	19.08
287	136	4	19.43
1534	102	5	20.18
501	120	4	19.08
334	14	12	16.85
732	437	4	46.08
385	290	8	86
101	406	5	4.96
126	1341	3	20.9
3860	107	3	21.61
126	1161	6	49.63
130	180	3	7.11
116	868	3	14.74
506	107	6	21.21
115	193	4	7.57
221	111	3	4.14
147	300	3	15.2
106	2072	3	13.92
12	341	6	8.68
103	2220	6	33.83
1604	103	3	9.54
5029	4949	3	71.4
629	103	5	10.99
531	59	9	73.47
104	825	14	83.32
4598	108	3	22.18
282	8	3	8.3
3189	14	3	10.32
1129	9	4	26.17
137	110	11	13.77
662	103	7	20.64
128	3681	4	41.37
126	1790	3	22.92
102	302	7	9.37
102	422	30	168.38
102	498	5	8.36
107	196	7	11.02
104	1030	13	86.6
763	103	6	17.29
724	321	5	56.21
232	3734	3	40.87
132	105	26	27.8
1848	103	6	31.43
1022	14	4	5.91
2069	14	3	6.84
3556	162	4	49.85
106	1716	4	19.2
12	527	4	5.72
1974	104	3	12.3
102	1115	4	11.25
499	12	4	5.52
117	545	3	12.29
1626	111	3	17.04
160	140	3	7.7
104	1235	10	61.8
4689	101	3	15.09
114	296	3	7.08
254	115	8	32.45
2221	326	3	37.88
418	133	8	55.46
1540	136	4	34.44
881	604	4	50.07
106	6700	3	24.33
594	14	5	4.34
101	219	10	7.97
174	165	3	12.22
1166	12	3	7.4
223	284	3	20.97
111	709	3	11.39
105	1011	4	14.29
102	2533	4	18.6
110	363	9	42.09
104	262	39	212.8
130	123	10	19.68
102	602	4	6.24
106	120	50	67.06
102	2035	4	17.13
114	372	3	8.56
812	14	8	18.51
669	133	9	73.81
129	471	11	84.68
139	120	6	7.93
249	173	3	16.65
1404	14	3	4.43
6537	103	3	21.35
107	3512	3	19.4
271	114	5	15.49
201	134	5	20.22
113	2951	4	31.59
104	1492	10	71.73
139	134	21	98.75
147	721	3	20.62
900	101	3	4.2
155	128	58	430.9
236	112	3	4.58
3214	112	4	33.98
12	2479	3	11.98
862	112	5	26.45
1197	102	3	7.11
126	490	11	83.4
141	735	3	20.04
383	14	7	5.5
3551	14	3	10.32
988	102	5	15.11
106	2997	3	16.12
149	188	4	17.15
396	105	7	20.39
102	2504	5	26.72
111	692	4	17.21
103	1364	7	33.82
106	134	19	15.05
869	101	3	3.95
646	104	5	14.2
103	1543	5	20.78
101	171	20	21.37
482	391	4	41.62
486	5185	3	50.92
102	981	6	20.57
3135	107	3	19.4
107	742	3	8.79
533	14	9	15.25
2500	14	3	7.74
105	771	3	7.43
1969	102	4	15.92
183	1304	5	54.11
4484	102	4	27.98
1734	14	4	9.69
123	662	3	15.35
146	165	5	19.92
112	759	3	11.72
635	111	12	79.8
543	365	3	29.32
153	366	4	25.91
3773	103	4	28.47
102	1232	5	17.27
12	548	13	50.22
1629	106	8	54.97
1755	103	4	15.36
1150	168	4	37.96
107	181	5	3.99
102	573	4	6.01
107	233	24	108.63
111	4902	3	29.14
103	1921	4	16.4
1070	168	5	49.35
1161	14	4	6.9
101	676	6	12.52
105	316	6	12.59
947	104	5	18.44
507	114	6	28.79
151	748	3	21.46
943	14	5	8.36
125	634	3	15.59
2408	102	3	11.67
1557	102	4	13.99
104	3376	4	26.39
1174	108	7	42.97
280	148	5	29.92
586	160	3	21.65
127	153	12	46.57
102	444	4	4.49
102	6537	3	20.98
120	685	13	106.87
585	326	4	41.44
3318	108	4	30.57
104	2226	3	13.13
101	683	6	12.98
2765	6533	3	63.08
2843	103	4	20.95
105	267	4	4.21
633	236	4	38.1
266	108	10	33.47
122	694	3	15.47
104	5268	3	23.51
244	104	5	4.79
127	278	3	10.89
1697	101	4	13.03
6629	116	3	31.47
2108	109	3	17.92
626	12	4	7.09
131	504	3	15.3
105	445	3	4.53
384	441	5	53.4
9	109	16	10.8
902	104	4	12.4
104	803	4	11.58
154	278	4	23.2
585	402	3	30.65
238	163	3	15.69
102	190	31	85.31
238	108	6	12.06
119	266	5	19.03
103	1675	6	29.48
123	1302	3	19.81
144	105	11	6.12
511	106	16	84.73
106	3026	3	16.12
103	4035	3	16.91
104	222	7	8.88
383	126	4	19.43
8	124	10	11.17
552	14	12	28.2
104	3036	3	16.86
192	12	17	28.85
715	111	3	11.39
631	258	3	27.64
518	227	4	35.82
128	644	3	16.08
114	570	3	10.71
3270	102	4	23.03
133	122	13	32.81
123	2175	4	33.99
57	124	9	24.24
117	145	17	56.91
2033	106	5	30.08
109	115	83	242.65
684	108	9	47.71
178	103	38	113.49
103	320	18	62.27
102	1723	4	14.88
12	857	3	5.39
326	140	3	14.79
141	2341	3	28.23
101	174	19	19.76
523	16	4	28.57
2681	111	5	43.19
151	482	5	36.79
959	165	5	47.77
112	1989	3	17.86
1788	14	3	6.09
246	122	3	8.77
105	643	3	6.29
126	1461	3	21.5
757	118	3	14.85
145	103	45	90.91
365	14	14	25.87
126	3706	3	29.84
101	188	16	17.85
101	59	23	7.23
1850	14	4	10.66
1951	12	3	10.2
354	132	19	162.36
6199	104	3	23.51
161	125	7	22.33
103	2908	3	13.21
109	200	5	8.61
180	120	4	8.41
1002	102	3	6
382	105	3	3.93
347	136	7	45.81
2866	108	4	27.96
103	245	43	201.14
107	1856	5	31.21
230	103	8	7.95
4228	14	4	22.39
125	1514	3	21.43
220	377	12	129.26
12	650	13	55.77
1017	524	4	50.53
1776	116	5	38.64
126	587	8	57.61
1006	12	4	10.61
4479	160	4	54.53
102	2478	3	11.67
183	207	4	23.51
149	171	5	21.16
130	165	4	10.22
110	495	3	9.18
110	360	7	29.03
120	388	4	17.37
413	319	4	38.39
278	102	13	29.87
116	376	13	83.41
8	699	4	21.01
410	103	4	4.55
1118	14	4	6.38
3126	3063	5	113.89
731	144	3	20.64
267	866	4	42.47
101	1801	3	8.53
2045	132	4	36.3
102	1573	3	8.58
843	103	6	19.09
1147	14	8	24.94
889	204	3	27.54
710	103	3	4.48
109	710	3	10.7
118	319	3	9.77
185	337	4	29.74
225	283	3	20.97
103	752	16	86.07
321	109	28	192.83
112	232	5	11.8
102	1138	3	6.71
102	1198	8	37.2
106	866	4	12.99
103	1883	7	40.41
101	849	3	3.95
102	547	5	8.89
797	12	3	4.89
102	6692	3	20.98
102	427	26	133.1
148	319	3	15.76
154	485	3	19.22
111	458	6	25.98
105	294	4	4.96
456	112	7	32.77
105	176	9	10.28
4369	124	3	29.5
201	116	4	8.77
109	491	3	8.67
665	436	4	45.01
111	1895	8	71.49
1006	191	5	51.74
103	597	4	6.65
101	1266	3	6.26
2454	103	3	12.02
12	729	3	4.66
1163	9	5	36.18
114	444	3	9.52
1716	103	4	15.36
102	722	18	99.31
102	773	16	86.53
5285	103	3	21.35
646	102	5	10.45
1206	108	8	52.13
107	874	3	9.61
281	1183	3	32.74
110	382	3	7.86
104	302	11	31.78
183	117	3	4.58
8	420	4	16.99
908	237	3	28.95
120	243	3	7.67
400	103	4	4.39
253	108	4	6.08
113	562	3	10.1
1991	108	3	15.34
1864	102	4	15.92
127	916	3	18.16
102	5491	3	20.98
878	401	3	33.37
1403	104	3	10.38
112	207	6	14.29
355	4153	4	65.53
103	642	14	63.04
113	4310	4	39.2
118	122	7	4.91
1811	133	3	24.29
1244	383	3	35.6
116	1491	3	18.66
131	290	4	18.02
105	219	10	20.21
420	108	3	6.36
104	934	3	7.89
110	841	6	33.76
820	108	3	9.86
1258	107	5	26.35
973	160	6	59.81
114	2129	3	19.53
107	228	10	26.46
107	286	5	10.19
106	963	3	8.64
703	130	6	43.67
150	251	3	13.99
101	605	5	7.76
2014	160	4	43.45
102	314	29	129.93
101	1011	3	4.77
102	3015	5	29.62
105	575	5	14.32
554	108	3	7.61
2057	103	8	56.95
5983	14	3	16.8
116	517	3	11.68
3755	14	3	12.42
415	14	7	6.24
768	252	4	40.82
664	133	13	119.08
289	106	4	4.91
169	107	14	30.3
346	216	3	22.31
561	104	3	4.92
114	952	3	14.03
147	320	3	15.74
971	2212	3	44.59
115	174	6	13
464	121	4	19.09
153	128	21	106.14
126	1090	3	19.4
1255	114	3	16.13
141	134	4	7.15
2043	125	6	59.58
115	188	4	7.4
6579	102	3	20.98
4330	14	3	12.42
107	1300	4	18.96
103	1706	6	29.48
816	204	6	63.25
186	115	11	40.51
394	1548	3	37.05
107	453	4	10.28
620	110	8	44.13
110	877	3	12.66
137	162	4	11.76
2501	104	5	30.89
107	4741	3	21.61
104	1085	6	27.2
102	2659	4	20.46
492	111	3	9.33
5129	14	3	16.8
101	771	6	14.51
12	1293	3	7.84
102	501	29	174.88
720	513	3	33.21
103	687	19	108.1
102	1188	6	23.34
276	103	7	8.94
499	14	8	10.95
12	448	27	146.79
104	1678	3	11.58
109	656	3	10.22
745	104	8	33.59
103	4502	4	28.47
1121	114	3	15.19
224	970	3	28.82
107	2118	3	15.62
114	227	3	4.91
114	175	7	15.72
305	415	4	37.95
101	1538	5	17.84
1419	103	8	41.91
125	3949	3	29.78
234	220	3	18.95
102	4319	4	27.98
1166	14	4	6.9
319	108	3	4.69
830	103	5	13.46
116	809	8	56.18
472	134	3	15.68
102	1065	6	21.41
107	635	7	30.48
5206	12	3	21.31
167	132	3	6.46
1654	101	3	7.85
101	316	7	7.59
103	1395	3	8.38
538	107	3	6.92
177	104	7	4.56
125	117	27	78.64
770	114	3	12.77
106	288	7	15.2
105	856	4	12.93
106	2985	3	16.12
617	150	3	19.98
598	102	9	28.26
184	108	5	5.23
5461	168	3	41.48
981	14	6	12.9
103	2843	3	13.21
697	160	9	90.31
113	255	3	5.42
660	297	3	29.1
1789	101	4	14.05
1079	104	9	48.9
1404	12	3	8.33
1314	105	3	10.59
901	14	6	11.53
209	319	3	21.4
103	3675	3	14.74
110	312	3	6.53
104	392	6	14.02
215	230	8	66.1
380	884	6	76.03
101	267	10	12.84
1579	107	3	13.4
101	193	27	55.95
220	196	5	34
1002	104	4	13.32
2159	538	3	40.9
490	107	4	10.92
5709	104	3	23.51
103	300	16	48.03
105	1965	3	13.04
575	185	4	34.03
142	237	3	12.52
104	1153	9	50.6
1588	103	4	14.46
107	3582	4	29.79
117	105	29	12.76
397	102	4	4.04
103	2860	4	20.95
1476	107	4	20.53
113	6284	3	29.4
536	101	7	13.89
106	1375	3	11.15
125	164	6	17.93
101	385	6	7.19
105	885	3	8.27
3020	14	4	15.01
105	989	3	8.93
419	120	3	11.6
104	190	9	11.07
3291	14	3	10.32
241	108	4	5.5
130	243	5	21.8
673	105	3	6.5
852	110	3	12.34
226	208	4	26.59
119	173	6	15.58
568	105	4	9.49
731	215	6	63.21
502	573	5	58.47
373	282	3	25.4
5186	682	3	53.05
102	2917	3	12.85
137	234	3	11.13
509	1911	4	55.9
105	477	3	4.93
951	160	5	46.95
179	101	13	8.16
464	104	6	15.79
408	117	3	10.97
166	693	8	79.36
2274	12	3	11.98
123	367	3	12.04
101	1722	5	19.06
103	860	6	19.09
139	818	3	20
115	219	4	9.14
111	5897	3	29.14
128	178	4	10.92
346	126	5	25.45
1936	103	4	16.4
727	14	8	16.95
1648	14	3	5.46
2296	106	3	14.91
104	3598	3	16.86
123	120	8	7.43
2579	14	3	8.85
112	115	14	4.96
1562	117	3	19.1
185	198	3	15.72
109	639	3	10
148	146	8	32.59
150	120	9	22.61
103	2089	6	33.83
104	2238	4	20.42
2942	103	3	13.21
530	126	4	21.6
140	115	42	190.27
107	324	3	4.32
238	460	5	47.12
105	59	14	8.81
3708	14	3	12.42
148	103	24	25.13
4843	106	3	24.33
1479	14	3	4.91
104	2223	6	38.11
258	101	10	11.92
138	113	10	12.33
12	418	8	18.65
123	134	8	14.75
3095	12	3	14.69
104	3429	4	26.39
376	111	3	7.88
6203	108	3	26.66
105	1544	6	33.59
762	14	5	6.17
1213	102	4	11.84
3626	187	3	36.56
185	120	4	9.16
141	235	3	12.12
109	998	3	12.82
207	173	4	22.17
104	1903	3	12.3
127	201	3	7.82
122	742	5	32.15
1779	116	6	49.53
115	171	5	8.99
115	244	4	10.3
102	345	18	64.27
107	411	5	14.24
106	662	3	6.54
101	986	3	4.77
101	882	3	4.2
498	105	3	5.08
554	118	8	51.48
626	14	6	7.62
1334	102	4	12.48
137	135	13	48.14
103	3529	5	35.59
173	124	3	5.44
904	795	8	120
902	102	6	19.07
110	1091	3	14.16
192	14	17	10.2
515	1535	3	38.4
107	1003	5	23.18
104	175	28	81.25
101	2662	3	11.43
1151	111	5	29.64
4754	111	4	38.86
1157	1818	4	63.13
552	12	4	6.14
1302	104	4	15.66
1582	184	4	43.01
191	190	5	30.91
164	14	31	30.41
12	674	3	4.05
111	5334	3	29.14
320	110	5	15.95
4056	641	3	48.06
102	1720	8	46.07
3052	797	3	47.14
114	217	8	26.42
1924	14	5	16.13
577	102	16	71.34
110	1601	3	16.87
2527	339	3	39.14
111	1841	3	17.78
102	5520	3	20.98
104	427	4	6.96
104	479	6	16.12
102	2243	4	17.13
106	578	3	5.77
6652	14	3	16.8
104	4703	4	31.35
3379	108	3	19.98
3733	106	4	32.45
103	1493	5	20.78
106	406	7	20.5
107	816	7	34.49
177	386	5	39.83
102	1107	3	6.71
107	665	10	52.73
165	126	4	9.14
623	103	9	30.01
194	485	3	23.06
126	802	4	25.45
103	2513	3	12.02
745	135	3	18.67
118	108	36	50.19
5329	103	3	21.35
1475	12	7	35.53
102	1143	8	35.66
655	389	4	44.16
103	761	8	28.1
231	111	31	189.37
1827	101	3	8.53
3542	12	3	14.69
104	4178	3	19.05
3684	1549	3	54.01
5948	14	3	16.8
105	131	25	24.72
875	14	4	4.39
105	277	5	7.46
126	2006	3	23.78
103	3327	4	23.53
633	102	7	19.29
1339	14	6	17.71
331	126	14	100.81
105	531	13	61.72
189	152	3	11.48
2966	14	3	8.85
114	5637	3	30.04
331	226	3	22.26
485	112	3	9.24
1313	108	4	19.71
154	141	4	11.12
9	14	228	448.64
135	164	4	11.52
1019	111	4	21.05
1997	104	3	12.3
252	343	3	23.67
103	1737	3	9.54
1335	104	3	9.87
12	109	367	1065.07
115	240	3	6.13
244	110	4	8.1
1858	103	3	10.24
103	4278	3	16.91
153	243	3	14.21
104	1902	4	19.19
127	141	15	56.06
1204	14	5	10.87
261	133	3	11.29
1229	460	4	51.03
956	103	11	54.66
133	114	17	33.19
2293	101	3	10.27
109	551	3	9.01
262	608	3	27.67
455	104	3	4.05
126	1240	4	29.8
293	128	11	70.78
102	4555	4	27.98
687	136	3	18.37
1911	103	4	16.4
102	789	3	4.62
102	706	8	26.39
1175	150	6	58.91
106	515	3	5.28
2554	14	3	7.74
59	426	4	24.09
102	962	8	31.84
1633	133	3	23.53
104	363	5	9.21
143	1989	4	38.73
104	482	10	37.52
136	179	3	8.27
921	101	5	11.73
1418	109	7	50.11
174	128	3	6.22
283	12	6	6.31
126	125	5	3.97
2521	14	4	13.21
2300	1121	3	46.83
146	115	5	4.89
260	199	3	19.16
868	112	7	42.51
1878	14	3	6.09
109	268	7	22.31
1364	112	3	15.86
587	9	4	20.42
361	14	16	33.92
1472	14	3	4.91
216	218	6	45.06
114	113	16	6.06
103	6319	3	21.35
1270	184	5	54.51
104	6092	3	23.51
103	311	5	4.97
120	128	11	18.26
145	113	6	5.26
101	280	10	14.1
134	107	38	90.3
103	1515	8	44.24
1009	103	8	33.96
117	1123	4	25.27
16	59	24	148.83
110	103	110	99.26
4067	106	3	19.87
440	126	4	20.44
105	948	7	33
149	106	76	318.62
8	333	8	41.37
103	6104	3	21.35
110	350	8	35.05
104	335	5	8.49
259	113	4	9.42
103	1260	3	7.89
103	1124	8	36.63
515	109	5	19.79
756	104	4	10.86
131	5710	3	35.42
322	115	3	8.4
444	406	3	28.96
3186	103	3	14.74
103	4717	3	16.91
985	106	7	34.1
101	1731	4	13.03
919	446	7	93.42
2309	14	3	7.74
12	6412	3	21.31
2823	112	3	20.95
1090	14	8	24.94
2017	14	3	6.84
540	101	9	22.34
428	134	4	22.61
317	104	7	15.1
141	148	7	25
105	1133	6	28.7
569	101	5	7.18
228	180	8	59.93
341	415	4	39.2
137	121	13	34.32
1639	101	3	7.85
2830	101	3	11.43
111	214	10	34.18
399	120	7	38.89
101	892	6	16.36
186	243	3	17.72
1120	136	3	21.66
135	152	6	17.97
204	108	7	12.98
714	103	3	4.48
158	131	6	17.93
1049	133	5	39.73
102	433	4	4.33
103	5283	3	21.35
116	117	19	28.19
153	514	3	19.56
103	4638	4	28.47
226	1342	3	31.54
1917	136	3	25.18
1240	14	6	16.53
112	226	5	11.3
102	1204	5	17.27
411	135	4	22.69
1046	104	3	8.59
534	107	3	6.92
137	104	31	45.89
673	120	3	14.19
102	6424	3	20.98
135	197	4	14.51
2339	108	4	26.06
1194	110	3	14.61
102	1518	4	13.99
1018	110	11	86.53
107	1213	3	11.82
103	2162	3	11.06
103	2214	6	33.83
213	121	5	16.3
185	148	6	29.94
143	164	3	8.79
234	792	3	27.86
306	117	8	39.69
5816	14	3	16.8
103	739	10	40.45
2130	14	4	11.81
772	102	7	22.36
1181	416	5	65.5
332	220	6	53.09
103	2073	3	11.06
106	1057	3	9.35
2097	14	4	11.81
103	1896	8	50.73
102	357	8	15.78
107	190	9	17.21
243	108	5	8.8
1855	102	3	9.89
112	1575	4	24.65
479	12	4	5.34
1000	111	3	13.52
105	158	12	12.81
121	801	3	15.87
108	1113	3	11.93
105	240	5	5.62
120	156	4	5.68
107	644	3	7.87
134	182	4	12.72
1020	114	3	14.78
106	477	5	12.9
102	2286	3	11.67
126	1593	6	55.27
319	103	14	40.18
2173	103	3	11.06
1879	102	4	15.92
105	818	3	7.69
104	460	5	11.42
110	222	3	4.02
970	103	8	32.8
110	178	13	41.33
3371	112	3	22.52
2142	103	8	56.95
108	1012	5	24.12
109	147	19	48.25
122	466	3	13.24
326	107	4	7.82
129	327	3	12.43
1061	101	4	8.97
103	119	49	29.58
12	639	4	7.09
102	2025	3	10.7
230	114	3	5.02
2957	113	4	31.59
113	6404	3	29.4
129	401	4	20.8
175	997	3	26.29
103	540	12	44.25
224	145	9	57.17
117	120	20	37.47
184	103	9	5.98
102	3313	3	14.37
1393	14	3	4.43
166	102	10	4.03
133	155	3	5.29
271	122	3	9.71
142	372	3	16.23
126	1338	7	63.9
219	103	15	28.84
533	464	3	30.84
598	110	4	15.77
104	206	6	5.16
1555	131	5	43.93
653	9	3	14.21
161	490	4	30.19
4415	111	3	24.66
151	262	11	83.8
101	581	11	33.63
334	12	5	5.62
157	113	6	7.49
267	1316	3	32.77
113	5735	3	29.4
2258	246	4	50.25
368	336	3	26.68
101	414	14	41.34
103	1298	10	57.32
106	338	10	32.49
2999	103	3	13.21
1570	108	3	13.96
113	305	3	6.7
106	1408	4	17.45
1127	150	3	23.99
1311	112	12	109.93
487	108	17	103.12
1459	14	4	8.85
102	1939	3	9.89
543	220	4	35.82
109	351	5	16.25
873	101	6	15.7
1847	111	7	58.52
212	123	4	12.3
2852	111	4	31.25
336	1104	5	62.29
103	199	54	237
240	102	9	10.87
654	14	15	49.95
278	1222	4	46.36
635	105	4	10.54
216	173	22	206.06
106	442	3	4.57
106	390	3	4.08
103	1553	7	35.64
101	106	173	34.1
120	112	12	5.87
1596	14	3	5.46
663	111	14	100.42
188	119	6	18.31
104	495	4	7.92
105	714	4	11.46
107	175	6	5.7
193	130	3	7.95
102	463	19	84.19
106	902	4	13.41
150	148	3	7.11
104	4313	4	31.35
103	2060	4	17.61
106	1106	4	15.43
102	2769	3	12.85
820	103	3	5.17
148	181	4	15.98
470	102	4	4.83
107	1497	3	13.4
411	107	3	5.73
101	2095	7	39.59
226	1244	3	30.99
123	148	12	40.26
12	232	17	39.27
1018	16	3	24.23
214	1372	3	31.15
461	1182	3	36.2
2064	104	5	28.73
101	5539	3	19.51
103	2383	5	27.33
1496	102	3	8.58
161	1790	3	29.61
102	2948	5	29.62
102	3127	3	14.37
189	197	3	15.81
105	578	3	5.73
1370	112	4	23.81
103	5688	3	21.35
671	103	3	4.09
104	748	6	21.31
958	14	6	12.18
1524	107	4	20.53
135	117	12	24.88
1427	12	4	13.6
101	1078	4	8.97
3212	14	3	10.32
1356	14	6	17.71
203	176	4	22.3
102	197	8	4.71
496	138	4	24.69
860	14	4	4.39
103	1858	8	50.73
106	767	3	7.47
162	117	5	9.56
105	456	6	16.86
1601	160	3	28.68
160	1637	8	99.24
244	111	14	62.95
112	4750	4	38.96
104	2070	3	13.13
147	131	4	7.27
147	277	3	14.61
1187	14	6	15.48
102	1356	4	13.19
863	108	16	122.36
103	659	11	43.76
126	801	4	25.45
143	330	3	15.53
1189	2077	3	46.26
398	113	4	13.54
1077	175	3	26.69
1068	1894	3	44.5
105	130	17	7.86
126	2007	4	34.72
110	655	3	10.75
107	243	9	23.83
1085	252	4	44.27
359	138	5	30.05
101	739	5	9.86
110	2448	4	29.13
5799	290	3	47.47
161	333	4	26.98
106	2880	3	16.12
104	481	12	50
1405	110	5	32.12
1101	106	14	106.3
283	103	20	66.17
344	113	8	35.42
1056	101	6	18.65
226	927	3	28.82
567	238	7	73.62
1168	101	4	10.06
1252	107	3	12.29
102	1097	11	59.8
120	228	3	7.1
129	234	9	48.18
240	125	6	26.29
1089	101	3	5.45
146	228	4	19.05
114	257	3	6.03
104	1132	12	79.19
109	178	4	4
407	9	3	11.61
6664	103	3	21.35
952	102	4	9.77
2402	14	4	13.21
102	5582	3	20.98
844	110	3	12.34
288	268	3	22.93
1791	14	5	16.13
294	112	3	6.28
333	12	5	5.62
1239	101	3	6.26
1672	137	7	73.74
529	116	33	347.28
119	633	5	28.52
101	368	8	12.84
101	436	5	5.53
102	707	5	11.57
130	324	3	12.48
1151	102	3	6.71
836	14	5	7.38
103	6152	3	21.35
126	1239	4	29.8
121	471	10	67.61
105	1040	4	14.81
508	317	5	52.19
102	2484	4	18.6
1396	14	6	17.71
3512	108	3	19.98
183	103	47	168.78
329	112	3	7.04
1458	14	4	8.85
125	103	88	173.82
226	652	3	26.45
103	1175	9	46.11
104	5117	3	23.51
1340	101	3	6.73
149	107	36	113.49
121	424	3	12.09
102	2521	3	11.67
102	3283	5	34.97
105	1764	3	12.31
103	2798	4	20.95
2850	903	3	46.51
909	101	3	4.2
3096	106	3	17.67
1487	14	4	8.85
756	105	3	7.18
1188	102	3	7.11
103	566	30	204.94
1023	103	3	6.66
101	1146	3	5.45
129	383	5	27.81
114	159	10	25.24
114	241	8	28.91
170	122	3	5.09
102	5535	3	20.98
1203	101	6	20.54
1698	109	4	24.54
795	232	4	39.7
8	587	3	12.79
8	452	37	394.09
274	160	8	61.14
102	1050	5	15.77
114	1438	3	16.67
1560	14	8	32.28
227	103	7	5.43
3900	3631	3	60.17
1149	362	4	48.32
237	102	73	447
134	106	20	17.22
202	122	3	6.96
3005	112	4	31.36
1395	102	3	8.04
104	890	6	23.85
341	108	4	8.9
150	121	4	5.02
104	4302	4	31.35
881	230	15	208.79
123	295	3	10.47
123	177	9	35.44
4002	14	3	12.42
638	173	3	23
817	103	8	29.79
104	1661	5	25.53
127	428	6	36.02
160	659	6	53.82
1121	14	4	6.38
200	14	18	14.53
1265	133	6	53.56
126	699	7	51.3
179	110	5	7.38
685	102	3	3.99
1934	136	4	36.49
101	959	3	4.48
2731	551	3	43.17
1778	101	4	13.03
101	891	3	4.2
233	635	5	49.88
3485	102	3	14.37
922	14	6	11.53
104	845	3	7.29
105	364	4	6.68
105	439	6	16.55
941	168	3	25.29
6611	14	3	16.8
103	740	14	69.42
103	689	16	81.78
5847	2813	3	63.08
121	2082	3	22.41
114	2516	5	41.73
651	103	13	55.98
2364	110	3	19.48
110	729	5	24.51
2845	102	3	12.85
6724	14	3	16.8
116	312	3	8.73
903	14	6	11.53
150	104	11	5.73
106	886	3	8.32
102	356	10	23.57
1967	336	3	37.25
1474	12	3	8.88
102	567	6	13.04
299	121	4	15.27
107	142	20	36.16
102	313	10	20.9
1264	116	6	45.08
101	4430	3	15.09
1201	14	5	10.87
111	136	39	136.82
105	494	4	8.81
104	2112	7	48.88
751	59	4	28.56
592	437	5	57.64
2246	110	3	18.48
123	504	8	53.25
221	104	11	22.34
115	130	8	7.02
106	1906	3	13.09
226	1463	4	45.66
115	276	3	7.37
190	405	3	21.93
117	119	9	5.95
909	125	3	17.8
271	123	6	27.82
102	2092	5	24.57
122	147	11	34.15
284	102	6	5.84
210	106	6	6.74
571	105	4	9.49
112	934	3	13.23
129	402	5	28.31
106	1452	3	11.15
939	102	5	14.5
791	110	15	117.63
108	3302	5	44.44
103	1130	8	36.63
157	159	3	9.97
826	110	3	12.04
1545	170	3	28.83
113	1489	5	33.93
102	2390	5	26.72
819	104	5	16.78
112	3424	5	48.71
725	164	3	23.29
389	479	7	81.87
161	489	5	40.14
102	2211	4	17.13
121	291	4	15.01
126	1594	3	22.16
105	749	3	7.18
136	146	4	8.51
2664	14	4	15.01
297	106	4	5.12
3508	131	3	28.7
3631	3844	3	60.17
5278	9	3	32.6
106	426	4	7.88
185	3214	3	36.41
102	1840	3	9.89
4017	564	3	47.19
129	208	25	181.57
240	145	8	50.77
102	3621	4	23.03
109	146	6	4.08
103	198	20	42.96
526	104	3	4.61
103	134	62	118.34
118	622	19	171.07
107	3353	3	19.4
136	103	29	23.37
1202	102	3	7.11
6568	107	3	26.08
2338	107	3	16.62
101	107	154	54.54
325	119	5	21.69
103	1145	5	17.07
1185	101	3	5.83
3266	125	3	27.55
102	759	6	16.61
268	103	20	62.81
340	120	5	22.21
188	367	3	21.31
1721	14	3	5.46
103	4742	3	16.91
166	145	10	53.57
5453	108	3	26.66
133	112	11	11.48
104	1590	3	10.94
6187	170	3	41.71
224	102	10	11.9
212	122	6	22.86
2195	179	8	113.49
103	384	31	170.62
151	1580	3	26.35
415	113	12	69.22
289	104	7	13.56
867	116	4	22.11
127	318	3	11.78
332	446	8	91.29
169	105	19	41.79
12	118	127	266.41
255	220	12	115.61
103	960	12	62.87
857	143	3	21.45
102	152	21	18.44
101	865	3	3.95
214	170	30	302.76
375	3342	3	42.76
111	369	6	23.57
420	12	4	4.65
313	109	6	20.01
242	121	3	7.93
724	107	3	8.54
110	640	4	16.36
103	3197	5	35.59
218	104	6	5.93
104	920	7	30.34
102	584	5	9.47
107	126	17	10.67
102	508	7	16.05
1660	102	3	9.19
667	102	4	7
101	746	4	6.26
611	115	3	12.1
314	14	16	28.73
102	1277	5	18.14
2945	108	4	27.96
138	126	6	10.28
304	105	6	12.01
1750	150	3	26.77
572	103	5	9.7
126	677	7	50.64
1142	137	3	21.84
323	111	5	16.21
1226	117	4	25.91
103	4489	4	28.47
118	3246	4	38.32
134	193	5	19.45
106	591	8	31.47
102	1081	6	21.41
107	619	8	36.58
151	567	4	28.54
102	977	3	6
12	1823	3	10.2
246	14	13	10.66
3815	102	4	27.98
4322	112	3	24.74
136	108	11	7.43
374	106	4	7.04
927	519	3	35.08
642	103	4	7.15
104	1268	9	54.67
444	173	5	40.18
739	135	5	36.67
3288	133	3	28.99
2471	103	3	12.02
896	14	8	20.31
178	126	6	20.12
305	403	3	26.45
101	1370	4	11.37
1038	104	4	13.84
107	1969	5	31.21
750	101	7	18.53
114	142	10	17.29
103	521	4	5.77
285	1072	3	31.84
104	3817	3	19.05
1599	12	3	9.5
669	184	5	46.39
133	14	56	28.83
1034	14	4	5.91
178	480	8	75.9
57	105	11	5.66
5404	59	3	37.3
6424	112	3	29.22
101	2656	3	11.43
110	533	3	9.53
330	406	3	27.02
2122	14	4	11.81
468	115	6	29.68
396	102	4	4.04
257	110	3	5.14
278	137	4	19.54
659	12	4	7.36
103	1156	5	17.07
1580	691	3	40.16
5128	101	3	19.51
205	121	3	6.55
131	425	3	14.46
390	116	5	22.18
8	808	20	204.56
9	114	13	9.8
1300	102	7	31.38
107	437	3	6
12	296	14	37.41
691	14	7	11.8
169	106	16	30.49
1062	159	3	25.47
1684	14	4	9.69
112	512	3	9.58
12	178	10	6.63
561	105	3	5.56
103	1033	8	35.23
1538	14	3	4.91
195	2367	3	34.04
101	1835	3	8.53
4263	14	3	12.42
503	148	3	18.58
289	107	6	14.38
834	111	3	12.2
342	12	5	5.78
470	111	7	33.01
781	121	3	15.58
106	3662	3	17.67
109	608	6	28.13
102	1236	3	7.11
792	14	6	9.82
103	643	10	36.58
2319	103	3	12.02
102	517	7	16.45
107	115	47	58.64
2413	110	3	19.48
102	465	25	131.31
158	305	3	16.81
103	1977	5	23.46
3409	103	3	14.74
106	888	4	13.41
1649	104	7	42.77
1087	107	3	11.38
161	653	5	43.07
2426	104	3	14.11
1283	101	3	6.26
101	721	5	9.46
517	104	4	8.14
102	351	7	11.86
148	194	3	11.23
1451	14	3	4.43
3563	14	3	10.32
182	120	6	17.07
116	103	70	59.12
1227	103	4	12.3
103	3175	3	14.74
8	976	3	16.12
102	2710	5	29.62
103	4443	4	28.47
1198	103	9	46.11
154	1181	3	25.1
159	432	3	19.81
519	802	3	34.07
115	592	4	18.2
1312	101	3	6.26
103	686	17	90.18
466	403	3	29.3
2558	121	3	23.42
102	1111	5	16.49
108	4716	4	35.55
107	1556	3	13.4
123	413	5	26.43
12	139	85	240.47
2520	116	3	21.95
4485	103	3	16.91
2980	106	4	24.88
126	1089	8	70.95
141	135	4	7.39
1327	102	3	7.55
992	112	4	20.61
513	14	8	11.37
615	192	4	34.89
866	102	5	13.4
228	103	56	283.76
105	559	11	49.45
105	423	4	7.82
102	2967	4	20.46
888	113	7	43.79
106	796	4	12.21
852	116	6	38.66
252	107	4	5.39
380	302	4	37.2
1925	104	3	12.3
171	130	6	20.53
800	160	4	34.12
104	216	15	37.64
2052	14	3	6.84
125	181	3	6.29
151	210	7	41.45
151	152	6	23.26
107	1042	3	10.97
1293	133	5	42.26
1149	14	4	6.38
441	103	6	11.41
106	231	6	7.84
101	399	7	10.74
1100	14	5	10.15
191	14	21	18.72
103	6695	3	21.35
129	519	3	15.16
1929	110	8	71.05
117	177	3	4.23
5747	111	3	29.14
107	3251	3	19.4
104	1283	4	15.66
109	329	3	6.34
185	718	12	140.22
125	1308	4	29.71
107	1918	4	22.54
103	294	35	169.3
139	439	3	16.3
339	14	8	6.1
1154	108	10	69.92
2678	106	4	24.88
103	176	12	10.44
931	14	7	16.52
107	785	4	14.38
107	710	3	8.54
108	3620	4	30.57
2825	102	5	29.62
101	265	16	34
4764	104	3	19.05
5644	104	3	23.51
613	59	4	26.87
1476	106	3	11.72
103	6616	3	21.35
1449	101	3	6.73
104	1409	10	67.66
166	116	4	6
102	2406	4	18.6
402	489	3	29.65
107	2255	3	15.62
110	491	4	14.49
323	1725	3	36.13
103	3990	3	16.91
104	273	7	12.59
1318	14	3	4.01
151	197	10	63.92
106	239	6	8.4
103	1114	7	29.57
129	1207	3	20.61
1828	112	3	17.86
106	110	41	12.57
303	2206	4	52.84
102	1059	7	27.58
227	108	4	4.85
106	410	4	7.7
523	106	3	5.28
594	178	3	23.2
676	516	3	32.7
12	3572	4	23.46
104	443	32	218.17
332	2540	3	39.02
645	12	3	3.87
108	875	10	61.41
104	1366	7	38.77
109	196	5	8.24
1453	103	3	8.38
122	381	3	12.18
312	4116	3	43.61
4720	14	3	12.42
267	110	10	40.79
123	688	3	15.6
103	301	7	10.05
546	342	4	41.09
225	229	3	18.95
108	6632	3	26.66
946	102	4	9.77
270	150	8	55.25
2039	12	3	11.01
163	101	12	3.98
104	1035	4	13.84
127	1200	4	29.5
328	102	6	7.6
105	224	9	17.03
652	252	6	64.59
564	14	5	3.87
106	4635	3	19.87
1900	946	3	43.72
485	143	4	26.31
534	9	4	19.61
105	478	13	59.86
123	1205	3	19.32
106	749	3	7.22
2989	179	3	34.13
435	132	19	173.06
1894	101	4	14.05
101	1034	3	5.1
238	156	3	14.37
203	134	6	26.53
929	101	4	8.05
12	262	6	5.51
3637	111	5	48.58
12	146	43	83.55
179	102	21	36.14
664	163	3	22.79
5054	14	3	16.8
160	1028	7	73.64
546	446	3	30.51
103	4269	3	16.91
972	106	3	8.64
1048	102	11	57.38
111	1428	4	23.71
421	357	4	39.94
12	299	5	4.53
12	247	19	51.81
102	3854	3	16.54
224	693	4	38.12
586	282	3	28
880	12	3	5.66
484	341	3	28.37
104	2005	5	28.73
2379	113	4	29.68
173	125	3	5.66
650	1895	7	114.29
106	663	14	78.14
107	241	5	7.91
107	159	13	24.03
386	108	9	36.68
243	138	3	11.63
279	103	8	12.17
102	524	5	8.62
104	2222	3	13.13
150	135	7	22.39
222	113	4	7.68
1838	137	4	36.73
111	1176	3	14.77
135	1188	4	31.82
211	122	7	28.8
101	2078	4	15.24
109	181	6	9.87
109	118	25	31.85
337	110	7	27.83
316	108	3	4.69
336	967	4	45.96
216	2906	4	52
103	264	40	194.5
726	101	4	6.26
290	104	38	218.3
244	4316	4	61.13
107	1888	4	22.54
101	177	11	4.57
120	227	3	7.04
103	5898	3	21.35
2009	14	3	6.84
2528	102	3	11.67
794	103	3	4.93
246	126	4	14.72
102	2318	3	11.67
283	108	3	3.96
103	4039	3	16.91
104	226	5	3.9
107	2342	3	16.62
3620	112	3	22.52
278	148	5	29.92
298	109	10	42.28
205	104	14	30.95
287	158	4	24.08
102	640	5	10.45
803	691	3	35.83
129	369	3	13.29
3375	137	5	61.36
201	110	4	6.03
104	1454	3	10.38
57	9	19	69.96
1141	108	5	25.58
206	595	8	84.32
397	145	4	25.22
801	12	4	8.95
103	6261	3	21.35
114	16	5	5.2
1112	133	3	20.76
109	176	10	24.48
104	1134	5	20.5
3515	102	4	23.03
102	3453	3	14.37
246	8	12	61.11
6559	143	3	38.3
16	2	3	10.74
134	153	3	5.42
103	1429	3	8.38
108	3601	5	44.44
102	1095	11	59.8
354	4704	3	44.59
198	272	4	28.36
119	4602	3	28.02
161	533	3	21.2
340	108	6	17.67
2262	14	4	13.21
126	1241	4	29.8
131	1071	5	39.24
219	136	4	16.15
116	1807	3	20.07
494	145	8	65.74
106	5956	3	24.33
2955	14	3	8.85
529	1508	3	38.4
101	1127	4	9.49
543	246	5	49.03
122	177	3	5.63
4672	132	3	31.02
162	1506	5	53.45
109	986	3	12.82
103	2363	6	37.03
289	123	3	10.28
1181	135	3	21.89
266	102	15	36.43
1908	120	3	21.18
12	235	11	16.94
1594	14	4	9.69
195	4351	3	39.1
777	110	3	11.76
357	654	3	30.63
102	281	10	18.07
101	998	3	4.77
172	516	7	63.63
4583	12	3	16.86
195	1870	4	45.81
9	101	101	124.84
242	12	8	8.85
1352	12	4	13.6
101	2469	3	10.27
102	383	11	30.01
1827	14	3	6.09
769	14	8	17.71
107	102	80	3.98
386	105	5	10.9
6054	14	3	16.8
5974	1197	3	56.85
150	138	4	9.31
736	14	9	21.36
138	102	56	102.66
590	126	3	15.21
126	2583	4	38.16
12	414	5	7.41
285	173	3	17.78
755	105	4	11.79
4313	14	3	12.42
432	231	4	34.69
454	647	3	31.75
115	412	4	15.59
106	1745	3	12.36
108	387	7	25.2
108	447	18	107.99
165	125	3	5.32
213	146	3	12.09
1027	830	4	54.45
103	743	13	61.65
2291	107	4	25.29
535	16	3	19.81
434	14	18	50.73
1105	102	3	6.71
213	103	11	14.68
806	14	6	10.35
521	126	3	14.43
104	1100	6	27.2
786	513	3	33.77
182	103	18	28.44
105	115	117	271.64
492	126	3	14.24
176	198	3	14.84
101	842	3	3.95
101	790	5	10.28
1345	114	10	89.43
104	2234	5	28.73
102	6633	3	20.98
399	117	3	10.82
104	2431	4	21.91
168	12	17	20.24
979	107	6	30.38
120	963	4	24.51
102	234	19	46.22
130	667	3	16.79
429	108	3	6.36
2819	168	3	33.17
102	2929	3	12.85
105	437	4	8
1290	102	4	12.48
105	541	6	18.6
540	14	10	19
464	108	3	6.79
1532	170	3	28.83
179	112	10	27.53
1151	2051	5	84.21
2689	108	3	18.41
103	864	6	19.09
147	114	12	26.24
12	209	21	51.42
596	109	5	21.13
12	2556	5	27.25
397	113	4	13.54
101	4024	3	15.09
2095	14	6	24.85
1044	14	4	5.91
1630	173	7	85.48
114	410	4	14.54
543	315	3	28.33
1188	14	4	6.9
2215	108	8	71.11
285	901	3	30.71
897	108	3	10.46
107	980	3	10.6
134	492	3	16.02
278	108	4	7.15
267	1184	3	32.27
3317	14	3	10.32
6195	106	3	24.33
8	196	3	5.18
102	2523	3	11.67
161	434	6	49.13
105	798	3	7.43
8	534	4	18.6
2324	104	3	14.11
104	532	3	4.76
107	648	11	59.58
472	147	5	35.52
120	131	7	7.87
101	279	7	6
2897	102	3	12.85
1710	102	4	14.88
523	103	16	69.2
254	105	9	20.37
102	1819	6	30.69
607	103	4	6.89
114	110	27	25.13
2236	105	3	13.87
102	1715	6	28.75
1182	133	3	21.22
106	1184	5	22.63
129	197	5	18.26
989	110	14	119.56
106	1116	3	9.74
12	2257	4	17.55
473	502	5	56.49
109	267	5	12.75
118	718	7	47.01
2583	101	3	11.43
361	101	5	4.13
1246	14	5	11.67
2814	59	3	28.99
666	102	5	10.8
1318	187	8	98.46
278	118	3	8.9
2799	103	5	30.24
175	1639	6	70.89
101	404	5	4.96
841	360	6	74.43
1809	12	3	10.2
819	12	3	5.13
126	1163	3	19.86
1417	691	4	55.64
108	810	3	9.86
962	238	4	41.77
104	1527	8	49.94
307	132	11	75.18
12	636	3	3.87
2817	102	3	12.85
113	143	6	5.02
101	1225	3	5.83
102	1690	6	28.75
114	231	3	5.07
112	751	4	18
465	103	14	52.84
103	283	36	172
562	106	3	5.6
2902	14	3	8.85
129	152	5	11.4
132	747	11	98.65
1933	104	3	12.3
109	148	18	44.68
1364	116	3	18.06
225	752	3	27.23
104	1228	7	35.74
103	2930	4	20.95
105	612	6	20.25
785	125	4	24.95
101	3025	3	11.43
104	405	12	45.67
942	137	3	20.64
106	548	3	5.43
103	1503	4	14.46
104	2699	4	23.79
308	110	3	6.53
148	135	5	12.61
467	126	6	36.46
384	108	3	5.84
199	145	8	45.89
107	2938	4	27.19
754	104	6	21.31
163	114	6	10.56
8	5708	3	31.83
3181	441	5	84.29
128	413	4	20.58
4732	112	4	38.96
126	726	7	52
235	103	41	176.96
102	4132	3	16.54
126	769	7	52.74
1841	14	4	10.66
207	155	3	13.08
126	1086	4	28.46
141	268	3	13.42
387	14	12	20.7
2969	102	5	29.62
2618	14	4	15.01
3315	103	4	23.53
4184	108	3	22.18
108	103	449	1232.09
3658	121	5	54.93
450	4523	3	45.91
128	162	3	5.53
310	184	3	19.84
117	4507	3	27.43
252	12	11	19.33
104	2508	4	21.91
103	1762	3	9.54
112	1321	3	15.33
496	104	4	7.92
107	592	9	42.86
1436	111	8	62.53
228	106	14	38.76
615	133	3	16.77
1349	106	3	11.15
699	9	4	22.02
1573	110	3	16.22
355	14	7	4.65
162	150	6	26.38
1362	112	3	15.86
105	412	3	4.28
102	2902	4	20.46
260	1736	3	34.33
102	208	54	243.01
1503	110	3	16.22
119	324	4	15.42
3899	421	3	45.75
122	3225	3	26.94
554	104	4	8.59
105	579	11	50.31
102	3070	3	14.37
829	109	3	11.51
671	104	13	66.4
485	116	4	17.41
842	158	3	23.32
1084	160	6	61.69
1327	156	5	49.38
17	119	3	7.28
681	446	3	32.07
102	1428	5	19.1
304	350	3	25.61
978	106	7	34.1
4023	102	3	16.54
107	1135	3	11.38
123	397	8	49.92
104	3155	3	16.86
147	155	3	7.8
2698	14	3	8.85
678	108	3	8.83
104	3307	3	16.86
112	261	7	23.66
102	1171	3	7.11
276	150	4	22.23
304	103	26	108.4
132	156	10	39.29
1077	101	5	13.52
153	425	3	18.53
724	109	9	53.79
1108	101	3	5.45
279	120	4	14.17
102	402	8	17.51
101	669	4	5.43
4438	110	3	24.5
6299	103	3	21.35
757	102	9	33.02
108	1853	3	15.34
229	237	9	79.2
101	313	7	7.59
4223	12	3	16.86
6321	447	3	50.41
102	1857	6	30.69
102	1685	5	21.41
109	301	5	14.23
142	266	3	13.76
2744	103	3	13.21
132	764	4	26.21
873	14	5	7.38
1358	105	5	24.42
236	105	5	5.35
8	1434	3	18.42
1337	14	7	23.52
1688	102	3	9.19
1327	764	3	39.54
101	1330	3	6.26
1064	116	12	108.03
8	3671	3	25.12
114	591	4	17.13
102	2111	3	10.7
226	803	3	27.82
106	142	37	89.32
107	886	5	21.93
151	167	4	15.2
130	131	5	6.42
106	2936	3	16.12
1945	105	3	13.04
121	392	30	280.56
941	641	5	66.75
927	252	4	42.61
112	406	4	13.32
878	252	4	42.12
1887	14	3	6.09
141	117	6	7.87
194	104	6	4.15
1399	101	4	11.37
103	2379	5	27.33
127	323	4	18.13
131	375	3	13.74
111	117	57	156.73
125	2435	4	36.16
1653	102	3	9.19
203	108	6	9.39
120	1008	14	136.46
932	14	6	12.18
511	185	3	23.08
106	785	5	17.57
102	519	4	5.38
2273	14	3	7.74
12	1191	3	7.4
107	231	6	10.61
2927	14	3	8.85
4769	14	3	12.42
101	757	8	23.51
2151	104	4	20.42
104	1007	3	8.23
148	177	3	10.17
270	117	5	18.24
118	177	3	4.68
108	2813	6	53.33
104	3561	4	26.39
115	428	3	10.15
211	105	9	15.87
1220	106	3	10.17
560	118	3	13.02
639	562	3	32.86
240	113	8	27.29
103	269	46	245.73
5660	101	3	19.51
1193	101	3	5.83
12	882	3	5.66
101	298	13	26.4
104	2865	5	33.82
128	1672	3	22.59
145	189	4	16.56
400	104	15	64.81
1252	123	4	29.07
104	499	6	16.46
886	103	3	5.7
171	115	8	20.99
110	535	3	9.53
116	908	4	22.56
103	4110	4	28.47
110	586	3	10.11
552	9	3	13.13
396	14	11	17.67
257	112	5	13.42
103	1210	3	7.44
101	554	8	18.45
370	111	3	7.75
108	3330	4	30.57
233	101	11	11.7
1346	101	3	6.73
12	626	4	7.09
185	863	10	116.67
57	166	3	8.74
102	3318	3	14.37
711	126	4	24.29
431	14	9	12.02
5594	103	3	21.35
5398	204	3	44.09
155	120	13	45.34
264	145	3	14.1
284	112	3	6.02
103	476	4	5.39
191	102	14	17.99
139	115	50	238.29
2828	108	4	27.96
1789	14	4	10.66
3356	102	3	14.37
113	206	9	28.57
126	407	12	88.85
2295	5249	3	61.84
133	218	5	20.94
981	101	3	4.77
494	116	3	11.5
1925	12	3	10.2
199	970	9	107.35
1035	125	5	37.33
149	123	8	21.19
1650	104	4	18.13
2457	9	3	23.08
574	133	3	16.35
233	145	4	19.23
482	220	6	57.94
102	672	7	19.84
157	102	14	7.34
104	5131	3	23.51
151	582	3	19.79
1103	106	4	15.43
1504	14	3	4.91
297	103	22	80.88
120	145	8	17.27
215	112	3	3.95
120	321	7	35.1
308	102	6	7.07
202	106	21	66.69
101	213	11	9.75
105	603	3	5.91
105	754	3	7.18
268	461	4	37.38
110	119	37	77.17
2546	104	3	14.11
104	1337	5	23.17
108	2210	3	16.19
112	615	3	10.54
155	367	4	26.32
1537	14	4	8.85
700	402	3	31.86
2088	14	3	6.84
251	131	9	51.7
449	326	4	39.14
105	1371	3	11.1
102	4143	4	27.98
235	108	4	5.2
156	132	49	358.58
102	1189	3	7.11
2326	111	6	52.58
499	101	5	6.42
114	630	4	17.72
12	445	6	11.33
226	585	3	25.76
405	200	5	42.94
4211	101	3	15.09
107	130	33	61.22
1590	101	3	7.25
140	158	9	39.93
479	106	3	4.98
106	2217	3	13.92
1237	455	3	36.03
341	9	4	16.16
131	272	4	17.39
106	2472	7	56.79
103	3554	3	14.74
111	197	5	9.38
106	619	4	10.32
115	142	10	19.6
1863	101	3	8.53
181	255	3	17.62
1413	184	3	29.56
112	493	5	20.76
655	160	3	22.34
12	267	7	8.18
112	409	10	52.93
484	305	3	27.44
2840	103	5	30.24
108	312	6	16.58
126	1087	3	19.4
2246	14	3	6.84
503	103	18	82.09
125	3286	3	27.55
204	104	7	7.27
102	549	11	37.05
102	6694	3	20.98
102	473	8	19.54
102	369	11	28.98
161	625	6	53.65
104	1037	4	13.84
103	3224	3	14.74
328	14	13	19.2
551	103	17	77.69
1066	522	4	50.53
105	292	6	11.46
652	326	10	128.36
975	14	4	5.48
6369	102	3	20.98
103	2536	6	37.03
592	102	4	6.24
946	14	5	8.36
102	5984	3	20.98
1007	116	5	31.98
103	810	11	49.83
12	468	8	20.31
190	191	18	161.11
940	130	3	19.12
1331	121	5	37.67
115	318	3	8.3
239	230	63	921.91
1521	12	4	14.39
196	109	45	275.79
802	107	3	9.32
12	148	20	15.54
179	14	21	14.37
4029	14	3	12.42
758	115	6	35.57
173	141	3	8.72
208	14	21	24.72
111	152	18	51.2
793	103	10	41.57
1539	101	5	17.84
471	107	3	6.29
101	956	4	8.05
106	612	7	26.03
135	214	4	15.62
105	4754	3	19.82
775	137	16	171.1
2239	200	4	47.52
2594	104	3	15.31
259	102	6	4.83
789	108	5	21.26
462	126	5	28.43
106	241	17	56.97
106	159	36	117.25
1617	14	6	20.63
2244	103	5	25.18
641	14	7	10.8
641	170	3	22.92
536	14	8	11.81
103	417	23	110.24
178	472	3	21.85
57	139	3	5.06
603	158	5	40.42
348	1582	4	51.12
271	107	6	13.51
868	101	3	3.95
103	2914	5	30.24
109	280	5	13.46
109	134	31	83.53
1434	14	10	45.43
101	1550	3	7.25
145	102	47	93.73
103	1367	8	41.91
110	3053	4	33.66
2167	516	6	94.19
1314	12	5	18.65
108	1762	3	14.61
3069	114	3	23.34
8	6652	3	31.83
102	2149	5	24.57
2710	2517	3	53.52
642	343	4	42.55
104	525	4	8.14
1263	101	3	6.26
101	123	53	31.39
253	119	4	12.85
107	749	3	8.79
102	958	5	14.5
136	120	7	9.97
110	150	8	10.51
1130	102	5	16.49
570	157	9	83.08
105	780	3	7.43
121	206	7	26.56
109	120	45	103.25
260	122	5	20.41
103	398	9	22.76
333	107	5	12.13
1260	107	3	12.29
122	234	3	8.23
2441	14	3	7.74
307	103	14	39.12
129	4759	3	30.6
711	14	6	8.86
212	106	16	45.48
2420	105	5	32.17
948	59	3	21.13
2047	106	3	13.92
340	103	14	42.46
171	112	35	177.52
111	744	4	17.9
1396	110	3	15.63
192	101	13	10.69
101	371	8	12.84
2321	12	5	27.25
1097	101	4	9.49
151	234	3	13.43
1622	12	4	15.3
111	164	11	28.25
102	3086	3	14.37
1218	238	6	72.28
131	347	3	13.22
1313	104	3	9.87
262	104	8	15.65
190	1137	3	28.35
784	1974	4	59.67
104	2529	3	14.11
119	340	4	15.88
103	1673	8	47.06
119	141	5	5.92
144	14	40	25.97
119	190	5	13.64
561	122	3	14.15
4721	14	4	22.39
12	105	352	532.95
151	1972	3	27.78
102	1412	3	8.04
128	266	3	10.57
696	481	4	46.04
606	106	26	196.76
421	401	10	123.97
108	132	148	772.57
103	2192	3	11.06
127	276	4	16.64
104	1966	3	12.3
1697	12	3	9.5
102	4029	3	16.54
377	12	4	3.93
342	121	3	10.76
118	104	23	4.46
470	114	3	9.83
474	107	3	6.44
717	120	3	14.68
102	1207	4	11.84
12	419	4	4.5
128	386	5	27.28
612	59	6	45.64
285	8	4	13.23
175	215	59	726.63
107	239	8	19.06
258	14	26	57.2
1853	101	3	8.53
111	356	6	23.04
2382	104	5	30.89
256	130	3	10.71
105	259	11	29.95
105	217	13	32.31
367	290	3	25.46
1423	112	4	23.81
218	108	4	4.59
153	1202	3	25.07
442	12	4	4.81
107	288	8	23.53
1259	132	4	31.36
1511	113	6	43.72
432	101	7	11.35
342	105	5	9.73
141	537	4	26.37
982	14	4	5.48
103	2499	5	27.33
2169	14	3	6.84
415	102	8	17.89
2007	14	4	11.81
280	319	4	34.62
351	807	4	45.09
127	322	4	18.13
116	1282	5	35.21
104	2085	4	20.42
12	221	19	45.93
12	295	16	47.21
122	745	5	32.15
2332	121	3	23.42
115	293	7	29.47
103	1108	14	92.4
101	1702	4	13.03
119	1488	9	87.19
1538	101	4	12.15
550	101	4	4.11
101	1838	4	14.05
102	214	15	26.42
2091	121	3	22.41
119	216	5	15.72
709	12	3	4.44
102	3013	5	29.62
2802	112	4	31.36
148	370	3	16.86
541	112	4	15.28
103	3450	4	23.53
605	512	4	45.26
173	14	47	86.63
101	350	5	3.98
1589	14	3	4.91
107	992	3	10.6
753	108	12	75.11
233	102	8	7.52
402	534	3	30.03
183	119	17	84.42
223	128	7	32.33
1242	401	3	35.89
103	2752	3	13.21
263	1362	3	33.23
112	2357	4	29.45
57	12	32	42.43
624	105	7	25.92
129	501	3	14.98
106	1555	4	18.27
101	1112	5	14.22
101	1264	7	28.07
403	110	5	18.48
2837	14	3	8.85
264	102	12	24.01
114	442	4	14.95
12	627	4	7.09
103	344	33	174.12
868	5180	3	54.49
577	126	3	15.01
858	112	14	112.14
114	338	3	7.98
102	1747	5	21.41
178	125	4	10.32
2212	101	4	15.24
302	184	5	37.83
104	349	7	16.91
104	424	7	19.44
162	859	9	96.18
105	651	3	6.29
106	453	4	8.25
1175	138	3	22.38
101	166	16	10.78
272	159	3	16.61
103	1550	3	8.93
111	4251	4	38.86
108	5641	3	26.66
120	172	6	15.71
107	735	3	8.79
779	14	10	27.18
174	102	15	15.55
105	753	6	22.77
2541	192	3	33.78
1549	108	6	38.29
274	173	9	73.84
1103	107	3	11.38
126	3714	3	29.84
108	5488	3	26.66
215	113	4	7.32
145	125	4	5.86
12	1669	4	15.3
1942	165	3	29.93
134	123	5	5.52
202	107	18	61.27
1523	104	3	10.94
106	542	5	13.77
116	2539	4	32.43
8	6156	3	31.83
254	119	3	8.03
180	113	4	4.99
129	314	6	32.82
170	107	10	16.36
519	126	3	14.43
575	110	15	103.69
1131	102	4	11.25
808	14	21	117.61
104	1234	6	28.23
110	1385	4	23.49
108	609	20	144.58
343	103	5	5.84
566	14	11	23.78
133	261	3	11.29
12	702	4	7.95
1100	101	3	5.45
1008	156	3	24.17
210	12	10	11.56
125	119	16	34.17
1162	12	4	12.24
1257	107	3	12.29
106	228	30	131.91
149	122	4	5.71
116	860	7	47.69
2438	14	3	7.74
3495	14	3	10.32
106	618	6	20.35
309	143	7	47.7
513	101	4	3.93
104	828	6	22.5
1025	111	4	21.05
105	558	5	14
5112	101	3	19.51
102	2964	3	12.85
644	195	3	24.79
153	130	4	8.15
160	896	16	202.66
126	1088	6	48.57
366	103	6	9.62
115	141	16	43.15
1037	168	4	37.36
1194	14	6	15.48
217	8	4	10.17
549	1070	3	36.05
113	967	4	20.34
129	773	5	35.02
1342	357	3	35.73
103	2526	6	37.03
363	101	5	4.13
159	429	3	19.81
103	3298	3	14.74
104	1083	5	20.5
131	142	7	18.54
406	2158	3	39.35
150	108	9	8.33
2810	103	3	13.21
929	14	5	8.36
102	1396	8	40.93
2148	14	3	6.84
114	1779	4	26.68
102	6226	3	20.98
2680	106	4	24.88
345	14	21	55.2
120	1105	3	17.68
148	468	7	55.21
9	16	9	24.47
161	880	3	24.51
1412	536	4	53.51
131	514	4	23.02
218	132	10	55.28
103	5398	3	21.35
1072	111	5	28.88
467	113	3	9.24
564	101	6	10.54
122	3514	3	26.94
101	776	7	19.2
59	966	7	63.1
106	1003	3	8.98
3650	103	3	14.74
1783	102	3	9.19
103	674	3	4.09
106	1844	4	20.26
103	809	4	9
128	370	5	26.81
102	1311	9	47.15
679	806	18	317.01
555	112	22	177.4
163	14	31	30.41
1143	14	5	10.15
567	3317	3	44.96
127	484	4	21.5
1631	101	3	7.85
106	3625	3	17.67
1409	107	3	12.82
1652	12	3	9.5
512	1587	3	38.4
107	1938	4	22.54
108	2160	6	44.38
138	714	3	18.89
104	6209	3	23.51
618	111	9	52.6
117	350	11	66.34
178	145	4	15.49
229	138	5	23.47
111	971	3	13.16
2453	14	3	7.74
458	220	4	34.59
2472	105	7	56.67
886	138	6	50.18
107	662	4	13.02
103	1368	6	26.42
106	411	4	7.7
134	165	3	6.93
406	111	3	8.27
119	680	19	178.81
2641	6	3	52.49
226	835	3	28.13
106	113	34	6.96
105	1055	3	9.3
161	552	4	30.97
117	103	301	1132.01
1449	14	3	4.43
351	342	3	26.54
104	1468	8	49.94
3962	103	3	16.91
1214	102	4	11.84
271	106	13	41.84
761	14	6	9.32
169	842	4	35.4
107	1681	3	14.04
113	274	5	14.79
212	107	19	70.96
102	3260	3	14.37
1051	103	5	16.35
104	3685	3	19.05
164	102	12	7.16
169	622	3	22.5
122	120	11	15.02
1020	515	3	35.85
192	102	12	12.56
103	1236	3	7.44
6403	108	3	26.66
259	145	8	52.96
198	128	20	128.3
104	125	24	12.54
106	580	3	5.77
103	147	47	101.11
726	14	5	6.17
120	1392	3	19.17
2029	106	4	21.5
109	119	82	280.89
112	2491	3	19.72
108	961	4	16.81
138	111	7	4.76
112	130	8	4.26
12	420	4	4.65
112	336	3	7.25
265	142	3	13.76
181	544	3	22.67
103	826	10	42.77
102	3960	3	16.54
127	379	5	26.83
185	283	6	46.89
118	105	334	1755.01
185	118	5	13.31
251	157	3	15.03
1005	14	4	5.48
105	141	12	6.48
102	2679	3	12.85
105	340	4	6.12
105	272	5	7.21
131	243	10	58.32
222	110	3	4.02
116	136	7	8
106	2186	4	21.5
116	342	4	14.72
12	1265	3	7.84
243	137	6	31.34
120	733	3	14.95
102	521	14	54.12
1330	104	8	45.59
104	2153	6	38.11
611	101	4	4.95
4697	111	4	38.86
106	968	4	13.87
238	111	7	21.19
106	660	9	40.07
101	984	5	12.87
103	1674	8	47.06
101	1060	4	8.97
101	940	3	4.48
4102	136	3	32.12
1218	237	3	30.98
5923	14	3	16.8
421	462	3	29.61
531	103	8	21.84
5558	14	3	16.8
1718	102	3	9.19
141	108	26	60.74
1363	14	4	8.12
317	328	3	25.32
1985	14	5	16.13
1613	107	3	14.04
1835	101	3	8.53
181	116	4	7.21
101	1703	3	7.85
181	288	3	18.71
104	6448	3	23.51
161	534	3	21.2
455	12	6	11.62
107	2202	3	15.62
105	965	6	26.08
135	2388	3	26.85
106	217	20	67.17
5468	136	3	36.61
1932	14	3	6.09
116	4301	4	41.96
1422	112	6	41.91
107	856	4	15.17
103	404	20	86.83
305	342	3	25.35
104	3694	3	19.05
556	102	4	5.79
335	1652	4	51.56
3159	231	3	38.57
122	176	5	13.69
4272	103	3	16.91
120	1202	3	18.13
3642	12	4	23.46
160	109	5	4.75
407	123	3	12.74
115	1003	3	15.2
311	110	3	6.53
1089	14	4	6.38
112	647	4	16.67
216	170	16	137.46
12	925	15	87.24
101	118	41	5.49
123	2124	3	23.24
112	2130	5	38.17
121	216	3	7.02
174	130	16	87.18
223	514	4	35.73
107	244	4	4.99
158	114	14	41.1
359	137	3	14.8
124	298	6	29.8
103	2109	3	11.06
176	234	3	16.35
101	623	6	11.67
1180	112	3	14.84
105	201	7	8.28
126	2004	3	23.78
121	726	3	15.3
367	110	3	7.61
449	220	3	23.94
106	3471	3	17.67
103	2515	5	27.33
323	115	6	24.89
127	526	16	139.52
276	134	3	12.24
102	1357	8	40.93
102	1297	4	12.48
2035	1246	5	85.98
8	5278	3	31.83
123	523	3	13.89
103	912	4	9.78
115	309	4	13.1
194	120	4	9.57
360	14	7	4.85
307	609	8	95.28
103	4280	3	16.91
188	1075	5	52.37
282	315	7	69.16
102	332	8	14.29
2515	104	5	30.89
101	1049	4	8.97
583	116	8	49.39
101	877	3	4.2
104	709	12	61.29
228	182	3	16.44
260	1658	7	96.8
111	314	3	6.77
102	3032	5	29.62
105	542	3	5.39
1032	150	7	69.14
119	185	3	5.33
5207	133	3	35.71
452	14	35	180.74
1380	14	3	4.43
105	2774	3	16.07
1109	103	4	11.71
115	155	26	112.57
103	863	5	13.97
217	102	10	11.24
2954	101	3	11.43
817	104	3	7.01
185	269	7	56.12
102	4050	3	16.54
129	706	3	17.13
6156	14	3	16.8
265	115	6	21.91
126	2579	3	26.04
1820	3022	3	51.62
103	1943	8	50.73
104	4229	3	19.05
496	550	3	31.2
299	103	17	53.25
1518	14	4	8.85
140	224	3	11.5
108	4010	4	35.55
148	251	3	13.81
103	3230	4	23.53
1072	101	4	8.97
776	117	6	38.23
116	119	11	9.05
105	228	10	21.19
105	114	58	53.37
172	101	123	646.97
456	104	3	4.05
102	943	17	111.28
126	3698	4	45.79
227	104	5	3.98
145	111	6	4.92
101	278	6	3.9
106	347	5	9.98
103	1433	11	71.49
1238	14	6	16.53
102	4253	3	16.54
1621	106	5	26.87
110	301	3	6.25
159	1077	4	36.56
152	170	20	143.72
371	103	5	6.51
1005	713	3	37.47
504	135	4	24.04
114	158	8	15.41
905	104	3	7.58
103	164	13	10.1
490	12	5	8.8
147	993	3	22.84
103	238	10	14.34
111	3391	3	22.45
131	5500	3	35.42
114	358	4	13.45
115	763	6	35.57
412	119	6	31.53
1724	102	3	9.19
2253	105	3	13.87
909	14	6	11.53
1021	133	7	61.51
1340	14	3	4.43
1693	102	3	9.19
1192	108	5	26.4
102	4644	4	27.98
110	555	6	27.91
12	1994	3	10.2
103	1126	5	17.07
451	516	4	43.18
2322	110	4	29.13
924	14	4	4.72
1112	163	7	75.91
110	1396	4	23.49
1074	104	3	8.59
107	1922	5	31.21
1545	1321	4	62.43
103	117	51	27.21
837	12	5	13.89
102	1078	8	34.27
134	180	5	17.95
103	1504	3	8.93
101	153	23	17.38
105	613	3	6.1
111	1107	4	21.64
2838	120	3	24.29
5758	108	3	26.66
2216	2813	3	52.49
105	867	5	18.51
819	103	3	5.17
198	243	3	18.33
151	214	15	113.55
102	821	5	12.9
104	5129	3	23.51
334	104	4	5.32
122	148	8	20.47
128	745	6	43.27
210	109	4	6.12
114	544	3	10.52
2023	111	3	18.64
129	463	17	149.68
113	216	4	7.32
117	181	6	15.86
2265	14	3	7.74
103	2846	3	13.21
142	370	3	16.23
1566	14	3	4.91
696	573	3	33.55
525	105	3	5.23
1992	103	5	23.46
107	1151	8	49.01
196	122	4	11.02
802	9	4	23.17
112	348	3	7.58
4357	903	4	73.34
1232	101	3	5.83
127	171	10	42.2
4052	113	4	39.2
713	216	5	50.06
1219	12	5	17.79
208	114	5	11.65
737	104	6	21.31
131	454	3	14.78
105	411	3	4.28
102	2903	3	12.85
101	911	7	21.48
103	1761	7	37.79
102	310	16	48.01
203	147	4	17.64
102	355	9	19.38
125	941	3	18.15
2654	8	3	23.54
193	115	12	47.26
116	311	10	53.28
5920	101	3	19.51
724	153	5	41.51
131	128	57	328.51
105	309	5	8.73
108	1263	13	115.59
1338	101	3	6.73
126	727	5	33.28
114	2475	3	20.54
103	741	3	4.7
3899	1591	3	54.68
103	793	11	48.45
103	690	11	44.83
723	133	4	26.1
165	102	18	21.07
108	6526	3	26.66
602	126	3	15.21
474	9	3	12.41
106	3658	4	27.48
102	1276	3	7.55
169	554	3	21.86
884	114	3	13.69
12	488	9	25.54
248	119	6	23.68
104	3623	5	39.19
107	174	8	10.71
442	109	8	37.22
102	461	5	7.86
102	401	6	9.98
101	743	4	6.26
314	101	6	5.14
101	608	9	24.88
104	4207	4	31.35
199	102	14	20.19
116	150	8	15.85
104	869	18	128.23
1135	103	12	70.6
148	120	37	194.29
161	836	3	24.18
1053	112	14	124.46
247	206	6	46.5
331	102	6	7.79
9	124	7	5.6
1772	110	4	25.28
102	327	43	253.7
107	425	5	14.48
144	114	9	14.64
101	924	3	4.2
106	644	5	15.45
102	1479	6	27.11
978	107	5	23.18
2612	5618	3	63.08
123	518	4	20.89
101	1839	5	20.48
103	961	3	6
466	104	10	36.9
438	137	6	40.64
229	1772	3	33.02
122	4576	4	44.88
127	219	6	25.22
2431	14	3	7.74
153	290	3	15.82
101	1125	3	5.45
333	9	8	43.39
277	108	3	3.88
129	357	3	13.16
103	381	9	21.91
2346	105	3	14.86
2374	192	3	33.78
102	1941	4	15.92
403	102	4	4.04
107	1650	7	48.72
12	688	7	21.12
103	4745	4	28.47
236	104	5	4.45
141	624	3	18.8
57	109	8	7.84
362	113	7	29.96
3840	101	4	26.02
2992	111	6	58.3
149	278	4	22.33
106	272	4	4.43
1716	106	3	12.36
742	102	7	21.68
125	136	4	4.02
2254	14	3	6.84
1738	102	3	9.19
108	5702	3	26.66
374	12	7	13.31
107	2476	3	16.62
12	3542	3	14.69
281	111	5	14.55
142	137	5	12.25
152	273	4	22.34
844	184	4	37.43
347	112	9	41.97
