3106	1
5554	2
5484	3
1586	4
6932	5
3973	6
5188	7
3571	8
909	9
5877	10
9536	11
2087	12
3644	13
1156	14
6940	15
3218	16
7155	17
82	18
264	19
5735	20
1109	21
6615	22
5798	23
5387	24
6913	25
1775	26
2429	27
1164	28
1921	29
6169	30
8856	31
3254	32
7905	33
9427	34
3665	35
1207	36
8963	37
6521	38
5431	39
9162	40
4709	41
3170	42
2769	43
8693	44
7976	45
5810	46
4098	47
2797	48
5528	49
8115	50
49	51
8471	52
1406	53
8890	54
5558	55
3172	56
5142	57
1216	58
6646	59
439	60
1559	61
130	62
6866	63
8635	64
2872	65
8684	66
8430	67
7259	68
105	69
7571	70
1982	71
83	72
3424	73
4631	74
3549	75
1098	76
4455	77
1788	78
58	79
3910	80
3265	81
2815	82
2187	83
124	84
273	85
8663	86
5579	87
2623	88
2089	89
437	90
785	91
4303	92
3831	93
7936	94
3783	95
9264	96
6337	97
6922	98
9438	99
1502	100
5837	101
1769	102
3942	103
261	104
5430	105
5378	106
1894	107
1546	108
3155	109
1388	110
9497	111
3269	112
2961	113
8109	114
6838	115
7841	116
197	117
2756	118
5961	119
2	120
1580	121
256	122
7851	123
5904	124
6794	125
7639	126
495	127
2144	128
3878	129
6665	130
524	131
2626	132
3736	133
310	134
538	135
5181	136
962	137
1740	138
7204	139
1824	140
6499	141
9257	142
5581	143
783	144
6963	145
4999	146
805	147
4931	148
2671	149
8714	150
904	151
6996	152
5068	153
4229	154
63	155
6168	156
4493	157
8123	158
9569	159
3157	160
328	161
8503	162
7633	163
1259	164
233	165
7428	166
2027	167
7943	168
3325	169
5759	170
5074	171
5087	172
7223	173
6557	174
5867	175
2388	176
2509	177
5623	178
6461	179
7342	180
7164	181
5681	182
759	183
1377	184
7897	185
2130	186
3399	187
4828	188
9336	189
4878	190
7720	191
4237	192
184	193
1504	194
1210	195
1752	196
419	197
5929	198
7552	199
7386	200
3851	201
2760	202
1183	203
157	204
5843	205
2737	206
2445	207
9432	208
5901	209
7028	210
5715	211
7316	212
5470	213
7773	214
5940	215
5175	216
8748	217
5344	218
5743	219
8	220
1597	221
6981	222
2213	223
4914	224
3236	225
7886	226
285	227
9496	228
5407	229
1578	230
9230	231
8579	232
9552	233
4839	234
661	235
3499	236
8897	237
4399	238
1084	239
5987	240
5544	241
96	242
3818	243
3190	244
6988	245
3771	246
2700	247
3326	248
10	249
522	250
308	251
7786	252
3751	253
1918	254
4865	255
1710	256
420	257
990	258
47	259
565	260
6702	261
114	262
5943	263
7449	264
5031	265
5473	266
3043	267
3103	268
4163	269
1648	270
9358	271
1111	272
1925	273
677	274
8026	275
7601	276
8924	277
1758	278
8872	279
4984	280
1025	281
8812	282
8233	283
1464	284
261	285
1106	286
3455	287
8437	288
7436	289
2186	290
9394	291
2931	292
9056	293
9213	294
2812	295
8167	296
7027	297
1749	298
465	299
1332	300
2485	301
7625	302
6970	303
4549	304
3078	305
8406	306
7727	307
2543	308
3261	309
7228	310
5360	311
8153	312
1317	313
7148	314
3956	315
9175	316
6188	317
3511	318
1281	319
165	320
7634	321
7668	322
898	323
5752	324
914	325
5529	326
3884	327
5000	328
5390	329
3844	330
3513	331
2063	332
7229	333
7466	334
8926	335
971	336
712	337
1125	338
1394	339
8566	340
7398	341
66	342
7840	343
5455	344
4939	345
8387	346
4367	347
5526	348
3057	349
8851	350
8205	351
6217	352
7365	353
8060	354
5569	355
9039	356
5006	357
3929	358
6839	359
1896	360
3339	361
4862	362
5613	363
380	364
6561	365
7850	366
7670	367
1836	368
1943	369
9335	370
4822	371
8960	372
891	373
1208	374
6814	375
7064	376
629	377
254	378
7712	379
5287	380
3932	381
755	382
6733	383
4454	384
3229	385
7424	386
5057	387
5637	388
9160	389
8490	390
6335	391
8910	392
1020	393
8008	394
5582	395
2386	396
2201	397
2538	398
259	399
7839	400
5645	401
737	402
5497	403
3235	404
9151	405
2822	406
2352	407
137	408
1041	409
6674	410
2419	411
8201	412
9436	413
9623	414
225	415
4660	416
4381	417
7858	418
9375	419
2351	420
3890	421
2867	422
6642	423
3369	424
3566	425
6105	426
2648	427
907	428
1564	429
5832	430
7191	431
232	432
9088	433
4323	434
4373	435
7514	436
9345	437
3787	438
3338	439
5089	440
6414	441
3100	442
9089	443
4911	444
9342	445
7102	446
4470	447
746	448
8198	449
537	450
5729	451
5354	452
9024	453
25	454
8280	455
270	456
8146	457
4067	458
4424	459
204	460
5013	461
1398	462
226	463
8228	464
9635	465
8474	466
6000	467
6710	468
7272	469
5698	470
638	471
234	472
9557	473
1804	474
7666	475
3581	476
8516	477
6809	478
6933	479
6275	480
8754	481
9222	482
4971	483
8737	484
7523	485
6296	486
7059	487
1811	488
9071	489
4544	490
2705	491
2095	492
4553	493
4659	494
6374	495
1679	496
6327	497
2997	498
4395	499
3556	500
9591	501
7011	502
7031	503
7265	504
6538	505
4394	506
5189	507
7640	508
2512	509
6779	510
7298	511
8119	512
3233	513
5703	514
1120	515
8820	516
696	517
3323	518
2112	519
4324	520
5571	521
5022	522
1868	523
6632	524
288	525
4843	526
1803	527
2234	528
4190	529
8360	530
2789	531
728	532
7806	533
3754	534
7431	535
8630	536
7930	537
1375	538
5996	539
6137	540
4730	541
2539	542
3569	543
4582	544
3946	545
3462	546
2319	547
6830	548
5192	549
5200	550
7953	551
4075	552
849	553
3631	554
4548	555
2091	556
4478	557
8603	558
5799	559
9563	560
4192	561
2237	562
1969	563
5938	564
5388	565
8177	566
3162	567
9387	568
3854	569
9594	570
51	571
6921	572
841	573
4101	574
213	575
7729	576
7013	577
7117	578
3227	579
3730	580
5100	581
8154	582
7457	583
6392	584
928	585
9172	586
1449	587
611	588
9475	589
8374	590
9107	591
8286	592
4116	593
9001	594
3009	595
7672	596
1813	597
193	598
5394	599
1608	600
8442	601
1249	602
4	603
8307	604
5701	605
6422	606
9145	607
2635	608
2828	609
6286	610
757	611
3930	612
5956	613
6602	614
7541	615
2911	616
6912	617
2337	618
567	619
4	620
9100	621
3821	622
5355	623
4767	624
4291	625
7311	626
6672	627
228	628
7871	629
6648	630
1721	631
4842	632
8032	633
6393	634
6506	635
8961	636
197	637
4632	638
4328	639
6120	640
7774	641
5226	642
2394	643
1730	644
6756	645
3568	646
1713	647
6783	648
7938	649
27	650
4159	651
313	652
2908	653
8789	654
2886	655
7738	656
5947	657
1017	658
7787	659
9017	660
2039	661
2354	662
2774	663
2896	664
591	665
9634	666
6752	667
8348	668
6753	669
1490	670
6401	671
7894	672
1163	673
1676	674
3610	675
4586	676
4173	677
1307	678
7112	679
933	680
1547	681
6319	682
351	683
8416	684
2254	685
8259	686
8272	687
5640	688
3632	689
8064	690
311	691
707	692
7999	693
943	694
1614	695
2709	696
9531	697
790	698
158	699
7580	700
2029	701
2621	702
6944	703
5610	704
9140	705
3203	706
9622	707
7266	708
6773	709
256	710
8879	711
2116	712
4099	713
6456	714
8	715
236	716
6372	717
3164	718
2993	719
1383	720
166	721
3324	722
774	723
8422	724
3291	725
9322	726
8825	727
764	728
6616	729
9429	730
3029	731
2719	732
2003	733
7172	734
9173	735
1016	736
2534	737
3791	738
5751	739
3187	740
5308	741
4629	742
6063	743
7892	744
6225	745
21	746
4933	747
6520	748
8644	749
6432	750
6241	751
6624	752
3453	753
288	754
5885	755
935	756
6210	757
1071	758
9238	759
2550	760
7220	761
9029	762
7968	763
3257	764
167	765
7765	766
5149	767
4269	768
2341	769
1267	770
8320	771
7054	772
1483	773
2720	774
4274	775
2483	776
643	777
7824	778
29	779
8980	780
8884	781
7388	782
848	783
4248	784
5874	785
3158	786
929	787
3898	788
5927	789
4609	790
3082	791
750	792
4556	793
5819	794
9000	795
3346	796
2265	797
5223	798
5443	799
4829	800
158	801
5425	802
8723	803
349	804
1384	805
8000	806
4427	807
4254	808
6434	809
3244	810
443	811
5173	812
5474	813
5669	814
9613	815
5260	816
2587	817
6277	818
5695	819
1311	820
1540	821
7290	822
409	823
553	824
732	825
3756	826
3726	827
3166	828
3295	829
9287	830
1742	831
1761	832
1908	833
6696	834
6382	835
6348	836
7861	837
4490	838
8690	839
1707	840
8066	841
7435	842
6127	843
4761	844
1482	845
6025	846
2573	847
4942	848
6842	849
8301	850
12	851
5094	852
463	853
1833	854
3101	855
93	856
7107	857
6123	858
5696	859
6458	860
2000	861
1527	862
4357	863
101	864
1797	865
6930	866
9265	867
1477	868
896	869
286	870
8674	871
8765	872
2883	873
8496	874
217	875
2396	876
5312	877
19	878
2004	879
4226	880
6934	881
138	882
175	883
3473	884
1806	885
2656	886
8082	887
1452	888
9367	889
9514	890
2275	891
4199	892
5462	893
893	894
9047	895
1415	896
4140	897
5951	898
6202	899
7411	900
7847	901
8056	902
9272	903
5707	904
6597	905
9214	906
151	907
7719	908
3213	909
1231	910
473	911
8046	912
8593	913
5541	914
8351	915
3252	916
526	917
4662	918
7960	919
5337	920
1270	921
4088	922
7691	923
7561	924
4510	925
4277	926
5765	927
122	928
4309	929
5910	930
76	931
3410	932
4963	933
3483	934
1662	935
7796	936
2906	937
9526	938
2845	939
6508	940
139	941
6077	942
4921	943
41	944
180	945
5377	946
8592	947
3130	948
9168	949
2553	950
1970	951
7383	952
6532	953
6872	954
5306	955
490	956
6477	957
817	958
205	959
9228	960
7105	961
1514	962
1561	963
1338	964
6459	965
9301	966
161	967
4117	968
6649	969
8305	970
566	971
6129	972
5478	973
5340	974
4071	975
5871	976
4486	977
56	978
6204	979
1510	980
7674	981
6737	982
1034	983
7351	984
2054	985
4599	986
6073	987
3231	988
6446	989
3152	990
6580	991
3044	992
4232	993
5935	994
2178	995
5632	996
3304	997
6230	998
9245	999
1496	1000
9109	1001
3329	1002
7408	1003
8827	1004
9357	1005
2816	1006
422	1007
5928	1008
868	1009
3285	1010
5596	1011
253	1012
5283	1013
8322	1014
7844	1015
2477	1016
3460	1017
168	1018
6576	1019
4598	1020
7003	1021
7914	1022
7831	1023
6848	1024
4577	1025
8401	1026
5353	1027
7005	1028
2170	1029
237	1030
7508	1031
563	1032
7088	1033
3154	1034
5252	1035
40	1036
7239	1037
3865	1038
2361	1039
2480	1040
6517	1041
6771	1042
3180	1043
5721	1044
4344	1045
8860	1046
1678	1047
2522	1048
548	1049
7494	1050
245	1051
1368	1052
2901	1053
8612	1054
4559	1055
9595	1056
3803	1057
7456	1058
245	1059
340	1060
4578	1061
1999	1062
8814	1063
492	1064
5998	1065
5957	1066
8156	1067
2422	1068
2053	1069
9131	1070
7380	1071
1912	1072
4046	1073
3904	1074
7312	1075
3841	1076
3051	1077
6471	1078
8863	1079
2024	1080
6308	1081
2344	1082
5826	1083
6530	1084
1977	1085
7611	1086
9393	1087
543	1088
7962	1089
6119	1090
7241	1091
4057	1092
692	1093
7814	1094
9183	1095
8862	1096
1687	1097
6512	1098
8858	1099
1684	1100
2844	1101
1686	1102
1596	1103
3696	1104
9028	1105
4970	1106
9391	1107
5821	1108
3441	1109
4017	1110
7327	1111
739	1112
487	1113
321	1114
7805	1115
8262	1116
7743	1117
5128	1118
4316	1119
7647	1120
8462	1121
7637	1122
7617	1123
5454	1124
5731	1125
1915	1126
9625	1127
3076	1128
1945	1129
7503	1130
126	1131
5427	1132
5456	1133
8381	1134
9015	1135
5271	1136
1817	1137
8815	1138
1425	1139
2056	1140
9451	1141
6376	1142
7331	1143
1382	1144
674	1145
864	1146
1001	1147
4633	1148
5828	1149
5135	1150
6748	1151
9050	1152
8801	1153
4858	1154
5451	1155
6808	1156
8325	1157
5619	1158
3698	1159
3872	1160
7	1161
5968	1162
8764	1163
6302	1164
1473	1165
3619	1166
491	1167
701	1168
697	1169
1615	1170
6429	1171
4055	1172
2727	1173
897	1174
1865	1175
8316	1176
4378	1177
6185	1178
4657	1179
1712	1180
600	1181
1891	1182
1745	1183
3709	1184
1714	1185
3664	1186
8048	1187
5577	1188
8099	1189
4211	1190
4340	1191
3880	1192
7766	1193
7833	1194
1883	1195
9318	1196
110	1197
202	1198
1379	1199
5001	1200
9626	1201
221	1202
3734	1203
751	1204
8783	1205
4764	1206
5092	1207
3768	1208
8019	1209
8240	1210
5823	1211
8590	1212
752	1213
4935	1214
7343	1215
1552	1216
3429	1217
9655	1218
6003	1219
1463	1220
3176	1221
4370	1222
7543	1223
1472	1224
5268	1225
7282	1226
2362	1227
1957	1228
149	1229
2779	1230
5543	1231
5800	1232
1520	1233
7489	1234
5212	1235
477	1236
1812	1237
7731	1238
2982	1239
5748	1240
3096	1241
5053	1242
5841	1243
1320	1244
7397	1245
5014	1246
5755	1247
500	1248
9555	1249
3371	1250
641	1251
7723	1252
1215	1253
2608	1254
49	1255
6205	1256
8859	1257
274	1258
190	1259
4670	1260
61	1261
3	1262
6595	1263
11	1264
159	1265
6901	1266
3209	1267
9491	1268
9179	1269
329	1270
8567	1271
3646	1272
2277	1273
4647	1274
4932	1275
4414	1276
8585	1277
3530	1278
2226	1279
9279	1280
6673	1281
8365	1282
179	1283
7095	1284
6591	1285
7822	1286
6259	1287
7697	1288
5384	1289
2628	1290
8938	1291
4185	1292
6294	1293
7210	1294
5194	1295
2475	1296
6782	1297
4566	1298
5197	1299
5561	1300
125	1301
1696	1302
7940	1303
2507	1304
3518	1305
3744	1306
8261	1307
3432	1308
7152	1309
7948	1310
7073	1311
8871	1312
3743	1313
8081	1314
4570	1315
4125	1316
4626	1317
4601	1318
9659	1319
8344	1320
4112	1321
4065	1322
3579	1323
9197	1324
4749	1325
7481	1326
3398	1327
3318	1328
7619	1329
1396	1330
1387	1331
7632	1332
8788	1333
1433	1334
4628	1335
5931	1336
4183	1337
819	1338
1229	1339
7572	1340
8657	1341
8873	1342
5808	1343
4100	1344
9339	1345
4298	1346
4738	1347
6730	1348
8610	1349
8614	1350
3591	1351
8297	1352
7834	1353
3211	1354
8441	1355
9171	1356
52	1357
5982	1358
284	1359
1105	1360
7862	1361
2615	1362
1853	1363
8882	1364
4751	1365
7579	1366
4371	1367
5791	1368
6542	1369
7025	1370
6873	1371
7967	1372
7083	1373
9383	1374
2868	1375
3303	1376
381	1377
9231	1378
360	1379
7354	1380
5639	1381
6347	1382
3280	1383
6182	1384
1506	1385
2042	1386
1942	1387
1521	1388
6584	1389
7174	1390
2219	1391
6825	1392
239	1393
2359	1394
3148	1395
45	1396
2279	1397
8313	1398
322	1399
4608	1400
8265	1401
8257	1402
9439	1403
3263	1404
7653	1405
7131	1406
4763	1407
2563	1408
9524	1409
4713	1410
1054	1411
8581	1412
4016	1413
715	1414
5485	1415
2031	1416
9449	1417
882	1418
9087	1419
2206	1420
2629	1421
6823	1422
8359	1423
6254	1424
963	1425
5978	1426
1550	1427
9494	1428
8956	1429
7915	1430
5453	1431
4004	1432
5574	1433
8698	1434
961	1435
7950	1436
5691	1437
5567	1438
7302	1439
5151	1440
5945	1441
7467	1442
7341	1443
7444	1444
9244	1445
6053	1446
3497	1447
3036	1448
6589	1449
7583	1450
266	1451
3505	1452
3599	1453
2204	1454
5290	1455
269	1456
185	1457
77	1458
4129	1459
7221	1460
4519	1461
4908	1462
2890	1463
1583	1464
172	1465
80	1466
8089	1467
5556	1468
5518	1469
8646	1470
512	1471
3347	1472
6544	1473
3767	1474
1241	1475
4674	1476
2486	1477
8012	1478
9418	1479
7820	1480
8388	1481
2837	1482
658	1483
2548	1484
7446	1485
1255	1486
2801	1487
5251	1488
13	1489
1416	1490
9350	1491
2417	1492
9181	1493
2944	1494
9549	1495
1849	1496
4718	1497
1904	1498
4093	1499
8639	1500
8445	1501
1992	1502
6396	1503
2670	1504
401	1505
5102	1506
9516	1507
2754	1508
8419	1509
216	1510
481	1511
2278	1512
7021	1513
9205	1514
8743	1515
3026	1516
8451	1517
7085	1518
7129	1519
1154	1520
296	1521
7072	1522
4437	1523
2684	1524
289	1525
5498	1526
2224	1527
758	1528
7497	1529
8974	1530
716	1531
3335	1532
9511	1533
9216	1534
6883	1535
5882	1536
594	1537
8543	1538
8405	1539
8928	1540
8356	1541
5	1542
9191	1543
9033	1544
6100	1545
2343	1546
6239	1547
4296	1548
949	1549
9158	1550
4005	1551
11	1552
8104	1553
8951	1554
1487	1555
6474	1556
3521	1557
5620	1558
4150	1559
9146	1560
8775	1561
8668	1562
4087	1563
1879	1564
8784	1565
2346	1566
1	1567
4790	1568
2331	1569
2506	1570
3792	1571
1392	1572
2230	1573
4426	1574
8995	1575
503	1576
9142	1577
688	1578
1459	1579
7984	1580
3442	1581
635	1582
1139	1583
763	1584
762	1585
608	1586
1574	1587
973	1588
616	1589
1087	1590
5676	1591
1306	1592
2184	1593
2349	1594
7032	1595
6480	1596
2606	1597
5892	1598
5746	1599
8061	1600
7132	1601
2240	1602
302	1603
7062	1604
8479	1605
6467	1606
7944	1607
8400	1608
6928	1609
4511	1610
3519	1611
6332	1612
5097	1613
3633	1614
9198	1615
6822	1616
3311	1617
6407	1618
4304	1619
2248	1620
6072	1621
3361	1622
7362	1623
5322	1624
7300	1625
7540	1626
3294	1627
109	1628
552	1629
6388	1630
123	1631
7192	1632
2554	1633
7687	1634
3600	1635
4957	1636
4671	1637
5233	1638
4418	1639
4928	1640
4907	1641
3567	1642
3320	1643
2046	1644
6550	1645
9558	1646
1563	1647
6030	1648
54	1649
8986	1650
5509	1651
5295	1652
5576	1653
3034	1654
9545	1655
4551	1656
163	1657
6714	1658
5351	1659
3061	1660
4521	1661
9374	1662
2408	1663
4505	1664
1636	1665
1927	1666
4619	1667
9119	1668
4768	1669
5887	1670
8385	1671
8408	1672
9235	1673
1674	1674
1	1675
4262	1676
3251	1677
6304	1678
8699	1679
7560	1680
173	1681
8183	1682
3134	1683
7522	1684
7987	1685
7556	1686
4651	1687
8990	1688
9027	1689
1104	1690
1428	1691
1724	1692
6910	1693
9163	1694
1299	1695
6410	1696
2453	1697
112	1698
9236	1699
872	1700
8719	1701
1265	1702
9458	1703
4799	1704
1218	1705
6898	1706
5052	1707
7993	1708
237	1709
6617	1710
2962	1711
4588	1712
6596	1713
5550	1714
7305	1715
1733	1716
9206	1717
5002	1718
1283	1719
5612	1720
1841	1721
9528	1722
8138	1723
9304	1724
3362	1725
1746	1726
6858	1727
9446	1728
5939	1729
6095	1730
8911	1731
7760	1732
1399	1733
89	1734
3016	1735
4773	1736
6669	1737
5408	1738
2803	1739
2050	1740
3419	1741
7548	1742
9325	1743
2426	1744
9013	1745
6864	1746
7126	1747
2147	1748
5206	1749
2717	1750
7983	1751
7658	1752
7651	1753
5280	1754
8407	1755
1646	1756
7538	1757
8822	1758
2733	1759
1068	1760
5045	1761
6301	1762
2151	1763
5617	1764
2650	1765
3423	1766
7455	1767
4318	1768
8042	1769
8818	1770
168	1771
5331	1772
7802	1773
6545	1774
3282	1775
66	1776
3411	1777
8679	1778
186	1779
4704	1780
194	1781
7545	1782
4407	1783
6032	1784
7283	1785
8091	1786
6567	1787
1	1788
4585	1789
5382	1790
3469	1791
8158	1792
4136	1793
5598	1794
6142	1795
258	1796
33	1797
2020	1798
1699	1799
330	1800
1913	1801
9308	1802
255	1803
8557	1804
6108	1805
8643	1806
3850	1807
5146	1808
6723	1809
5055	1810
2749	1811
4156	1812
5925	1813
6415	1814
2329	1815
4167	1816
34	1817
5434	1818
4436	1819
607	1820
9	1821
361	1822
2121	1823
8279	1824
970	1825
1078	1826
8303	1827
6986	1828
9448	1829
4390	1830
2137	1831
9368	1832
2316	1833
5573	1834
3139	1835
7986	1836
8524	1837
7636	1838
7912	1839
4847	1840
2618	1841
2796	1842
1239	1843
6092	1844
9527	1845
2674	1846
5566	1847
9422	1848
843	1849
5875	1850
5079	1851
9389	1852
97	1853
2149	1854
9134	1855
3316	1856
2910	1857
7742	1858
3351	1859
9072	1860
4148	1861
1155	1862
6599	1863
6468	1864
2155	1865
1601	1866
7675	1867
2502	1868
7734	1869
5018	1870
1689	1871
5737	1872
6941	1873
9348	1874
5145	1875
3603	1876
1611	1877
5503	1878
1897	1879
3330	1880
2739	1881
1182	1882
5152	1883
6229	1884
8845	1885
3608	1886
5628	1887
4596	1888
8170	1889
7865	1890
3182	1891
460	1892
6931	1893
51	1894
4218	1895
1334	1896
87	1897
8347	1898
5590	1899
6272	1900
6489	1901
3639	1902
7384	1903
5386	1904
1677	1905
2848	1906
4811	1907
1645	1908
4463	1909
4435	1910
998	1911
6594	1912
3715	1913
8065	1914
2255	1915
4356	1916
747	1917
2411	1918
5946	1919
7791	1920
4532	1921
3983	1922
1765	1923
7404	1924
4326	1925
8525	1926
2763	1927
4627	1928
1060	1929
1799	1930
302	1931
7212	1932
1043	1933
2299	1934
7767	1935
8390	1936
3049	1937
944	1938
2721	1939
3297	1940
7535	1941
3156	1942
8864	1943
4236	1944
1321	1945
4757	1946
9184	1947
6057	1948
7718	1949
9473	1950
6048	1951
3948	1952
7832	1953
2819	1954
9218	1955
917	1956
2311	1957
87	1958
4752	1959
4039	1960
4307	1961
7957	1962
726	1963
9233	1964
2667	1965
3274	1966
5433	1967
3226	1968
9073	1969
9211	1970
634	1971
3065	1972
7238	1973
8672	1974
7448	1975
8850	1976
8418	1977
6384	1978
3066	1979
8334	1980
9561	1981
2718	1982
3964	1983
2852	1984
4325	1985
5277	1986
5754	1987
6370	1988
6739	1989
8993	1990
38	1991
43	1992
8186	1993
593	1994
8546	1995
1839	1996
6688	1997
7233	1998
7317	1999
670	2000
9136	2001
2127	2002
6502	2003
8621	2004
5358	2005
2128	2006
306	2007
7414	2008
2764	2009
9003	2010
2045	2011
6789	2012
3845	2013
9415	2014
4187	2015
9461	2016
67	2017
8074	2018
3087	2019
228	2020
9326	2021
8332	2022
8915	2023
708	2024
5299	2025
7673	2026
4402	2027
1773	2028
6449	2029
195	2030
2057	2031
2619	2032
8712	2033
7883	2034
15	2035
6113	2036
2243	2037
4342	2038
9488	2039
8905	2040
2435	2041
3897	2042
4815	2043
1647	2044
3741	2045
14	2046
5234	2047
2437	2048
7644	2049
5766	2050
6843	2051
7555	2052
458	2053
5991	2054
307	2055
3648	2056
2768	2057
1626	2058
5246	2059
219	2060
6920	2061
8848	2062
4213	2063
2688	2064
4885	2065
8342	2066
3871	2067
4403	2068
4906	2069
3640	2070
2159	2071
4366	2072
7756	2073
7287	2074
2011	2075
257	2076
6750	2077
6346	2078
796	2079
1323	2080
727	2081
1237	2082
6293	2083
6340	2084
6994	2085
7872	2086
8402	2087
3425	2088
5723	2089
2249	2090
5448	2091
8752	2092
392	2093
2835	2094
5969	2095
4375	2096
5153	2097
9603	2098
6793	2099
3296	2100
7314	2101
8824	2102
8916	2103
6975	2104
4078	2105
4256	2106
3454	2107
2613	2108
486	2109
4950	2110
5664	2111
5447	2112
3827	2113
5631	2114
9193	2115
4482	2116
8333	2117
8266	2118
6687	2119
4787	2120
435	2121
4852	2122
7387	2123
5999	2124
6121	2125
5367	2126
2395	2127
652	2128
5311	2129
211	2130
5236	2131
4874	2132
1509	2133
4602	2134
5321	2135
9515	2136
7308	2137
4707	2138
2347	2139
4833	2140
1965	2141
1543	2142
5044	2143
7066	2144
5852	2145
4920	2146
1869	2147
6885	2148
8936	2149
9266	2150
7051	2151
6181	2152
78	2153
3650	2154
3617	2155
6836	2156
5279	2157
1900	2158
5915	2159
4572	2160
2305	2161
3976	2162
5410	2163
3920	2164
5307	2165
8070	2166
2551	2167
7772	2168
4133	2169
9030	2170
4028	2171
2345	2172
1037	2173
8494	2174
4929	2175
8086	2176
444	2177
7079	2178
6318	2179
1345	2180
8383	2181
4306	2182
5686	2183
250	2184
3686	2185
8817	2186
6778	2187
2565	2188
6090	2189
212	2190
6631	2191
2627	2192
9652	2193
6526	2194
8759	2195
6125	2196
121	2197
1435	2198
312	2199
5284	2200
4872	2201
200	2202
9485	2203
5671	2204
564	2205
8192	2206
1872	2207
223	2208
1225	2209
6475	2210
8203	2211
3128	2212
4625	2213
2875	2214
912	2215
8728	2216
5674	2217
9538	2218
5348	2219
3645	2220
5235	2221
8653	2222
3488	2223
5501	2224
218	2225
5813	2226
1620	2227
3901	2228
8921	2229
899	2230
5986	2231
8001	2232
2487	2233
3532	2234
8002	2235
4128	2236
4610	2237
1843	2238
9062	2239
5830	2240
6197	2241
3126	2242
1039	2243
4450	2244
7367	2245
6386	2246
120	2247
1197	2248
2092	2249
2271	2250
9355	2251
2732	2252
8483	2253
7348	2254
754	2255
286	2256
2493	2257
8755	2258
24	2259
2114	2260
6868	2261
3762	2262
1717	2263
8794	2264
6154	2265
4472	2266
4489	2267
9421	2268
6701	2269
2008	2270
2171	2271
4720	2272
8762	2273
7635	2274
7249	2275
229	2276
5483	2277
700	2278
2065	2279
8027	2280
7604	2281
5291	2282
623	2283
779	2284
5533	2285
2729	2286
134	2287
3072	2288
2338	2289
1950	2290
6558	2291
5412	2292
860	2293
8250	2294
706	2295
4035	2296
1269	2297
9277	2298
9379	2299
1501	2300
9606	2301
9399	2302
176	2303
6757	2304
290	2305
4230	2306
2302	2307
1644	2308
8853	2309
8014	2310
2562	2311
1814	2312
980	2313
9252	2314
7749	2315
9468	2316
2443	2317
3972	2318
879	2319
5894	2320
8053	2321
1061	2322
5178	2323
4441	2324
8634	2325
6875	2326
3135	2327
2010	2328
8393	2329
3843	2330
3102	2331
235	2332
8726	2333
5286	2334
1594	2335
7358	2336
5030	2337
4164	2338
8477	2339
2267	2340
8923	2341
9207	2342
6835	2343
4800	2344
3109	2345
6548	2346
9454	2347
3663	2348
9125	2349
7989	2350
8304	2351
7071	2352
2892	2353
7889	2354
8843	2355
4259	2356
5205	2357
3062	2358
7971	2359
9054	2360
3924	2361
88	2362
6373	2363
1493	2364
4151	2365
61	2366
5400	2367
3145	2368
906	2369
3635	2370
1731	2371
23	2372
1295	2373
1842	2374
2605	2375
1349	2376
5404	2377
8865	2378
9330	2379
333	2380
1996	2381
5403	2382
1621	2383
262	2384
1461	2385
6610	2386
6800	2387
8707	2388
9189	2389
4401	2390
7409	2391
4063	2392
742	2393
9546	2394
5937	2395
1339	2396
578	2397
5361	2398
9637	2399
7801	2400
6049	2401
5756	2402
3136	2403
7469	2404
8773	2405
6004	2406
2833	2407
5781	2408
8821	2409
8470	2410
3643	2411
7252	2412
3447	2413
517	2414
3718	2415
3606	2416
7973	2417
6681	2418
3962	2419
6954	2420
4182	2421
1047	2422
6645	2423
8244	2424
454	2425
499	2426
6806	2427
5163	2428
9317	2429
3212	2430
925	2431
1222	2432
5500	2433
4530	2434
1801	2435
4987	2436
4937	2437
6316	2438
3666	2439
2918	2440
3331	2441
7949	2442
2129	2443
6553	2444
3629	2445
2741	2446
8030	2447
6368	2448
3345	2449
5005	2450
3216	2451
1598	2452
4816	2453
5421	2454
1683	2455
7029	2456
1739	2457
5914	2458
1247	2459
112	2460
8375	2461
1380	2462
6627	2463
8391	2464
6926	2465
4208	2466
1528	2467
7420	2468
2790	2469
5101	2470
8696	2471
2516	2472
450	2473
177	2474
6667	2475
8512	2476
2303	2477
2500	2478
2586	2479
8977	2480
200	2481
296	2482
342	2483
5883	2484
822	2485
8094	2486
1567	2487
9086	2488
2166	2489
3355	2490
8627	2491
3655	2492
8033	2493
8098	2494
720	2495
9386	2496
2266	2497
9302	2498
7496	2499
7546	2500
9372	2501
932	2502
8454	2503
5159	2504
3533	2505
2401	2506
7491	2507
2659	2508
103	2509
9507	2510
1585	2511
4052	2512
4880	2513
3515	2514
348	2515
8909	2516
554	2517
1581	2518
8656	2519
6394	2520
4396	2521
7608	2522
274	2523
7699	2524
8515	2525
867	2526
2389	2527
4302	2528
2418	2529
5624	2530
5323	2531
7880	2532
3376	2533
9106	2534
9442	2535
2238	2536
2878	2537
8846	2538
3583	2539
3667	2540
588	2541
6956	2542
1591	2543
8118	2544
1718	2545
161	2546
9283	2547
1423	2548
7510	2549
2800	2550
1606	2551
2334	2552
6408	2553
280	2554
2451	2555
930	2556
3038	2557
4652	2558
2658	2559
1152	2560
1360	2561
6977	2562
1432	2563
8376	2564
1962	2565
5133	2566
2762	2567
1019	2568
1213	2569
4617	2570
7595	2571
7418	2572
181	2573
2146	2574
8176	2575
950	2576
1185	2577
1304	2578
38	2579
8284	2580
2244	2581
7338	2582
1328	2583
2986	2584
6144	2585
7527	2586
9430	2587
7292	2588
29	2589
3054	2590
640	2591
1953	2592
6240	2593
3205	2594
2470	2595
940	2596
1059	2597
1759	2598
4809	2599
3830	2600
948	2601
7492	2602
8282	2603
1234	2604
5174	2605
7630	2606
4134	2607
2366	2608
2857	2609
2724	2610
9034	2611
5278	2612
6056	2613
3110	2614
6762	2615
6985	2616
9273	2617
2773	2618
3580	2619
4115	2620
2312	2621
6969	2622
544	2623
7423	2624
4520	2625
7277	2626
7049	2627
5778	2628
4684	2629
9640	2630
2143	2631
8105	2632
1280	2633
3315	2634
9153	2635
476	2636
290	2637
5326	2638
1989	2639
6252	2640
1141	2641
4614	2642
48	2643
5088	2644
1805	2645
4686	2646
8231	2647
7895	2648
5897	2649
2661	2650
4927	2651
5919	2652
1486	2653
6397	2654
5058	2655
6342	2656
5219	2657
1994	2658
5797	2659
8126	2660
9577	2661
3613	2662
1640	2663
3234	2664
645	2665
9090	2666
7235	2667
3812	2668
1508	2669
863	2670
7356	2671
7344	2672
8842	2673
5846	2674
7890	2675
2736	2676
5718	2677
8256	2678
3198	2679
5012	2680
7708	2681
2225	2682
4111	2683
5848	2684
5114	2685
4068	2686
3765	2687
8604	2688
7547	2689
1405	2690
4541	2691
5237	2692
2894	2693
903	2694
4438	2695
3367	2696
7874	2697
203	2698
6436	2699
136	2700
5601	2701
1519	2702
6523	2703
7040	2704
8460	2705
2755	2706
8869	2707
8876	2708
3059	2709
7093	2710
8448	2711
6010	2712
6881	2713
7977	2714
6982	2715
8749	2716
1530	2717
4701	2718
9450	2719
7023	2720
7721	2721
6163	2722
7728	2723
4459	2724
4042	2725
1782	2726
878	2727
8802	2728
2859	2729
1613	2730
8857	2731
1462	2732
8409	2733
8455	2734
8267	2735
7823	2736
7789	2737
1186	2738
7680	2739
7652	2740
7649	2741
4949	2742
9108	2743
9182	2744
4468	2745
2293	2746
507	2747
1907	2748
3491	2749
2018	2750
969	2751
9412	2752
1835	2753
8116	2754
2117	2755
6305	2756
4663	2757
7870	2758
8321	2759
3794	2760
315	2761
1236	2762
3381	2763
3801	2764
4305	2765
1776	2766
3382	2767
2926	2768
6257	2769
3131	2770
127	2771
4756	2772
7616	2773
2874	2774
3437	2775
2856	2776
1766	2777
6300	2778
8223	2779
7980	2780
2544	2781
1877	2782
2991	2783
986	2784
8861	2785
7799	2786
7695	2787
4849	2788
7190	2789
803	2790
7794	2791
8189	2792
6812	2793
191	2794
3874	2795
2152	2796
2590	2797
8943	2798
2142	2799
9349	2800
6400	2801
320	2802
7462	2803
1438	2804
2584	2805
3780	2806
2382	2807
1604	2808
5167	2809
7403	2810
5069	2811
1150	2812
2978	2813
7293	2814
1500	2815
768	2816
4178	2817
70	2818
4882	2819
1890	2820
3268	2821
1728	2822
1244	2823
9366	2824
9202	2825
4154	2826
7307	2827
6035	2828
1465	2829
2518	2830
4884	2831
3	2832
4062	2833
605	2834
2106	2835
1638	2836
2609	2837
3439	2838
4944	2839
5532	2840
4868	2841
1289	2842
5834	2843
441	2844
821	2845
418	2846
996	2847
1107	2848
2286	2849
1693	2850
6758	2851
5592	2852
5459	2853
7162	2854
7189	2855
858	2856
2172	2857
9530	2858
7163	2859
4902	2860
6033	2861
294	2862
8947	2863
8886	2864
4314	2865
364	2866
5147	2867
6245	2868
6485	2869
5129	2870
8800	2871
4376	2872
3899	2873
915	2874
1719	2875
2711	2876
7267	2877
4980	2878
204	2879
2246	2880
3163	2881
8222	2882
3506	2883
4741	2884
6947	2885
148	2886
4890	2887
9654	2888
7008	2889
4500	2890
9288	2891
9078	2892
1492	2893
5607	2894
3397	2895
1158	2896
2558	2897
3834	2898
2158	2899
571	2900
5191	2901
6628	2902
7336	2903
823	2904
3960	2905
7684	2906
4693	2907
2188	2908
3	2909
2310	2910
5132	2911
8837	2912
3388	2913
3179	2914
6859	2915
8241	2916
4081	2917
3099	2918
8185	2919
8670	2920
5440	2921
7783	2922
3516	2923
2017	2924
2569	2925
9346	2926
50	2927
9224	2928
6451	2929
6855	2930
3542	2931
6220	2932
853	2933
297	2934
289	2935
199	2936
3691	2937
7187	2938
399	2939
8989	2940
9177	2941
7821	2942
4496	2943
2218	2944
2831	2945
1903	2946
4648	2947
4802	2948
434	2949
2454	2950
3161	2951
4550	2952
5423	2953
7829	2954
9509	2955
1878	2956
1542	2957
2318	2958
2593	2959
7917	2960
113	2961
6469	2962
6569	2963
3869	2964
6801	2965
3113	2966
1429	2967
9642	2968
983	2969
6601	2970
1744	2971
4443	2972
1312	2973
5067	2974
5517	2975
6575	2976
972	2977
1787	2978
7667	2979
12	2980
8311	2981
5373	2982
6629	2983
6962	2984
4139	2985
9194	2986
8352	2987
1968	2988
4772	2989
7972	2990
4056	2991
4961	2992
1175	2993
8484	2994
4563	2995
9370	2996
7116	2997
6903	2998
5722	2999
8937	3000
2207	3001
7381	3002
4681	3003
9271	3004
4743	3005
869	3006
8739	3007
1796	3008
8959	3009
8361	3010
8326	3011
4002	3012
5634	3013
7800	3014
5471	3015
6529	3016
9251	3017
9285	3018
5966	3019
4184	3020
9660	3021
2925	3022
5227	3023
6310	3024
1127	3025
8009	3026
1491	3027
3404	3028
9343	3029
7389	3030
5317	3031
5123	3032
4575	3033
8552	3034
8736	3035
8396	3036
9051	3037
8254	3038
1627	3039
8597	3040
9296	3041
7696	3042
7638	3043
7372	3044
4480	3045
6678	3046
5261	3047
9416	3048
6251	3049
8410	3050
2257	3051
7920	3052
5046	3053
9361	3054
6909	3055
9096	3056
7613	3057
8985	3058
8558	3059
8717	3060
5130	3061
205	3062
7762	3063
5301	3064
4962	3065
9423	3066
3721	3067
1138	3068
5796	3069
5551	3070
1795	3071
5415	3072
2672	3073
4746	3074
7838	3075
5905	3076
8181	3077
2802	3078
6957	3079
3352	3080
9276	3081
9607	3082
5557	3083
3132	3084
6586	3085
8133	3086
7645	3087
2839	3088
2631	3089
17	3090
1174	3091
9409	3092
2375	3093
7807	3094
3175	3095
8689	3096
6228	3097
3118	3098
5104	3099
188	3100
7363	3101
169	3102
7956	3103
9631	3104
4410	3105
7661	3106
4859	3107
5521	3108
2905	3109
4023	3110
2715	3111
7909	3112
7000	3113
7118	3114
2889	3115
6709	3116
5727	3117
6989	3118
6460	3119
2490	3120
6324	3121
7069	3122
1539	3123
5475	3124
2575	3125
4449	3126
6581	3127
5908	3128
7553	3129
5195	3130
2059	3131
5697	3132
4597	3133
8464	3134
6141	3135
7451	3136
7923	3137
2541	3138
5137	3139
6619	3140
7769	3141
8560	3142
5150	3143
778	3144
1455	3145
5976	3146
7460	3147
3270	3148
4834	3149
1195	3150
2032	3151
9149	3152
3147	3153
3124	3154
3614	3155
1517	3156
8831	3157
2647	3158
3349	3159
9220	3160
6978	3161
6902	3162
2353	3163
3860	3164
6727	3165
6203	3166
4458	3167
5309	3168
8005	3169
3886	3170
4938	3171
7400	3172
3605	3173
8450	3174
8371	3175
2580	3176
7755	3177
4841	3178
1941	3179
7500	3180
5156	3181
5467	3182
5392	3183
5215	3184
4014	3185
9234	3186
1226	3187
4491	3188
956	3189
679	3190
7981	3191
3859	3192
7518	3193
5120	3194
363	3195
1330	3196
7247	3197
4022	3198
691	3199
8731	3200
123	3201
136	3202
5553	3203
1291	3204
6062	3205
7242	3206
7495	3207
2974	3208
6828	3209
17	3210
5889	3211
2928	3212
172	3213
3806	3214
5259	3215
5680	3216
4824	3217
8888	3218
4494	3219
7517	3220
8137	3221
5350	3222
8217	3223
8826	3224
74	3225
6162	3226
325	3227
9556	3228
4195	3229
283	3230
2456	3231
6354	3232
4742	3233
945	3234
4258	3235
4374	3236
2214	3237
4698	3238
5616	3239
8548	3240
1802	3241
8069	3242
8998	3243
1018	3244
5523	3245
5106	3246
9094	3247
8750	3248
2866	3249
5341	3250
3867	3251
9452	3252
5343	3253
7618	3254
8849	3255
8633	3256
5063	3257
3150	3258
4922	3259
2535	3260
4838	3261
31	3262
6068	3263
7337	3264
445	3265
1022	3266
603	3267
3470	3268
1275	3269
5662	3270
2903	3271
887	3272
797	3273
1181	3274
798	3275
3332	3276
6	3277
5122	3278
7565	3279
7750	3280
4462	3281
1870	3282
2210	3283
7225	3284
3504	3285
144	3286
4711	3287
2880	3288
8399	3289
2038	3290
9481	3291
2560	3292
8877	3293
2710	3294
4952	3295
2655	3296
6942	3297
5602	3298
7567	3299
767	3300
8922	3301
6497	3302
8586	3303
2070	3304
2734	3305
9506	3306
4398	3307
4286	3308
4766	3309
1448	3310
9053	3311
1832	3312
813	3313
6164	3314
3056	3315
724	3316
2637	3317
886	3318
824	3319
1837	3320
1531	3321
812	3322
2693	3323
6107	3324
2447	3325
7888	3326
5007	3327
8878	3328
816	3329
771	3330
9503	3331
8472	3332
2040	3333
3287	3334
3440	3335
9064	3336
2364	3337
5372	3338
9297	3339
5339	3340
7291	3341
9006	3342
8640	3343
1694	3344
3710	3345
794	3346
7528	3347
1013	3348
260	3349
6493	3350
9624	3351
9482	3352
2775	3353
6563	3354
3177	3355
4272	3356
6213	3357
8622	3358
743	3359
7480	3360
8677	3361
1454	3362
8255	3363
5609	3364
1414	3365
8330	3366
2221	3367
4856	3368
9352	3369
1294	3370
2324	3371
2081	3372
4729	3373
1975	3374
6183	3375
7564	3376
5292	3377
3623	3378
830	3379
4616	3380
7422	3381
1882	3382
2972	3383
2646	3384
4179	3385
5139	3386
2384	3387
1230	3388
5552	3389
9447	3390
4635	3391
6312	3392
1743	3393
9619	3394
656	3395
4778	3396
6728	3397
4315	3398
1936	3399
2294	3400
2810	3401
2750	3402
6135	3403
3012	3404
9315	3405
2841	3406
7194	3407
3378	3408
1146	3409
4726	3410
9215	3411
2019	3412
4904	3413
3392	3414
2491	3415
2913	3416
4219	3417
6391	3418
7925	3419
6406	3420
4160	3421
79	3422
3971	3423
4073	3424
4308	3425
2126	3426
1681	3427
1179	3428
5959	3429
3476	3430
4215	3431
4294	3432
539	3433
4040	3434
7959	3435
7200	3436
6577	3437
5107	3438
6433	3439
5504	3440
9327	3441
592	3442
829	3443
6179	3444
5958	3445
6314	3446
5527	3447
9144	3448
3595	3449
6020	3450
4595	3451
5141	3452
425	3453
1412	3454
839	3455
7891	3456
7753	3457
7498	3458
4212	3459
7357	3460
9529	3461
9519	3462
5794	3463
8889	3464
8369	3465
5222	3466
8509	3467
81	3468
8338	3469
3559	3470
259	3471
4264	3472
991	3473
146	3474
4737	3475
232	3476
9226	3477
3334	3478
5469	3479
9292	3480
9074	3481
1876	3482
9195	3483
2641	3484
4837	3485
2832	3486
776	3487
6375	3488
2940	3489
59	3490
7268	3491
5775	3492
7810	3493
8687	3494
840	3495
4866	3496
1929	3497
8331	3498
1035	3499
8852	3500
6088	3501
3855	3502
659	3503
9025	3504
6155	3505
3083	3506
8893	3507
2988	3508
4677	3509
957	3510
1353	3511
8413	3512
6061	3513
8108	3514
6060	3515
1082	3516
2668	3517
9633	3518
7145	3519
3474	3520
1619	3521
5993	3522
2642	3523
581	3524
974	3525
8200	3526
3510	3527
2542	3528
1884	3529
6040	3530
1113	3531
6840	3532
1187	3533
3436	3534
4297	3535
3317	3536
5115	3537
1322	3538
6325	3539
309	3540
2954	3541
532	3542
8141	3543
3503	3544
7776	3545
8930	3546
8258	3547
1548	3548
3993	3549
6140	3550
6965	3551
8178	3552
2941	3553
8804	3554
3676	3555
3340	3556
556	3557
7501	3558
6829	3559
4091	3560
9324	3561
2153	3562
5726	3563
6643	3564
5805	3565
2640	3566
7472	3567
7111	3568
6640	3569
8314	3570
1090	3571
3988	3572
1397	3573
5844	3574
3952	3575
8058	3576
3968	3577
230	3578
255	3579
2508	3580
8606	3581
6330	3582
8591	3583
5359	3584
1906	3585
9533	3586
8945	3587
4419	3588
9400	3589
4186	3590
2818	3591
1367	3592
1570	3593
5075	3594
47	3595
1376	3596
464	3597
3804	3598
5021	3599
8122	3600
4270	3601
2976	3602
4430	3603
3811	3604
9648	3605
1722	3606
343	3607
546	3608
6551	3609
300	3610
1571	3611
3011	3612
3796	3613
4615	3614
7893	3615
4680	3616
4977	3617
6039	3618
8683	3619
293	3620
427	3621
2761	3622
3207	3623
5113	3624
3820	3625
2914	3626
3358	3627
5970	3628
8519	3629
8294	3630
8706	3631
5709	3632
1083	3633
8350	3634
5667	3635
8433	3636
36	3637
2924	3638
4712	3639
1238	3640
2369	3641
8007	3642
116	3643
2390	3644
5767	3645
170	3646
4448	3647
734	3648
4917	3649
612	3650
7747	3651
9130	3652
162	3653
3573	3654
6069	3655
7323	3656
7016	3657
6016	3658
1990	3659
5560	3660
417	3661
9243	3662
6802	3663
5762	3664
7964	3665
4923	3666
9505	3667
5476	3668
1810	3669
6219	3670
3651	3671
3817	3672
3907	3673
413	3674
6344	3675
1549	3676
2282	3677
4003	3678
5015	3679
7693	3680
462	3681
5661	3682
2777	3683
397	3684
8514	3685
2150	3686
2633	3687
1124	3688
183	3689
569	3690
3814	3691
6863	3692
3636	3693
1774	3694
8239	3695
5988	3696
7103	3697
183	3698
7922	3699
2973	3700
6298	3701
8746	3702
6442	3703
1960	3704
4220	3705
1153	3706
9110	3707
9300	3708
8555	3709
722	3710
6738	3711
4985	3712
2077	3713
4503	3714
4959	3715
5606	3716
6026	3717
8710	3718
2067	3719
338	3720
8734	3721
2595	3722
3711	3723
18	3724
8855	3725
4312	3726
374	3727
3637	3728
7430	3729
6560	3730
8252	3731
8059	3732
8263	3733
9657	3734
7161	3735
4281	3736
1673	3737
5257	3738
6689	3739
3941	3740
5080	3741
4137	3742
2441	3743
4412	3744
4568	3745
2450	3746
568	3747
1418	3748
8954	3749
7169	3750
4488	3751
1931	3752
576	3753
6705	3754
2893	3755
892	3756
5245	3757
606	3758
2196	3759
9599	3760
8697	3761
5593	3762
8230	3763
1191	3764
2783	3765
9651	3766
1692	3767
8682	3768
2704	3769
6492	3770
3260	3771
4676	3772
6132	3773
6261	3774
888	3775
3328	3776
4058	3777
5858	3778
3786	3779
7650	3780
1698	3781
927	3782
8624	3783
5983	3784
7710	3785
6110	3786
5265	3787
189	3788
1986	3789
8641	3790
3935	3791
9362	3792
7754	3793
7812	3794
4162	3795
1356	3796
3465	3797
3825	3798
4210	3799
8953	3800
2888	3801
133	3802
6483	3803
3578	3804
3738	3805
1044	3806
44	3807
4400	3808
5683	3809
222	3810
4320	3811
1964	3812
1148	3813
234	3814
5898	3815
1605	3816
1	3817
6416	3818
2138	3819
370	3820
5458	3821
1250	3822
54	3823
2616	3824
24	3825
5224	3826
3673	3827
9082	3828
7	3829
3725	3830
7332	3831
2283	3832
981	3833
5381	3834
9490	3835
4048	3836
457	3837
8573	3838
7434	3839
920	3840
4105	3841
8436	3842
9004	3843
6074	3844
1292	3845
3687	3846
4587	3847
3682	3848
2301	3849
2197	3850
4096	3851
9098	3852
6964	3853
2378	3854
4293	3855
3354	3856
2074	3857
8587	3858
4864	3859
7184	3860
6307	3861
4369	3862
7055	3863
8083	3864
4946	3865
4209	3866
8972	3867
8277	3868
8805	3869
2838	3870
6788	3871
1794	3872
6243	3873
5398	3874
6606	3875
1902	3876
5162	3877
7730	3878
3896	3879
2935	3880
9388	3881
4114	3882
5042	3883
5641	3884
6147	3885
6172	3886
2212	3887
875	3888
3366	3889
3353	3890
1024	3891
432	3892
6255	3893
1652	3894
2643	3895
5878	3896
6698	3897
9437	3898
2799	3899
6495	3900
217	3901
8671	3902
1690	3903
4041	3904
2252	3905
1264	3906
1899	3907
5777	3908
1149	3909
6366	3910
5131	3911
6450	3912
8518	3913
1325	3914
6281	3915
3171	3916
624	3917
7549	3918
9478	3919
5687	3920
6084	3921
3684	3922
5096	3923
5413	3924
4266	3925
5397	3926
4854	3927
8834	3928
2357	3929
4875	3930
5562	3931
4431	3932
7558	3933
7294	3934
8625	3935
1378	3936
5921	3937
6498	3938
4267	3939
955	3940
7373	3941
5738	3942
4667	3943
4814	3944
8415	3945
4543	3946
7201	3947
6877	3948
324	3949
2556	3950
2082	3951
2079	3952
1159	3953
2942	3954
1911	3955
92	3956
8517	3957
596	3958
9311	3959
4821	3960
3588	3961
6159	3962
305	3963
9262	3964
4593	3965
2939	3966
2579	3967
8420	3968
1688	3969
8716	3970
332	3971
4345	3972
9258	3973
711	3974
6192	3975
8766	3976
9487	3977
7621	3978
5371	3979
3284	3980
6075	3981
575	3982
6295	3983
5790	3984
2251	3985
6938	3986
3863	3987
2952	3988
7461	3989
6266	3990
6326	3991
1725	3992
7345	3993
5633	3994
318	3995
6513	3996
6911	3997
6171	3998
5193	3999
210	4000
9008	4001
4557	4002
8088	4003
71	4004
6047	4005
9632	4006
4580	4007
2030	4008
2482	4009
2981	4010
379	4011
5036	4012
206	4013
6369	4014
509	4015
5965	4016
740	4017
8793	4018
2549	4019
5836	4020
8044	4021
6534	4022
2374	4023
595	4024
8427	4025
685	4026
4564	4027
5896	4028
5774	4029
3053	4030
9298	4031
9547	4032
8803	4033
3025	4034
3468	4035
2415	4036
6218	4037
6874	4038
8140	4039
3536	4040
1064	4041
1859	4042
3356	4043
5090	4044
9609	4045
5027	4046
4032	4047
1284	4048
3122	4049
2817	4050
6600	4051
270	4052
6496	4053
8114	4054
3561	4055
269	4056
5817	4057
8833	4058
7855	4059
5792	4060
221	4061
6618	4062
6329	4063
4893	4064
2503	4065
1085	4066
4994	4067
3064	4068
3936	4069
2403	4070
7536	4071
46	4072
557	4073
2140	4074
3587	4075
4194	4076
7803	4077
3585	4078
7520	4079
8211	4080
6112	4081
8721	4082
8428	4083
1028	4084
1101	4085
3950	4086
1251	4087
7048	4088
3309	4089
7407	4090
7179	4091
301	4092
7882	4093
1135	4094
184	4095
2561	4096
2585	4097
3546	4098
5270	4099
7186	4100
459	4101
2690	4102
1503	4103
429	4104
4765	4105
1093	4106
924	4107
977	4108
799	4109
985	4110
421	4111
411	4112
842	4113
851	4114
3307	4115
426	4116
1010	4117
423	4118
497	4119
9593	4120
2385	4121
4121	4122
5955	4123
1192	4124
9338	4125
9319	4126
307	4127
2583	4128
2989	4129
8554	4130
3582	4131
240	4132
9097	4133
8452	4134
6585	4135
804	4136
8208	4137
4909	4138
8968	4139
9250	4140
6001	4141
6711	4142
3842	4143
2145	4144
5143	4145
5952	4146
7507	4147
7329	4148
1784	4149
5608	4150
1134	4151
5033	4152
5177	4153
660	4154
3406	4155
3959	4156
1004	4157
8492	4158
308	4159
2594	4160
154	4161
5461	4162
5335	4163
7864	4164
8835	4165
5375	4166
5248	4167
8057	4168
1232	4169
7662	4170
7707	4171
1305	4172
9583	4173
2657	4174
4998	4175
5510	4176
4295	4177
5930	4178
7612	4179
8264	4180
100	4181
4725	4182
3847	4183
3712	4184
4876	4185
1633	4186
3861	4187
7648	4188
155	4189
7843	4190
9188	4191
7412	4192
5449	4193
8650	4194
9241	4195
2950	4196
5298	4197
192	4198
4901	4199
3250	4200
1998	4201
7585	4202
1524	4203
3073	4204
3123	4205
6772	4206
992	4207
2834	4208
6355	4209
7014	4210
672	4211
8655	4212
6287	4213
7706	4214
7370	4215
1857	4216
130	4217
3185	4218
5266	4219
3638	4220
6572	4221
8435	4222
3838	4223
4668	4224
6299	4225
3828	4226
8068	4227
3142	4228
6014	4229
6741	4230
469	4231
6015	4232
9020	4233
5293	4234
8523	4235
845	4236
6734	4237
4750	4238
4165	4239
7123	4240
7759	4241
1973	4242
238	4243
8370	4244
3088	4245
9462	4246
1826	4247
9598	4248
7218	4249
2826	4250
9143	4251
5211	4252
7030	4253
8618	4254
7453	4255
3514	4256
304	4257
3153	4258
5856	4259
5663	4260
9502	4261
5466	4262
6791	4263
4456	4264
9331	4265
4561	4266
3486	4267
5037	4268
2536	4269
680	4270
2602	4271
1573	4272
7665	4273
3160	4274
6019	4275
1522	4276
6692	4277
3866	4278
5659	4279
2185	4280
4997	4281
2778	4282
7264	4283
9058	4284
1144	4285
9574	4286
7737	4287
8149	4288
7713	4289
704	4290
6021	4291
1066	4292
5740	4293
1946	4294
8247	4295
1223	4296
9152	4297
4108	4298
5863	4299
7519	4300
5702	4301
17	4302
8559	4303
7804	4304
5218	4305
9199	4306
2860	4307
6007	4308
8121	4309
3772	4310
7033	4311
5912	4312
6022	4313
4368	4314
2979	4315
8219	4316
4818	4317
3947	4318
1318	4319
8037	4320
1967	4321
2701	4322
4174	4323
7447	4324
3975	4325
3797	4326
8309	4327
475	4328
6590	4329
3415	4330
9127	4331
5179	4332
3798	4333
1365	4334
989	4335
6937	4336
6390	4337
5168	4338
1458	4339
2929	4340
2216	4341
3067	4342
4070	4343
649	4344
46	4345
8319	4346
2850	4347
4958	4348
9636	4349
4301	4350
673	4351
4903	4352
2306	4353
215	4354
9588	4355
6549	4356
8117	4357
5870	4358
7458	4359
1852	4360
5275	4361
1224	4362
9018	4363
8466	4364
3675	4365
7690	4366
5549	4367
2049	4368
2227	4369
7147	4370
3300	4371
174	4372
2012	4373
6437	4374
5911	4375
127	4376
8917	4377
2006	4378
3802	4379
8681	4380
2425	4381
2753	4382
1212	4383
6284	4384
4383	4385
1409	4386
3386	4387
76	4388
299	4389
6055	4390
502	4391
2180	4392
6080	4393
6849	4394
6634	4395
1938	4396
2467	4397
6605	4398
3259	4399
9079	4400
2	4401
1618	4402
116	4403
3857	4404
9605	4405
2440	4406
6953	4407
8449	4408
3927	4409
827	4410
5209	4411
1854	4412
3255	4413
7569	4414
5056	4415
384	4416
6438	4417
1607	4418
1119	4419
4661	4420
3479	4421
1053	4422
253	4423
5172	4424
8595	4425
7202	4426
5201	4427
9508	4428
6887	4429
106	4430
4469	4431
4502	4432
5603	4433
5857	4434
1720	4435
275	4436
8774	4437
9157	4438
1575	4439
6411	4440
5513	4441
6675	4442
1417	4443
1189	4444
2001	4445
22	4446
4784	4447
647	4448
8575	4449
4733	4450
6195	4451
9332	4452
6289	4453
1523	4454
3490	4455
7009	4456
4080	4457
352	4458
5981	4459
5230	4460
2842	4461
2104	4462
5065	4463
6787	4464
5396	4465
2073	4466
3905	4467
2064	4468
3202	4469
7631	4470
9584	4471
8417	4472
1173	4473
9128	4474
866	4475
6463	4476
6856	4477
8531	4478
4637	4479
3068	4480
8084	4481
9653	4482
5004	4483
2630	4484
4889	4485
9627	4486
7487	4487
7109	4488
8686	4489
64	4490
7092	4491
1905	4492
9320	4493
3782	4494
6598	4495
3550	4496
6036	4497
3487	4498
243	4499
4886	4500
2946	4501
5750	4502
2442	4503
5614	4504
3727	4505
7969	4506
415	4507
7733	4508
6383	4509
3714	4510
3256	4511
2624	4512
5872	4513
7656	4514
735	4515
244	4516
6700	4517
1420	4518
3174	4519
452	4520
4255	4521
6677	4522
264	4523
9501	4524
6058	4525
916	4526
3627	4527
738	4528
3005	4529
4143	4530
5531	4531
6744	4532
240	4533
3757	4534
7885	4535
8542	4536
181	4537
5700	4538
8609	4539
4611	4540
8168	4541
104	4542
8372	4543
4638	4544
6341	4545
1178	4546
7047	4547
619	4548
2706	4549
4037	4550
4142	4551
2865	4552
6799	4553
6604	4554
4685	4555
8377	4556
8675	4557
5349	4558
4359	4559
4755	4560
56	4561
2851	4562
5643	4563
5542	4564
6417	4565
9077	4566
1048	4567
2612	4568
1793	4569
8050	4570
5329	4571
5539	4572
3350	4573
9424	4574
4705	4575
8839	4576
5629	4577
1194	4578
39	4579
5165	4580
2909	4581
3247	4582
3647	4583
2280	4584
8179	4585
4109	4586
3357	4587
4813	4588
8626	4589
8807	4590
5038	4591
193	4592
6174	4593
243	4594
7746	4595
4355	4596
5578	4597
6052	4598
2523	4599
4027	4600
155	4601
7445	4602
3835	4603
8895	4604
8243	4605
5973	4606
1511	4607
786	4608
4223	4609
2434	4610
6444	4611
9513	4612
5895	4613
560	4614
6260	4615
5816	4616
3199	4617
6546	4618
4273	4619
5048	4620
7927	4621
8169	4622
7876	4623
6078	4624
271	4625
4113	4626
5432	4627
9120	4628
8491	4629
3525	4630
8289	4631
8651	4632
2666	4633
1623	4634
519	4635
295	4636
7614	4637
9065	4638
6769	4639
5732	4640
2190	4641
2168	4642
91	4643
3795	4644
5880	4645
5916	4646
5564	4647
251	4648
2578	4649
4334	4650
5818	4651
201	4652
190	4653
8611	4654
1436	4655
45	4656
6176	4657
5185	4658
4989	4659
6453	4660
2540	4661
6573	4662
3333	4663
1532	4664
2559	4665
1128	4666
7185	4667
9328	4668
5217	4669
2298	4670
3699	4671
3892	4672
1362	4673
2412	4674
3013	4675
8870	4676
590	4677
141	4678
91	4679
1302	4680
6565	4681
1297	4682
2980	4683
135	4684
6	4685
2771	4686
5166	4687
5121	4688
6445	4689
2016	4690
6	4691
9209	4692
111	4693
3389	4694
1075	4695
1096	4696
2113	4697
3414	4698
3945	4699
5463	4700
7597	4701
248	4702
4278	4703
1257	4704
4697	4705
4642	4706
10	4707
1221	4708
1007	4709
8145	4710
4612	4711
239	4712
6402	4713
3895	4714
8039	4715
299	4716
3407	4717
1892	4718
406	4719
1944	4720
8605	4721
7884	4722
6413	4723
8510	4724
3121	4725
6214	4726
6895	4727
8095	4728
7659	4729
8136	4730
2	4731
6472	4732
8397	4733
5369	4734
7441	4735
5250	4736
2673	4737
7094	4738
6378	4739
7627	4740
5769	4741
1209	4742
242	4743
1198	4744
8623	4745
7053	4746
6908	4747
7026	4748
8929	4749
1750	4750
9180	4751
2148	4752
8236	4753
9154	4754
4664	4755
1314	4756
3314	4757
5829	4758
5704	4759
993	4760
5385	4761
199	4762
6145	4763
941	4764
7476	4765
8362	4766
2882	4767
7582	4768
1200	4769
8881	4770
62	4771
1088	4772
5499	4773
9255	4774
8139	4775
6668	4776
7954	4777
7158	4778
3777	4779
5847	4780
4409	4781
4417	4782
3394	4783
2614	4784
431	4785
453	4786
527	4787
7067	4788
3938	4789
4805	4790
5336	4791
3539	4792
6079	4793
4869	4794
3954	4795
291	4796
7531	4797
1278	4798
2808	4799
3531	4800
6256	4801
7907	4802
1099	4803
6379	4804
6983	4805
9081	4806
7854	4807
7322	4808
8028	4809
8438	4810
7151	4811
30	4812
4358	4813
8101	4814
6725	4815
6862	4816
7757	4817
2005	4818
6235	4819
3168	4820
4102	4821
3431	4822
5064	4823
806	4824
5161	4825
8106	4826
1642	4827
4606	4828
5906	4829
143	4830
6081	4831
810	4832
6670	4833
1518	4834
8813	4835
9444	4836
5705	4837
5657	4838
3095	4839
5706	4840
4740	4841
3739	4842
1201	4843
5652	4844
7918	4845
5716	4846
6786	4847
8302	4848
9329	4849
5656	4850
6780	4851
5713	4852
5672	4853
7966	4854
3509	4855
9137	4856
8568	4857
8172	4858
6479	4859
8414	4860
5984	4861
6012	4862
1116	4863
744	4864
1102	4865
874	4866
8511	4867
1389	4868
7070	4869
2295	4870
8260	4871
3873	4872
1541	4873
3724	4874
2854	4875
3384	4876
3129	4877
7792	4878
4762	4879
4292	4880
6130	4881
3001	4882
36	4883
9562	4884
9364	4885
1056	4886
3390	4887
2035	4888
559	4889
5099	4890
4050	4891
1661	4892
8840	4893
3217	4894
3554	4895
1863	4896
7143	4897
4622	4898
471	4899
6027	4900
366	4901
6486	4902
9521	4903
1000	4904
375	4905
2767	4906
756	4907
8424	4908
7394	4909
3015	4910
1655	4911
3035	4912
7426	4913
6008	4914
671	4915
8744	4916
3275	4917
8481	4918
7001	4919
4360	4920
5804	4921
7405	4922
6343	4923
5054	4924
2284	4925
9441	4926
6693	4927
4461	4928
6248	4929
2101	4930
2960	4931
7084	4932
4411	4933
7010	4934
1949	4935
4347	4936
8134	4937
8453	4938
4242	4939
6339	4940
2527	4941
7082	4942
3028	4943
2699	4944
9578	4945
1288	4946
1032	4947
6622	4948
331	4949
7076	4950
6167	4951
1347	4952
131	4953
8991	4954
4639	4955
436	4956
6531	4957
964	4958
3999	4959
3279	4960
4715	4961
1983	4962
4197	4963
7782	4964
1359	4965
6732	4966
4084	4967
1791	4968
622	4969
6242	4970
2431	4971
3705	4972
7347	4973
6999	4974
5213	4975
7306	4976
3900	4977
1860	4978
394	4979
395	4980
4653	4981
5668	4982
137	4983
8763	4984
3191	4985
4090	4986
3597	4987
8628	4988
2260	4989
96	4990
8296	4991
4634	4992
2492	4993
3656	4994
2115	4995
2406	4996
6285	4997
1643	4998
6226	4999
4161	5000
7827	5001
4439	5002
2776	5003
5636	5004
5536	5005
203	5006
6086	5007
350	5008
9378	5009
5109	5010
9564	5011
3694	5012
3893	5013
8051	5014
2300	5015
1825	5016
224	5017
725	5018
8271	5019
3704	5020
8036	5021
31	5022
5297	5023
7465	5024
5380	5025
9022	5026
2533	5027
7326	5028
3659	5029
83	5030
182	5031
319	5032
6948	5033
5891	5034
4744	5035
5824	5036
3383	5037
5116	5038
7382	5039
2680	5040
2840	5041
5035	5042
9111	5043
6134	5044
6381	5045
390	5046
483	5047
1437	5048
7586	5049
4001	5050
3046	5051
1959	5052
1021	5053
9381	5054
5763	5055
410	5056
1346	5057
2108	5058
9373	5059
297	5060
801	5061
4560	5062
6654	5063
25	5064
4721	5065
9043	5066
4776	5067
4912	5068
8112	5069
5342	5070
5960	5071
7168	5072
4972	5073
3790	5074
4029	5075
967	5076
151	5077
2459	5078
3576	5079
1342	5080
5093	5081
7593	5082
3050	5083
7881	5084
1296	5085
681	5086
1228	5087
2471	5088
358	5089
6768	5090
7056	5091
5399	5092
3224	5093
6951	5094
668	5095
8620	5096
614	5097
604	5098
3471	5099
5241	5100
9121	5101
3498	5102
873	5103
1846	5104
5950	5105
4754	5106
478	5107
5489	5108
8724	5109
9471	5110
2899	5111
908	5112
9489	5113
1233	5114
5876	5115
4895	5116
2592	5117
3620	5118
2934	5119
954	5120
8339	5121
7524	5122
2438	5123
4514	5124
4782	5125
5084	5126
5389	5127
1319	5128
271	5129
8124	5130
2062	5131
4276	5132
3862	5133
3634	5134
2987	5135
106	5136
8482	5137
5967	5138
9566	5139
789	5140
3678	5141
5429	5142
5110	5143
6915	5144
5675	5145
8045	5146
3885	5147
5034	5148
7022	5149
6958	5150
1057	5151
4391	5152
4739	5153
7281	5154
7904	5155
8958	5156
1009	5157
4019	5158
6457	5159
7452	5160
8738	5161
1117	5162
5694	5163
82	5164
5815	5165
8495	5166
1176	5167
5216	5168
20	5169
4089	5170
2124	5171
6854	5172
6655	5173
4724	5174
3881	5175
8758	5176
5854	5177
6949	5178
7002	5179
7413	5180
723	5181
6345	5182
3192	5183
2963	5184
3990	5185
4853	5186
4524	5187
4053	5188
7097	5189
6797	5190
1700	5191
9541	5192
7433	5193
3104	5194
7825	5195
1172	5196
6462	5197
885	5198
1003	5199
2323	5200
5924	5201
5032	5202
1499	5203
3748	5204
8666	5205
1748	5206
2256	5207
6785	5208
6740	5209
1682	5210
1300	5211
7139	5212
9615	5213
6018	5214
2189	5215
6244	5216
984	5217
8016	5218
8607	5219
8227	5220
6781	5221
6504	5222
3137	5223
1	5224
4817	5225
2985	5226
683	5227
6811	5228
5081	5229
6555	5230
5913	5231
8615	5232
4380	5233
154	5234
1217	5235
9493	5236
7887	5237
5158	5238
8602	5239
6292	5240
211	5241
1404	5242
1695	5243
7262	5244
5144	5245
4155	5246
601	5247
6966	5248
8529	5249
6731	5250
5717	5251
6583	5252
4807	5253
8903	5254
4006	5255
2923	5256
248	5257
7216	5258
7530	5259
1351	5260
4300	5261
1073	5262
2026	5263
2849	5264
230	5265
5648	5266
3077	5267
1157	5268
5346	5269
1666	5270
8190	5271
5496	5272
6194	5273
2663	5274
3961	5275
8212	5276
599	5277
6817	5278
8182	5279
3444	5280
2738	5281
6309	5282
5820	5283
6827	5284
7141	5285
5963	5286
3601	5287
1031	5288
467	5289
3858	5290
1820	5291
371	5292
997	5293
631	5294
4241	5295
4780	5296
9112	5297
7869	5298
9012	5299
3763	5300
9057	5301
2209	5302
3459	5303
8022	5304
846	5305
2333	5306
3653	5307
4180	5308
8184	5309
6054	5310
1701	5311
8423	5312
6199	5313
337	5314
5176	5315
3475	5316
7334	5317
304	5318
1118	5319
6592	5320
4060	5321
186	5322
6834	5323
518	5324
1653	5325
3978	5326
1170	5327
3273	5328
9249	5329
3702	5330
3060	5331
8041	5332
510	5333
7224	5334
4335	5335
2877	5336
1002	5337
5761	5338
5490	5339
9035	5340
9440	5341
8366	5342
7525	5343
8076	5344
105	5345
1475	5346
7852	5347
3823	5348
1171	5349
8364	5350
9032	5351
4926	5352
8505	5353
2229	5354
7120	5355
6317	5356
79	5357
3918	5358
5635	5359
2677	5360
8809	5361
3024	5362
646	5363
3063	5364
836	5365
3048	5366
5445	5367
632	5368
5584	5369
3286	5370
4481	5371
5822	5372
6250	5373
4385	5374
447	5375
4537	5376
3770	5377
4948	5378
7038	5379
2387	5380
3477	5381
523	5382
7694	5383
5803	5384
4851	5385
4386	5386
4792	5387
6404	5388
6114	5389
6236	5390
1123	5391
3206	5392
6488	5393
3322	5394
108	5395
6906	5396
7278	5397
633	5398
8288	5399
3889	5400
6927	5401
2339	5402
7227	5403
2342	5404
7379	5405
2497	5406
8537	5407
1091	5408
1471	5409
4361	5410
2821	5411
5660	5412
3494	5413
8306	5414
6819	5415
1426	5416
5594	5417
3183	5418
5487	5419
6664	5420
84	5421
461	5422
8589	5423
5247	5424
2740	5425
7087	5426
8147	5427
1979	5428
3750	5429
5460	5430
6313	5431
8161	5432
3237	5433
2653	5434
3745	5435
7078	5436
2315	5437
7568	5438
988	5439
9559	5440
1390	5441
160	5442
6097	5443
3512	5444
7902	5445
1919	5446
1809	5447
2055	5448
4825	5449
2971	5450
9611	5451
8669	5452
4168	5453
7052	5454
1937	5455
169	5456
6626	5457
8927	5458
5831	5459
2466	5460
206	5461
4547	5462
8040	5463
2358	5464
8940	5465
5587	5466
148	5467
8485	5468
3262	5469
1634	5470
4956	5471
2109	5472
2895	5473
4951	5474
7818	5475
1440	5476
8071	5477
2697	5478
1401	5479
279	5480
8459	5481
7591	5482
6755	5483
3243	5484
4123	5485
8632	5486
6109	5487
4666	5488
6064	5489
1253	5490
3589	5491
16	5492
9413	5493
1180	5494
291	5495
1286	5496
6273	5497
7207	5498
7310	5499
159	5500
6278	5501
3615	5502
2094	5503
905	5504
8806	5505
2235	5506
3607	5507
2830	5508
2685	5509
7512	5510
147	5511
4317	5512
7513	5513
807	5514
8175	5515
9186	5516
6166	5517
713	5518
5516	5519
8502	5520
6122	5521
3094	5522
4806	5523
247	5524
9465	5525
8226	5526
201	5527
1340	5528
9260	5529
3982	5530
1446	5531
5838	5532
4735	5533
52	5534
2731	5535
9404	5536
6614	5537
2662	5538
6528	5539
6190	5540
8329	5541
1651	5542
5555	5543
1287	5544
20	5545
2898	5546
7700	5547
6644	5548
7138	5549
7006	5550
6961	5551
9294	5552
6568	5553
3779	5554
4047	5555
389	5556
1014	5557
6143	5558
282	5559
6879	5560
911	5561
5734	5562
8340	5563
4583	5564
8904	5565
5419	5566
6029	5567
6198	5568
4225	5569
1489	5570
5183	5571
4231	5572
4888	5573
2861	5574
3098	5575
3485	5576
383	5577
2413	5578
6419	5579
9617	5580
7811	5581
7835	5582
8629	5583
6886	5584
7086	5585
1995	5586
314	5587
3703	5588
749	5589
8680	5590
3551	5591
3689	5592
2713	5593
3305	5594
6658	5595
8715	5596
5482	5597
855	5598
1366	5599
2304	5600
2321	5601
4640	5602
4146	5603
2194	5604
765	5605
7371	5606
6208	5607
5244	5608
5570	5609
7741	5610
4171	5611
2241	5612
4974	5613
2843	5614
856	5615
2649	5616
4699	5617
3690	5618
2125	5619
2099	5620
4696	5621
7089	5622
7313	5623
6536	5624
4527	5625
3538	5626
5979	5627
287	5628
5254	5629
7074	5630
1593	5631
3660	5632
279	5633
4244	5634
65	5635
6588	5636
182	5637
7790	5638
3921	5639
6102	5640
470	5641
7315	5642
6742	5643
5282	5644
4789	5645
368	5646
1956	5647
5444	5648
1861	5649
4623	5650
4870	5651
223	5652
6564	5653
7784	5654
4429	5655
246	5656
7717	5657
3570	5658
3908	5659
1840	5660
675	5661
1974	5662
170	5663
3717	5664
5868	5665
8660	5666
6639	5667
416	5668
562	5669
6704	5670
5923	5671
4554	5672
4650	5673
3955	5674
7505	5675
3006	5676
733	5677
7036	5678
1373	5679
6099	5680
7740	5681
1763	5682
9313	5683
6776	5684
7664	5685
8345	5686
6747	5687
4569	5688
7775	5689
6870	5690
3602	5691
5026	5692
7559	5693
1424	5694
8933	5695
3609	5696
293	5697
5345	5698
3529	5699
8467	5700
777	5701
8380	5702
8434	5703
139	5704
2897	5705
6917	5706
9333	5707
5650	5708
9269	5709
8498	5710
936	5711
7763	5712
6620	5713
2781	5714
42	5715
4362	5716
1354	5717
4706	5718
6186	5719
4338	5720
3545	5721
8547	5722
3031	5723
2887	5724
5170	5725
8894	5726
995	5727
583	5728
7170	5729
9010	5730
5548	5731
572	5732
7877	5733
7486	5734
455	5735
2085	5736
4855	5737
4708	5738
2853	5739
4528	5740
8584	5741
3214	5742
7584	5743
769	5744
2604	5745
9239	5746
3108	5747
5770	5748
8946	5749
171	5750
3746	5751
4918	5752
7246	5753
60	5754
772	5755
8572	5756
8318	5757
4954	5758
7360	5759
5316	5760
666	5761
1736	5762
5383	5763
5853	5764
9011	5765
5086	5766
6473	5767
814	5768
6139	5769
50	5770
2015	5771
1737	5772
4795	5773
7544	5774
1245	5775
3458	5776
3047	5777
113	5778
6184	5779
8868	5780
8290	5781
8111	5782
3312	5783
1971	5784
6662	5785
7442	5786
4094	5787
3853	5788
2600	5789
4993	5790
5975	5791
7007	5792
781	5793
3520	5794
865	5795
1572	5796
5519	5797
1930	5798
7594	5799
1427	5800
1757	5801
1729	5802
4051	5803
520	5804
3781	5805
9166	5806
9408	5807
2336	5808
1166	5809
3507	5810
272	5811
5239	5812
4775	5813
3564	5814
8513	5815
7532	5816
9161	5817
4497	5818
1065	5819
5095	5820
8600	5821
9156	5822
7437	5823
3373	5824
1145	5825
4618	5826
8735	5827
1122	5828
1663	5829
215	5830
1309	5831
6201	5832
9167	5833
4200	5834
1579	5835
3707	5836
9382	5837
1920	5838
2683	5839
5494	5840
2400	5841
9628	5842
5041	5843
889	5844
4968	5845
2047	5846
7921	5847
2231	5848
3775	5849
9052	5850
6087	5851
585	5852
3616	5853
7377	5854
5073	5855
1133	5856
5263	5857
3877	5858
1823	5859
8907	5860
3522	5861
8130	5862
2139	5863
1830	5864
5157	5865
6992	5866
5605	5867
4797	5868
5318	5869
4516	5870
782	5871
8790	5872
8830	5873
7924	5874
5422	5875
5486	5876
5860	5877
8753	5878
3220	5879
226	5880
550	5881
4573	5882
8771	5883
9470	5884
2421	5885
7817	5886
3299	5887
4444	5888
8199	5889
2066	5890
4144	5891
7929	5892
760	5893
3789	5894
9203	5895
6905	5896
3143	5897
2469	5898
1515	5899
1844	5900
6481	5901
3395	5902
1313	5903
6412	5904
8237	5905
4675	5906
3662	5907
636	5908
276	5909
9630	5910
1660	5911
1072	5912
8504	5913
1562	5914
3413	5915
1050	5916
3194	5917
7157	5918
2900	5919
2807	5920
1460	5921
8971	5922
6227	5923
6464	5924
5356	5925
5745	5926
2348	5927
8902	5928
7676	5929
8023	5930
442	5931
9105	5932
942	5933
4965	5934
8891	5935
4353	5936
1447	5937
1478	5938
3079	5939
6882	5940
7208	5941
115	5942
1260	5943
4546	5944
6562	5945
9484	5946
6719	5947
438	5948
5464	5949
9084	5950
6603	5951
8110	5952
8913	5953
651	5954
9212	5955
3624	5956
2332	5957
938	5958
994	5959
1051	5960
4770	5961
2568	5962
9044	5963
353	5964
5944	5965
8075	5966
1199	5967
104	5968
5811	5969
894	5970
939	5971
1272	5972
3266	5973
3149	5974
7459	5975
831	5976
6149	5977
8473	5978
3472	5979
4384	5980
4753	5981
3679	5982
4388	5983
377	5984
8973	5985
2809	5986
2943	5987
7995	5988
4253	5989
8711	5990
2292	5991
7369	5992
7406	5993
4188	5994
8564	5995
4261	5996
2281	5997
4290	5998
2058	5999
6821	6000
1885	6001
3773	6002
1753	6003
5402	6004
4257	6005
9242	6006
5420	6007
480	6008
484	6009
485	6010
8461	6011
20	6012
7955	6013
8281	6014
6890	6015
4243	6016
3449	6017
6851	6018
8810	6019
281	6020
7926	6021
8486	6022
150	6023
4966	6024
6288	6025
3937	6026
2096	6027
5773	6028
7121	6029
9067	6030
1203	6031
8530	6032
2327	6033
9480	6034
1081	6035
6995	6036
5160	6037
529	6038
7122	6039
9225	6040
12	6041
132	6042
265	6043
9371	6044
8667	6045
6034	6046
4465	6047
6031	6048
8049	6049
8341	6050
6466	6051
6884	6052
8540	6053
7153	6054
3493	6055
92	6056
8649	6057
8087	6058
7470	6059
3215	6060
5310	6061
7477	6062
5082	6063
7830	6064
7438	6065
9602	6066
4076	6067
8412	6068
6234	6069
283	6070
5124	6071
2119	6072
9592	6073
4689	6074
3055	6075
5136	6076
5688	6077
5406	6078
4228	6079
7245	6080
4336	6081
73	6082
8955	6083
5117	6084
628	6085
952	6086
870	6087
6784	6088
5801	6089
2915	6090
6465	6091
4796	6092
9286	6093
5207	6094
7166	6095
2495	6096
9299	6097
9031	6098
3974	6099
1771	6100
9641	6101
1754	6102
1411	6103
8582	6104
2098	6105
6098	6106
3119	6107
6853	6108
4127	6109
2173	6110
3281	6111
3995	6112
6539	6113
3283	6114
7562	6115
2025	6116
7808	6117
58	6118
7183	6119
7671	6120
5780	6121
4793	6122
639	6123
1928	6124
589	6125
4947	6126
5658	6127
153	6128
6323	6129
3799	6130
4169	6131
4645	6132
1132	6133
5630	6134
6765	6135
9278	6136
6490	6137
2787	6138
9113	6139
2806	6140
4975	6141
7896	6142
7195	6143
309	6144
1587	6145
37	6146
6431	6147
2932	6148
2463	6149
5685	6150
8594	6151
8769	6152
391	6153
7879	6154
8015	6155
4288	6156
9459	6157
960	6158
282	6159
1984	6160
1095	6161
93	6162
717	6163
209	6164
7410	6165
8694	6166
923	6167
5040	6168
1807	6169
5119	6170
3310	6171
3114	6172
6280	6173
4216	6174
4591	6175
5098	6176
5127	6177
7361	6178
8291	6179
4812	6180
7303	6181
2037	6182
9063	6183
1966	6184
1040	6185
828	6186
214	6187
9268	6188
6880	6189
5708	6190
9614	6191
5747	6192
8293	6193
7474	6194
4069	6195
3027	6196
2597	6197
8197	6198
6998	6199
2984	6200
5294	6201
7483	6202
5918	6203
275	6204
2679	6205
400	6206
8373	6207
287	6208
3981	6209
787	6210
579	6211
2468	6212
7041	6213
9363	6214
2183	6215
372	6216
4196	6217
8191	6218
3501	6219
3086	6220
9210	6221
6716	6222
2708	6223
8887	6224
7299	6225
493	6226
7251	6227
2566	6228
5851	6229
5990	6230
2904	6231
6215	6232
3249	6233
3445	6234
2404	6235
1582	6236
4621	6237
4172	6238
3030	6239
9289	6240
8700	6241
2100	6242
7257	6243
1649	6244
8174	6245
3111	6246
4590	6247
178	6248
1355	6249
3883	6250
6525	6251
2250	6252
4043	6253
9061	6254
3138	6255
57	6256
3967	6257
9431	6258
8458	6259
6104	6260
4475	6261
1049	6262
9291	6263
1887	6264
5764	6265
5186	6266
84	6267
4558	6268
7427	6269
8950	6270
8570	6271
1756	6272
5670	6273
2239	6274
694	6275
160	6276
9499	6277
8113	6278
5204	6279
9353	6280
1136	6281
8962	6282
2748	6283
277	6284
362	6285
5043	6286
5507	6287
8024	6288
2687	6289
3080	6290
142	6291
6724	6292
5255	6293
610	6294
6455	6295
6264	6296
7156	6297
5842	6298
4722	6299
5600	6300
235	6301
5642	6302
2021	6303
2473	6304
3979	6305
3958	6306
5221	6307
4860	6308
2191	6309
2879	6310
8131	6311
6803	6312
663	6313
8443	6314
8613	6315
9232	6316
3272	6317
4613	6318
1991	6319
1711	6320
295	6321
7600	6322
2725	6323
6045	6324
9580	6325
859	6326
6196	6327
86	6328
1709	6329
1881	6330
7991	6331
8426	6332
2990	6333
3917	6334
4157	6335
9246	6336
8999	6337
7068	6338
2511	6339
2261	6340
1589	6341
3911	6342
7273	6343
3085	6344
4774	6345
8900	6346
5479	6347
5992	6348
4	6349
8676	6350
1385	6351
2696	6352
8760	6353
6430	6354
6334	6355
655	6356
2232	6357
2746	6358
7355	6359
5202	6360
7275	6361
5525	6362
3430	6363
3915	6364
5249	6365
7297	6366
5690	6367
8757	6368
3380	6369
7	6370
1751	6371
7214	6372
3926	6373
3290	6374
3723	6375
3308	6376
3737	6377
2576	6378
1479	6379
3127	6380
2654	6381
42	6382
157	6383
5436	6384
4759	6385
861	6386
8678	6387
2970	6388
8708	6389
3400	6390
6798	6391
8003	6392
28	6393
9155	6394
3097	6395
9293	6396
2373	6397
9091	6398
5783	6399
4122	6400
1193	6401
7250	6402
7325	6403
4434	6404
254	6405
3914	6406
9114	6407
6085	6408
8210	6409
5666	6410
1352	6411
8439	6412
117	6413
2953	6414
3594	6415
5807	6416
2780	6417
35	6418
1381	6419
5710	6420
4492	6421
718	6422
1987	6423
5989	6424
3931	6425
3492	6426
220	6427
9164	6428
6630	6429
7017	6430
1819	6431
249	6432
2317	6433
2489	6434
1422	6435
2652	6436
9426	6437
745	6438
2458	6439
5994	6440
5728	6441
4348	6442
8892	6443
6427	6444
826	6445
1538	6446
6943	6447
1451	6448
3701	6449
3327	6450
6067	6451
1821	6452
7419	6453
2967	6454
6447	6455
7415	6456
5118	6457
8507	6458
346	6459
2269	6460
3923	6461
8796	6462
2622	6463
7928	6464
1668	6465
7024	6466
202	6467
4221	6468
4365	6469
3159	6470
3517	6471
1560	6472
5357	6473
3547	6474
2703	6475
574	6476
1374	6477
1557	6478
14	6479
8578	6480
3985	6481
6936	6482
6360	6483
2097	6484
8403	6485
1738	6486
5977	6487
5699	6488
6333	6489
246	6490
75	6491
2804	6492
8276	6493
3677	6494
3674	6495
1393	6496
4033	6497
8465	6498
791	6499
7134	6500
2959	6501
55	6502
9649	6503
4786	6504
1070	6505
163	6506
835	6507
1537	6508
3840	6509
3319	6510
1933	6511
8880	6512
2162	6513
8489	6514
8317	6515
7578	6516
4485	6517
9007	6518
3348	6519
80	6520
1410	6521
3766	6522
2504	6523
6111	6524
2610	6525
3658	6526
247	6527
3	6528
4574	6529
6638	6530
7050	6531
5530	6532
44	6533
4393	6534
6900	6535
6290	6536
8218	6537
6535	6538
7402	6539
2133	6540
2446	6541
2288	6542
8323	6543
16	6544
7213	6545
4446	6546
9075	6547
6050	6548
3994	6549
7099	6550
4915	6551
1445	6552
9522	6553
6180	6554
4967	6555
2885	6556
4045	6557
2570	6558
3278	6559
9658	6560
2176	6561
4525	6562
3980	6563
7146	6564
1421	6565
277	6566
6101	6567
2744	6568
23	6569
405	6570
6448	6571
530	6572
2620	6573
4433	6574
2120	6575
1554	6576
4518	6577
4238	6578
35	6579
7780	6580
618	6581
8545	6582
3040	6583
8238	6584
6246	6585
5108	6586
6128	6587
3093	6588
4552	6589
2075	6590
1916	6591
5011	6592
8097	6593
6815	6594
4804	6595
6721	6596
6352	6597
7745	6598
9129	6599
721	6600
9543	6601
1027	6602
7947	6603
4282	6604
5772	6605
5379	6606
3984	6607
2228	6608
317	6609
5962	6610
6663	6611
2919	6612
6897	6613
4836	6614
1631	6615
7288	6616
3188	6617
5334	6618
1434	6619
1184	6620
8310	6621
5338	6622
2479	6623
63	6624
8096	6625
1413	6626
3868	6627
2702	6628
8562	6629
5327	6630
5835	6631
8844	6632
6350	6633
1685	6634
736	6635
8038	6636
4203	6637
7091	6638
6509	6639
6265	6640
2582	6641
876	6642
2589	6643
838	6644
8965	6645
8823	6646
3446	6647
9428	6648
4349	6649
3826	6650
7702	6651
7842	6652
1727	6653
2956	6654
339	6655
7304	6656
102	6657
2759	6658
7324	6659
9059	6660
2531	6661
3661	6662
4337	6663
5395	6664
7392	6665
965	6666
7484	6667
1675	6668
7590	6669
6177	6670
818	6671
7368	6672
8898	6673
4643	6674
1015	6675
2510	6676
2141	6677
7440	6678
5016	6679
4327	6680
7135	6681
115	6682
9587	6683
2969	6684
1343	6685
9159	6686
3070	6687
7175	6688
3879	6689
3719	6690
825	6691
1485	6692
1151	6693
3535	6694
3230	6695
5572	6696
9080	6697
1370	6698
2107	6699
5442	6700
101	6701
8171	6702
3264	6703
9534	6704
3611	6705
7279	6706
5827	6707
6263	6708
2061	6709
8429	6710
3288	6711
5105	6712
6820	6713
1480	6714
1190	6715
3457	6716
4422	6717
2083	6718
5719	6719
8563	6720
5457	6721
3816	6722
9486	6723
8368	6724
7566	6725
1569	6726
5580	6727
2380	6728
7965	6729
4832	6730
498	6731
3370	6732
5060	6733
1419	6734
4581	6735
150	6736
7468	6737
800	6738
968	6739
4416	6740
5289	6741
6253	6742
8206	6743
9274	6744
1948	6745
6708	6746
3375	6747
4673	6748
214	6749
7996	6750
6153	6751
2360	6752
2069	6753
100	6754
9196	6755
9066	6756
8939	6757
7057	6758
3654	6759
9359	6760
2192	6761
8382	6762
1764	6763
6066	6764
8964	6765
5428	6766
4540	6767
2798	6768
8062	6769
6651	6770
3934	6771
5647	6772
8996	6773
3480	6774
60	6775
5653	6776
6871	6777
3421	6778
5020	6779
132	6780
4205	6781
8695	6782
7499	6783
7396	6784
1254	6785
953	6786
5010	6787
3555	6788
9046	6789
9597	6790
6356	6791
4247	6792
5441	6793
2452	6794
252	6795
5776	6796
3688	6797
9170	6798
3210	6799
4964	6800
4432	6801
2862	6802
1469	6803
2603	6804
8934	6805
5586	6806
1654	6807
6763	6808
6157	6809
4894	6810
1089	6811
1874	6812
8984	6813
7217	6814
3321	6815
138	6816
2308	6817
4379	6818
9479	6819
6516	6820
9068	6821
2519	6822
5591	6823
2022	6824
1553	6825
7188	6826
5825	6827
8899	6828
5256	6829
4413	6830
5376	6831
1165	6832
1497	6833
3819	6834
8164	6835
6929	6836
8127	6837
3943	6838
5362	6839
6893	6840
2786	6841
7077	6842
2855	6843
4694	6844
1871	6845
9434	6846
2110	6847
440	6848
1488	6849
5125	6850
8063	6851
8107	6852
8093	6853
5595	6854
508	6855
946	6856
6291	6857
7660	6858
6832	6859
5366	6860
2247	6861
4624	6862
3178	6863
7655	6864
7557	6865
6718	6866
3360	6867
4734	6868
2118	6869
6484	6870
32	6871
9610	6872
7735	6873
2664	6874
5003	6875
1767	6876
1610	6877
6533	6878
4177	6879
7550	6880
33	6881
4887	6882
8035	6883
2770	6884
9469	6885
5416	6886
2871	6887
120	6888
5071	6889
8636	6890
2078	6891
2728	6892
7701	6893
7526	6894
5296	6895
4916	6896
227	6897
9280	6898
4059	6899
9290	6900
7260	6901
6824	6902
3742	6903
4509	6904
4672	6905
5481	6906
5758	6907
2528	6908
4107	6909
449	6910
1888	6911
9403	6912
2330	6913
7726	6914
2524	6915
7744	6916
7771	6917
6566	6918
7159	6919
1516	6920
1369	6921
3970	6922
6138	6923
5017	6924
3377	6925
4919	6926
9551	6927
9281	6928
7464	6929
3032	6930
4119	6931
7256	6932
2427	6933
7012	6934
5363	6935
2930	6936
6076	6937
3464	6938
1513	6939
6044	6940
1665	6941
1800	6942
9518	6943
373	6944
657	6945
4131	6946
5450	6947
4000	6948
1671	6949
7939	6950
7203	6951
177	6952
1576	6953
6967	6954
8619	6955
4331	6956
9102	6957
6686	6958
8269	6959
7682	6960
4936	6961
1705	6962
5920	6963
2530	6964
1391	6965
5974	6966
3271	6967
7081	6968
4630	6969
6924	6970
1103	6971
9176	6972
7263	6973
2122	6974
4064	6975
7899	6976
9586	6977
748	6978
9049	6979
8906	6980
8883	6981
7248	6982
6403	6983
9483	6984
7127	6985
9656	6986
2863	6987
4845	6988
5272	6989
9150	6990
664	6991
1818	6992
1603	6993
6945	6994
5140	6995
613	6996
6641	6997
8654	6998
3668	6999
7261	7000
8648	7001
4322	7002
6764	7003
8079	7004
3902	7005
6238	7006
2462	7007
3434	7008
1327	7009
9520	7010
5785	7011
6973	7012
10	7013
4034	7014
2397	7015
3232	7016
3630	7017
4284	7018
6452	7019
7848	7020
3657	7021
5	7022
7551	7023
7898	7024
6441	7025
7359	7026
5597	7027
729	7028
8274	7029
378	7030
676	7031
8392	7032
8298	7033
55	7034
305	7035
2405	7036
3977	7037
8499	7038
2274	7039
7269	7040
8166	7041
669	7042
2379	7043
7209	7044
5537	7045
5229	7046
5276	7047
142	7048
2499	7049
6399	7050
6720	7051
5180	7052
9629	7053
5932	7054
9360	7055
9204	7056
9340	7057
4425	7058
152	7059
8159	7060
6487	7061
341	7062
959	7063
871	7064
2457	7065
7657	7066
5888	7067
496	7068
648	7069
4538	7070
3195	7071
699	7072
9517	7073
1457	7074
8092	7075
7295	7076
5352	7077
6939	7078
1337	7079
5025	7080
8729	7081
9410	7082
2689	7083
4110	7084
6178	7085
5324	7086
9337	7087
5599	7088
3401	7089
7722	7090
4731	7091
1691	7092
249	7093
9455	7094
6684	7095
9141	7096
3189	7097
19	7098
8085	7099
6115	7100
6703	7101
21	7102
7602	7103
81	7104
5615	7105
6232	7106
3010	7107
9259	7108
7137	7109
75	7110
2195	7111
3253	7112
8571	7113
2484	7114
3708	7115
5452	7116
7863	7117
9351	7118
7974	7119
9395	7120
9237	7121
2757	7122
6017	7123
513	7124
4206	7125
1755	7126
4405	7127
7837	7128
1395	7129
207	7130
8709	7131
7592	7132
5812	7133
9256	7134
9135	7135
8353	7136
6767	7137
257	7138
4451	7139
6491	7140
9560	7141
2233	7142
3824	7143
2598	7144
4840	7145
7681	7146
7853	7147
8488	7148
9453	7149
1772	7150
4844	7151
6005	7152
8544	7153
5446	7154
1142	7155
7463	7156
1785	7157
8	7158
6735	7159
310	7160
2639	7161
2177	7162
7663	7163
8727	7164
3374	7165
2660	7166
2335	7167
9417	7168
2179	7169
8811	7170
5809	7171
6527	7172
6200	7173
7581	7174
2181	7175
4654	7176
686	7177
5274	7178
4364	7179
5347	7180
7856	7181
3987	7182
2505	7183
2009	7184
6736	7185
4346	7186
3577	7187
809	7188
1816	7189
9190	7190
9037	7191
8925	7192
191	7193
7160	7194
4539	7195
7108	7196
4978	7197
7330	7198
7683	7199
8919	7200
7642	7201
1310	7202
9581	7203
3755	7204
9644	7205
7171	7206
3989	7207
2494	7208
4979	7209
3553	7210
9590	7211
2416	7212
41	7213
6968	7214
8787	7215
4473	7216
6904	7217
2665	7218
501	7219
7686	7220
2208	7221
1630	7222
4769	7223
6837	7224
8565	7225
7623	7226
7641	7227
4529	7228
9267	7229
6395	7230
4408	7231
9618	7232
3695	7233
1535	7234
3928	7235
174	7236
1408	7237
3849	7238
7816	7239
3540	7240
4222	7241
3301	7242
3916	7243
162	7244
7390	7245
7058	7246
1873	7247
931	7248
6094	7249
231	7250
231	7251
2933	7252
5682	7253
6371	7254
224	7255
689	7256
4732	7257
6428	7258
9369	7259
3337	7260
9435	7261
6349	7262
6804	7263
4565	7264
6775	7265
8163	7266
7542	7267
4158	7268
7679	7269
8935	7270
1077	7271
8701	7272
9365	7273
788	7274
7748	7275
4794	7276
6635	7277
6440	7278
8997	7279
5649	7280
3813	7281
7020	7282
4973	7283
4827	7284
2464	7285
5665	7286
6869	7287
3572	7288
1768	7289
584	7290
8073	7291
8534	7292
9261	7293
4020	7294
3151	7295
8411	7296
6454	7297
6679	7298
5980	7299
3574	7300
1140	7301
2805	7302
2742	7303
5300	7304
4397	7305
3495	7306
2154	7307
573	7308
8664	7309
6810	7310
1507	7311
8522	7312
2766	7313
3181	7314
4687	7315
173	7316
7488	7317
3965	7318
2686	7319
7340	7320
8969	7321
4873	7322
4130	7323
1202	7324
3527	7325
2525	7326
6613	7327
8556	7328
5884	7329
2572	7330
609	7331
30	7332
3596	7333
8067	7334
7815	7335
1453	7336
3200	7337
5078	7338
34	7339
8506	7340
1777	7341
7598	7342
4747	7343
268	7344
5023	7345
8278	7346
4126	7347
4995	7348
5505	7349
1976	7350
94	7351
1856	7352
4095	7353
2912	7354
5512	7355
3856	7356
5062	7357
9639	7358
5409	7359
1834	7360
5559	7361
4066	7362
4275	7363
3186	7364
8463	7365
5873	7366
7504	7367
2936	7368
4861	7369
1258	7370
3071	7371
7309	7372
3612	7373
2574	7374
2975	7375
3489	7376
1268	7377
3368	7378
4831	7379
9420	7380
398	7381
385	7382
3622	7383
937	7384
2072	7385
587	7386
4867	7387
1063	7388
198	7389
2795	7390
8741	7391
8808	7392
4584	7393
7485	7394
8251	7395
880	7396
6170	7397
7715	7398
7230	7399
2723	7400
7015	7401
3919	7402
1161	7403
4990	7404
7866	7405
9122	7406
3277	7407
7716	7408
6478	7409
8235	7410
9314	7411
625	7412
4224	7413
1046	7414
7154	7415
141	7416
2355	7417
2994	7418
7778	7419
6790	7420
2436	7421
8055	7422
6418	7423
7752	7424
4803	7425
1667	7426
8536	7427
650	7428
70	7429
7350	7430
5806	7431
8978	7432
5893	7433
8751	7434
1121	7435
7588	7436
9344	7437
285	7438
3642	7439
1147	7440
9138	7441
8673	7442
6361	7443
8551	7444
71	7445
6522	7446
1845	7447
5622	7448
6847	7449
6745	7450
6950	7451
5325	7452
8312	7453
2793	7454
21	7455
5899	7456
8052	7457
3544	7458
5240	7459
336	7460
7232	7461
2747	7462
4010	7463
6387	7464
1534	7465
1205	7466
4483	7467
2870	7468
8767	7469
3428	7470
1266	7471
534	7472
9240	7473
3669	7474
2916	7475
9537	7476
5515	7477
7366	7478
4830	7479
1246	7480
1335	7481
4710	7482
456	7483
3731	7484
2694	7485
8378	7486
6805	7487
6547	7488
3864	7489
298	7490
4036	7491
626	7492
3912	7493
3041	7494
6247	7495
6946	7496
4982	7497
6206	7498
7114	7499
69	7500
1909	7501
2161	7502
1632	7503
1978	7504
4924	7505
6833	7506
5971	7507
7035	7508
4072	7509
6524	7510
6117	7511
4421	7512
7104	7513
5864	7514
4798	7515
1341	7516
7732	7517
7736	7518
1963	7519
7019	7520
8152	7521
8776	7522
4415	7523
7296	7524
9341	7525
5264	7526
7978	7527
402	7528
9616	7529
4960	7530
9026	7531
57	7532
4644	7533
7270	7534
5072	7535
9038	7536
15	7537
9021	7538
687	7539
9126	7540
2922	7541
97	7542
2272	7543
919	7544
6609	7545
531	7546
6844	7547
847	7548
9099	7549
8010	7550
3722	7551
7150	7552
8335	7553
7061	7554
2983	7555
1363	7556
3074	7557
2948	7558
3670	7559
5760	7560
3133	7561
9248	7562
4176	7563
4474	7564
7603	7565
5426	7566
111	7567
4166	7568
8275	7569
451	7570
7868	7571
7711	7572
5417	7573
5009	7574
7180	7575
6002	7576
3913	7577
6892	7578
4464	7579
6439	7580
4423	7581
8520	7582
4198	7583
7945	7584
1577	7585
6353	7586
2182	7587
9254	7588
1551	7589
3069	7590
978	7591
2765	7592
4201	7593
8142	7594
4589	7595
9306	7596
3720	7597
6554	7598
2824	7599
6507	7600
3940	7601
6556	7602
8920	7603
187	7604
6857	7605
684	7606
4691	7607
7197	7608
4202	7609
2514	7610
6774	7611
9463	7612
4377	7613
5393	7614
7090	7615
6503	7616
4406	7617
5588	7618
8691	7619
6276	7620
5364	7621
8327	7622
344	7623
1058	7624
7626	7625
5465	7626
6713	7627
6146	7628
3393	7629
6126	7630
505	7631
2399	7632
6046	7633
2847	7634
4086	7635
109	7636
6187	7637
8151	7638
281	7639
126	7640
4011	7641
2350	7642
5103	7643
9553	7644
2814	7645
4508	7646
1495	7647
4061	7648
1566	7649
367	7650
140	7651
6608	7652
3387	7653
4678	7654
94	7655
8398	7656
1494	7657
4891	7658
7758	7659
1609	7660
2410	7661
6311	7662
8268	7663
5534	7664
5365	7665
1981	7666
6082	7667
8034	7668
2788	7669
2920	7670
8772	7671
7979	7672
7364	7673
9275	7674
8216	7675
4447	7676
9535	7677
6331	7678
74	7679
6211	7680
488	7681
8781	7682
9464	7683
2377	7684
2752	7685
2716	7686
2262	7687
3836	7688
4352	7689
1726	7690
8125	7691
6979	7692
1922	7693
5547	7694
1456	7695
1864	7696
4135	7697
4044	7698
1659	7699
98	7700
1866	7701
9571	7702
2223	7703
5155	7704
6231	7705
5319	7706
6683	7707
7289	7708
4881	7709
4457	7710
7724	7711
1827	7712
5866	7713
103	7714
4132	7715
1470	7716
292	7717
5903	7718
8550	7719
280	7720
5258	7721
9083	7722
7554	7723
6173	7724
7493	7725
4124	7726
129	7727
7607	7728
3023	7729
4343	7730
1935	7731
2611	7732
7985	7733
5985	7734
976	7735
4506	7736
6152	7737
179	7738
7399	7739
9116	7740
5187	7741
8777	7742
934	7743
1474	7744
5741	7745
7346	7746
7173	7747
7182	7748
1062	7749
2958	7750
196	7751
1988	7752
27	7753
7165	7754
4791	7755
1023	7756
99	7757
6091	7758
2682	7759
6009	7760
4015	7761
1980	7762
3598	7763
5304	7764
4535	7765
4863	7766
9532	7767
149	7768
6351	7769
472	7770
1656	7771
8013	7772
9568	7773
8733	7774
7318	7775
192	7776
9540	7777
7739	7778
4688	7779
9253	7780
549	7781
2363	7782
6268	7783
5083	7784
4723	7785
8944	7786
1588	7787
4981	7788
8854	7789
901	7790
4934	7791
3524	7792
284	7793
3939	7794
7860	7795
8912	7796
1628	7797
9139	7798
8020	7799
1985	7800
6106	7801
9411	7802
8730	7803
1898	7804
6541	7805
2692	7806
5138	7807
2414	7808
233	7809
1786	7810
4479	7811
9638	7812
8253	7813
5391	7814
3785	7815
5786	7816
8770	7817
1790	7818
5995	7819
5225	7820
8187	7821
5401	7822
8324	7823
294	7824
5196	7825
1932	7826
7788	7827
8129	7828
6071	7829
8847	7830
1344	7831
5231	7832
6991	7833
9263	7834
7376	7835
4498	7836
6971	7837
775	7838
4534	7839
2253	7840
2448	7841
6116	7842
6165	7843
8018	7844
5655	7845
7873	7846
1188	7847
1400	7848
4021	7849
7845	7850
1622	7851
3084	7852
2217	7853
5303	7854
6717	7855
4141	7856
7878	7857
9419	7858
4097	7859
208	7860
3680	7861
7932	7862
5493	7863
357	7864
3761	7865
2712	7866
6377	7867
7206	7868
8829	7869
2136	7870
2320	7871
2992	7872
5039	7873
18	7874
4930	7875
241	7876
1219	7877
1939	7878
2965	7879
1206	7880
9457	7881
9647	7882
188	7883
2726	7884
266	7885
1357	7886
6161	7887
8659	7888
14	7889
1590	7890
4940	7891
4883	7892
3769	7893
7705	7894
1276	7895
5269	7896
6633	7897
4049	7898
3759	7899
4983	7900
7479	7901
3433	7902
2784	7903
8836	7904
13	7905
8740	7906
6579	7907
9466	7908
3422	7909
90	7910
4717	7911
5627	7912
4079	7913
5435	7914
1533	7915
7167	7916
665	7917
3184	7918
8245	7919
2669	7920
7781	7921
5112	7922
220	7923
8229	7924
4748	7925
7258	7926
2601	7927
9321	7928
3117	7929
586	7930
1875	7931
4682	7932
6398	7933
9221	7934
7946	7935
7793	7936
4193	7937
2291	7938
918	7939
6987	7940
3575	7941
3385	7942
8819	7943
8155	7944
8725	7945
446	7946
4382	7947
2371	7948
7867	7949
8299	7950
7385	7951
6826	7952
1162	7953
3733	7954
2202	7955
3760	7956
3808	7957
2675	7958
185	7959
1358	7960
3992	7961
3963	7962
4649	7963
8874	7964
7622	7965
2707	7966
3906	7967
6249	7968
6500	7969
8569	7970
208	7971
3593	7972
8979	7973
5522	7974
1848	7975
4012	7976
6685	7977
8975	7978
6519	7979
1780	7980
6841	7981
5243	7982
5850	7983
3225	7984
582	7985
7395	7986
1115	7987
6889	7988
3839	7989
3478	7990
6131	7991
1439	7992
1038	7993
627	7994
2557	7995
8367	7996
5677	7997
7478	7998
3014	7999
1997	8000
8549	8001
4351	8002
6749	8003
53	8004
6306	8005
7255	8006
4453	8007
4835	8008
7136	8009
6148	8010
8249	8011
1858	8012
551	8013
1372	8014
5563	8015
1243	8016
5917	8017
2691	8018
7319	8019
504	8020
1512	8021
4850	8022
5051	8023
5232	8024
8469	8025
1326	8026
2517	8027
102	8028
9303	8029
2722	8030
301	8031
2048	8032
8816	8033
8631	8034
1616	8035
3508	8036
1029	8037
802	8038
2743	8039
4517	8040
1658	8041
9645	8042
9500	8043
5273	8044
7450	8045
620	8046
5220	8047
6984	8048
6540	8049
7222	8050
2268	8051
761	8052
6807	8053
1635	8054
6729	8055
3957	8056
7125	8057
521	8058
4009	8059
1114	8060
5546	8061
2080	8062
19	8063
5169	8064
7857	8065
6813	8066
1364	8067
2957	8068
8285	8069
5059	8070
1910	8071
2552	8072
2068	8073
3344	8074
4976	8075
6712	8076
9	8077
667	8078
8908	8079
164	8080
9041	8081
4522	8082
4233	8083
2007	8084
6682	8085
164	8086
9307	8087
6103	8088
67	8089
6852	8090
6680	8091
145	8092
773	8093
4727	8094
837	8095
1308	8096
784	8097
8580	8098
2811	8099
121	8100
8357	8101
2634	8102
1074	8103
1466	8104
4181	8105
8295	8106
5253	8107
9376	8108
2013	8109
7096	8110
6976	8111
2222	8112
4542	8113
8638	8114
7908	8115
8215	8116
4271	8117
5320	8118
1734	8119
6511	8120
6657	8121
1525	8122
3500	8123
3058	8124
4445	8125
28	8126
1282	8127
3372	8128
6362	8129
1227	8130
1033	8131
5625	8132
9270	8133
3951	8134
2060	8135
2745	8136
7034	8137
1333	8138
3784	8139
1160	8140
9282	8141
404	8142
2296	8143
5787	8144
4007	8145
6365	8146
73	8147
3107	8148
2314	8149
241	8150
7797	8151
5948	8152
4900	8153
8043	8154
2033	8155
7417	8156
9147	8157
8521	8158
9104	8159
62	8160
7391	8161
9492	8162
7575	8163
6501	8164
8446	8165
3448	8166
9009	8167
1386	8168
4905	8169
9612	8170
5840	8171
558	8172
9596	8173
6262	8174
9185	8175
3523	8176
7751	8177
6510	8178
7425	8179
637	8180
3408	8181
8144	8182
5954	8183
9582	8184
8447	8185
6896	8186
731	8187
2481	8188
5214	8189
6367	8190
5568	8191
5788	8192
3140	8193
3003	8194
3081	8195
3022	8196
3420	8197
3017	8198
3004	8199
292	8200
4512	8201
844	8202
8665	8203
8583	8204
1481	8205
2220	8206
6660	8207
7942	8208
2864	8209
9576	8210
7764	8211
9443	8212
4898	8213
1723	8214
8966	8215
4120	8216
6980	8217
7975	8218
2498	8219
1036	8220
3228	8221
3008	8222
5506	8223
5933	8224
2103	8225
3716	8226
2289	8227
3267	8228
3560	8229
1789	8230
3534	8231
3563	8232
345	8233
5881	8234
3018	8235
6089	8236
3019	8237
2999	8238
3000	8239
5285	8240
516	8241
3435	8242
2102	8243
2836	8244
3021	8245
3693	8246
515	8247
7963	8248
68	8249
303	8250
1851	8251
9392	8252
1450	8253
2478	8254
653	8255
1741	8256
4955	8257
7439	8258
8478	8259
4899	8260
107	8261
1792	8262
1584	8263
3391	8264
216	8265
2444	8266
6315	8267
8779	8268
7689	8269
4988	8270
1926	8271
4736	8272
5414	8273
808	8274
3604	8275
525	8276
3681	8277
273	8278
39	8279
1867	8280
8756	8281
2383	8282
108	8283
1637	8284
1708	8285
2156	8286
9604	8287
9570	8288
2111	8289
178	8290
8553	8291
9385	8292
4495	8293
1131	8294
48	8295
5618	8296
4235	8297
5589	8298
9620	8299
5565	8300
3450	8301
9016	8302
5714	8303
6861	8304
9048	8305
4646	8306
4239	8307
1279	8308
3343	8309
999	8310
6671	8311
7044	8312
9132	8313
7990	8314
5491	8315
2951	8316
6380	8317
6923	8318
2884	8319
3412	8320
4026	8321
8970	8322
6385	8323
6223	8324
5902	8325
7280	8326
244	8327
1641	8328
2513	8329
3167	8330
8100	8331
6916	8332
8308	8333
7285	8334
2921	8335
8395	8336
26	8337
8006	8338
2823	8339
8786	8340
5583	8341
5604	8342
3467	8343
7609	8344
2681	8345
3364	8346
3201	8347
2632	8348
5134	8349
5520	8350
4245	8351
4189	8352
3173	8353
6796	8354
1568	8355
9472	8356
8021	8357
6894	8358
7836	8359
356	8360
4819	8361
6715	8362
4440	8363
3991	8364
9474	8365
6011	8366
5730	8367
8248	8368
8468	8369
8798	8370
702	8371
262	8372
6175	8373
2034	8374
1889	8375
3090	8376
8704	8377
388	8378
238	8379
1484	8380
5111	8381
850	8382
118	8383
9165	8384
4008	8385
4991	8386
1324	8387
6359	8388
8662	8389
2869	8390
5267	8391
3870	8392
153	8393
4024	8394
5795	8395
2439	8396
5739	8397
6792	8398
1220	8399
1261	8400
3697	8401
4471	8402
1350	8403
2340	8404
8918	8405
8315	8406
1336	8407
9200	8408
9174	8409
6919	8410
6707	8411
1783	8412
6216	8413
8541	8414
6389	8415
5621	8416
5585	8417
741	8418
3452	8419
1442	8420
489	8421
8160	8422
4992	8423
7320	8424
7859	8425
4594	8426
7677	8427
5405	8428
4118	8429
6270	8430
5907	8431
7352	8432
5370	8433
3749	8434
2529	8435
2607	8436
4487	8437
3276	8438
2076	8439
3482	8440
5744	8441
7240	8442
6697	8443
5164	8444
698	8445
6476	8446
9334	8447
1940	8448
5302	8449
5418	8450
7605	8451
2596	8452
5315	8453
7128	8454
8128	8455
6189	8456
9542	8457
175	8458
396	8459
6328	8460
4428	8461
2695	8462
90	8463
2167	8464
9525	8465
4504	8466
5833	8467
355	8468
1467	8469
3526	8470
654	8471
2455	8472
5941	8473
6191	8474
1544	8475
8162	8476
1778	8477
6336	8478
1961	8479
382	8480
4913	8481
2520	8482
4082	8483
3621	8484
5305	8485
3165	8486
1042	8487
6935	8488
72	8489
7770	8490
3193	8491
4289	8492
1108	8493
4777	8494
7961	8495
1361	8496
1045	8497
8832	8498
9425	8499
3641	8500
2465	8501
1	8502
6279	8503
194	8504
3809	8505
1214	8506
1277	8507
4953	8508
8220	8509
8337	8510
4760	8511
4620	8512
68	8513
3002	8514
4690	8515
2651	8516
5909	8517
3732	8518
6974	8519
8599	8520
7063	8521
5733	8522
820	8523
6795	8524
7654	8525
8598	8526
8645	8527
8394	8528
2996	8529
5281	8530
5575	8531
1934	8532
1855	8533
9201	8534
8157	8535
1838	8536
2043	8537
6831	8538
6918	8539
2547	8540
8791	8541
4641	8542
3359	8543
7937	8544
4665	8545
6691	8546
298	8547
2714	8548
6421	8549
2372	8550
3052	8551
9467	8552
3891	8553
1762	8554
7236	8555
4571	8556
8150	8557
323	8558
6405	8559
9621	8560
4857	8561
617	8562
7144	8563
2625	8564
1529	8565
1273	8566
4311	8567
1069	8568
8328	8569
2751	8570
4945	8571
8661	8572
7761	8573
2088	8574
4848	8575
834	8576
2	8577
4785	8578
7992	8579
6587	8580
1329	8581
222	8582
7576	8583
881	8584
8867	8585
3336	8586
1271	8587
9608	8588
2090	8589
6274	8590
9405	8591
7934	8592
6699	8593
3649	8594
2273	8595
4592	8596
8078	8597
2521	8598
1664	8599
1781	8600
1476	8601
3925	8602
4234	8603
4138	8604
3692	8605
4214	8606
6907	8607
2169	8608
9414	8609
9042	8610
6212	8611
8692	8612
8194	8613
5934	8614
6150	8615
8090	8616
187	8617
7678	8618
1715	8619
8207	8620
219	8621
7502	8622
37	8623
2571	8624
3020	8625
5495	8626
69	8627
714	8628
8828	8629
2792	8630
6505	8631
5736	8632
1862	8633
6042	8634
2392	8635
1625	8636
6224	8637
6818	8638
7443	8639
6426	8640
9356	8641
9433	8642
3586	8643
251	8644
5488	8645
2577	8646
4692	8647
2423	8648
910	8649
8528	8650
5611	8651
6690	8652
2307	8653
13	8654
2175	8655
4846	8656
6625	8657
198	8658
884	8659
5742	8660
5768	8661
7142	8662
4526	8663
4658	8664
3706	8665
5626	8666
857	8667
6013	8668
3204	8669
316	8670
1348	8671
3628	8672
2242	8673
7521	8674
227	8675
7703	8676
7570	8677
5154	8678
7490	8679
1137	8680
4467	8681
85	8682
166	8683
7516	8684
9550	8685
6267	8686
5942	8687
6136	8688
1444	8689
5693	8690
9019	8691
494	8692
3466	8693
1901	8694
8745	8695
2938	8696
9579	8697
6051	8698
3592	8699
303	8700
6777	8701
1565	8702
2876	8703
2791	8704
2564	8705
7244	8706
1886	8707
6494	8708
7339	8709
5262	8710
966	8711
474	8712
140	8713
4607	8714
8778	8715
2200	8716
5900	8717
7537	8718
4925	8719
3144	8720
5545	8721
7826	8722
7110	8723
196	8724
2827	8725
4252	8726
8948	8727
7454	8728
4579	8729
6888	8730
9247	8731
88	8732
852	8733
5148	8734
3258	8735
5724	8736
6766	8737
7198	8738
7271	8739
7685	8740
2023	8741
8202	8742
3753	8743
5757	8744
2949	8745
8967	8746
5190	8747
542	8748
1316	8749
4507	8750
7178	8751
6065	8752
1703	8753
6363	8754
9460	8755
2326	8756
2290	8757
7688	8758
3033	8759
156	8760
5508	8761
5502	8762
218	8763
2198	8764
2376	8765
6990	8766
9005	8767
89	8768
1822	8769
2036	8770
3418	8771
5855	8772
2567	8773
2313	8774
5711	8775
1211	8776
1468	8777
306	8778
6770	8779
541	8780
263	8781
3451	8782
8300	8783
9118	8784
1895	8785
8988	8786
5997	8787
9117	8788
7982	8789
4404	8790
3903	8791
7215	8792
2698	8793
8292	8794
6221	8795
9380	8796
5849	8797
1735	8798
7199	8799
7301	8800
5437	8801
482	8802
9589	8803
4321	8804
3986	8805
8029	8806
4897	8807
2407	8808
2367	8809
9650	8810
7606	8811
1972	8812
922	8813
8538	8814
2617	8815
7075	8816
6297	8817
8992	8818
3590	8819
7130	8820
9192	8821
9023	8822
59	8823
2678	8824
119	8825
6621	8826
1536	8827
8658	8828
7286	8829
6435	8830
4969	8831
3409	8832
7284	8833
125	8834
8647	8835
9070	8836
4779	8837
260	8838
533	8839
2160	8840
2917	8841
4387	8842
4700	8843
6759	8844
2873	8845
693	8846
2028	8847
979	8848
1993	8849
3396	8850
8722	8851
180	8852
1624	8853
265	8854
424	8855
118	8856
4728	8857
4310	8858
1256	8859
77	8860
8976	8861
369	8862
5028	8863
8616	8864
4279	8865
4268	8866
7353	8867
3502	8868
152	8869
5953	8870
1732	8871
1301	8872
7375	8873
2123	8874
122	8875
3800	8876
3562	8877
2365	8878
506	8879
8981	8880
3239	8881
2782	8882
430	8883
4145	8884
1293	8885
6955	8886
3949	8887
4892	8888
6193	8889
8480	8890
6482	8891
2393	8892
7599	8893
7819	8894
2328	8895
8457	8896
9495	8897
2322	8898
3405	8899
9323	8900
6037	8901
3998	8902
4170	8903
3728	8904
6650	8905
4669	8906
5972	8907
4466	8908
1290	8909
4031	8910
8431	8911
5535	8912
267	8913
5472	8914
8336	8915
1371	8916
9310	8917
5070	8918
9014	8919
3944	8920
3837	8921
8732	8922
8497	8923
9295	8924
2591	8925
9567	8926
3223	8927
5673	8928
1168	8929
3092	8930
7321	8931
9523	8932
3747	8933
4074	8934
263	8935
6761	8936
4251	8937
2203	8938
5439	8939
3417	8940
7515	8941
1143	8942
6760	8943
7534	8944
4536	8945
6746	8946
8072	8947
8994	8948
85	8949
327	8950
6443	8951
8949	8952
6867	8953
276	8954
18	8955
3141	8956
2977	8957
65	8958
8501	8959
8718	8960
8363	8961
4106	8962
9309	8963
8780	8964
3042	8965
9544	8966
705	8967
4986	8968
7692	8969
5008	8970
354	8971
7482	8972
9055	8973
4083	8974
900	8975
9539	8976
6607	8977
2676	8978
3752	8979
2093	8980
6726	8981
6816	8982
1704	8983
6993	8984
3558	8985
975	8986
719	8987
2164	8988
2825	8989
7958	8990
5859	8991
9575	8992
5749	8993
7906	8994
4207	8995
1847	8996
1815	8997
545	8998
365	8999
9401	9000
540	9001
1954	9002
3805	9003
4250	9004
4714	9005
9217	9006
2645	9007
2496	9008
5712	9009
8526	9010
4896	9011
5330	9012
4420	9013
6364	9014
1403	9015
877	9016
1760	9017
690	9018
5771	9019
4826	9020
3146	9021
209	9022
695	9023
8389	9024
7628	9025
1303	9026
4025	9027
8782	9028
7401	9029
98	9030
4285	9031
5926	9032
1808	9033
5184	9034
3846	9035
3672	9036
6409	9037
189	9038
6118	9039
8500	9040
1052	9041
9208	9042
8135	9043
2285	9044
4515	9045
8652	9046
3461	9047
4175	9048
2945	9049
5	9050
9227	9051
9377	9052
6322	9053
8539	9054
4191	9055
2966	9056
1242	9057
4941	9058
9390	9059
3807	9060
8196	9061
862	9062
4389	9063
982	9064
3045	9065
2259	9066
1079	9067
8931	9068
6023	9069
359	9070
6537	9071
1177	9072
5644	9073
2084	9074
8358	9075
6059	9076
5524	9077
1055	9078
147	9079
8533	9080
8747	9081
43	9082
2730	9083
4603	9084
8637	9085
8761	9086
6282	9087
1006	9088
8574	9089
2638	9090
8608	9091
895	9092
5171	9093
3219	9094
1706	9095
8444	9096
5869	9097
7994	9098
7432	9099
1893	9100
3833	9101
5492	9102
3298	9103
6612	9104
6083	9105
6237	9106
5182	9107
913	9108
7045	9109
8561	9110
5514	9111
7849	9112
3292	9113
3822	9114
1556	9115
8797	9116
4910	9117
278	9118
145	9119
6846	9120
630	9121
9	9122
8077	9123
2785	9124
3089	9125
8475	9126
9095	9127
195	9128
7349	9129
3788	9130
272	9131
4054	9132
7333	9133
662	9134
5814	9135
1248	9136
4604	9137
8004	9138
3584	9139
1315	9140
7115	9141
3778	9142
6158	9143
3758	9144
6271	9145
2258	9146
6160	9147
5468	9148
3438	9149
7935	9150
3882	9151
5203	9152
644	9153
3443	9154
730	9155
2105	9156
5793	9157
555	9158
3552	9159
134	9160
3618	9161
4523	9162
4703	9163
2636	9164
8476	9165
9498	9166
3416	9167
6959	9168
7563	9169
5839	9170
4655	9171
7177	9172
5936	9173
5782	9174
3341	9175
1670	9176
6321	9177
7140	9178
8685	9179
9554	9180
8456	9181
7181	9182
412	9183
8188	9184
9060	9185
8214	9186
8785	9187
6133	9188
1011	9189
6552	9190
3222	9191
4810	9192
236	9193
9456	9194
7573	9195
7473	9196
7813	9197
6571	9198
2927	9199
4092	9200
1639	9201
8617	9202
6570	9203
890	9204
3528	9205
3125	9206
1262	9207
7416	9208
7952	9209
5689	9210
128	9211
7988	9212
3342	9213
3810	9214
5684	9215
2199	9216
8386	9217
5654	9218
3245	9219
7533	9220
2555	9221
2205	9222
8103	9223
6358	9224
7193	9225
8379	9226
1298	9227
7393	9228
1097	9229
4363	9230
511	9231
8795	9232
5638	9233
3112	9234
2829	9235
2071	9236
9384	9237
6041	9238
8011	9239
156	9240
7080	9241
5679	9242
4499	9243
8713	9244
448	9245
5076	9246
7596	9247
2051	9248
2526	9249
8246	9250
8143	9251
8576	9252
2995	9253
5049	9254
7615	9255
8885	9256
9402	9257
6878	9258
9510	9259
8195	9260
3169	9261
7539	9262
1595	9263
7106	9264
2460	9265
4719	9266
3120	9267
7113	9268
144	9269
7610	9270
602	9271
2163	9272
2368	9273
793	9274
7875	9275
2881	9276
811	9277
1612	9278
6997	9279
5210	9280
5678	9281
5198	9282
212	9283
1167	9284
5085	9285
8204	9286
6743	9287
3953	9288
7901	9289
9219	9290
3683	9291
3832	9292
7429	9293
8404	9294
387	9295
7589	9296
8354	9297
8901	9298
78	9299
2937	9300
8025	9301
8705	9302
1112	9303
4350	9304
4372	9305
250	9306
347	9307
8355	9308
8270	9309
2501	9310
4313	9311
2325	9312
4246	9313
951	9314
987	9315
8535	9316
8866	9317
3496	9318
468	9319
4265	9320
1008	9321
7226	9322
5047	9323
1831	9324
1599	9325
6096	9326
2287	9327
8221	9328
407	9329
107	9330
4531	9331
1880	9332
176	9333
3240	9334
3289	9335
4	9336
8493	9337
3075	9338
7587	9339
2263	9340
6038	9341
6972	9342
1602	9343
6578	9344
408	9345
4330	9346
4085	9347
4879	9348
1094	9349
577	9350
6424	9351
4038	9352
2131	9353
1716	9354
2428	9355
7529	9356
1240	9357
5480	9358
1914	9359
5779	9360
335	9361
8941	9362
1697	9363
2581	9364
3888	9365
5314	9366
2820	9367
8952	9368
3933	9369
4460	9370
8425	9371
3543	9372
9512	9373
7276	9374
7933	9375
5784	9376
7475	9377
4801	9378
8165	9379
3671	9380
242	9381
2545	9382
9085	9383
2858	9384
9661	9385
6891	9386
2891	9387
4477	9388
1012	9389
8080	9390
6515	9391
135	9392
7970	9393
832	9394
7998	9395
6028	9396
32	9397
8642	9398
7506	9399
3969	9400
5288	9401
376	9402
3208	9403
8875	9404
8120	9405
4103	9406
7777	9407
3735	9408
7577	9409
3764	9410
9354	9411
2391	9412
2588	9413
7768	9414
902	9415
958	9416
6338	9417
6637	9418
2537	9419
6470	9420
4695	9421
766	9422
1850	9423
4600	9424
7798	9425
7043	9426
9572	9427
5651	9428
7133	9429
146	9430
11	9431
4716	9432
4077	9433
7919	9434
1650	9435
5725	9436
703	9437
165	9438
780	9439
1076	9440
2955	9441
8914	9442
8031	9443
7809	9444
8102	9445
3875	9446
3091	9447
1430	9448
8384	9449
5066	9450
3537	9451
7254	9452
6582	9453
561	9454
4788	9455
8349	9456
8601	9457
5862	9458
535	9459
2134	9460
8232	9461
1169	9462
1402	9463
3848	9464
8273	9465
6653	9466
268	9467
5077	9468
7060	9469
6952	9470
2157	9471
5019	9472
4702	9473
167	9474
386	9475
2193	9476
4605	9477
2813	9478
3887	9479
3365	9480
7911	9481
5242	9482
4943	9483
6695	9484
128	9485
5050	9486
3302	9487
393	9488
5313	9489
2947	9490
2135	9491
9396	9492
8982	9493
8957	9494
4823	9495
528	9496
5374	9497
4808	9498
2264	9499
8720	9500
3565	9501
7725	9502
4147	9503
8792	9504
9187	9505
3774	9506
9101	9507
815	9508
4533	9509
2432	9510
3306	9511
1274	9512
3557	9513
7941	9514
8983	9515
6754	9516
3427	9517
3793	9518
4013	9519
4240	9520
8234	9521
40	9522
1629	9523
6024	9524
8487	9525
6151	9526
2381	9527
4820	9528
117	9529
7119	9530
5879	9531
8017	9532
1	9533
258	9534
1526	9535
2215	9536
1235	9537
8577	9538
5438	9539
4249	9540
8532	9541
3815	9542
5845	9543
5802	9544
4484	9545
2488	9546
2086	9547
3379	9548
6860	9549
6636	9550
1669	9551
8742	9552
4018	9553
3241	9554
3105	9555
3625	9556
6876	9557
854	9558
2052	9559
3685	9560
4745	9561
131	9562
5753	9563
7931	9564
3876	9565
414	9566
7098	9567
8054	9568
4452	9569
7669	9570
7900	9571
1951	9572
8688	9573
9477	9574
267	9575
110	9576
7903	9577
119	9578
2041	9579
7149	9580
1558	9581
615	9582
5424	9583
1086	9584
2474	9585
1947	9586
6420	9587
9312	9588
6258	9589
9076	9590
5228	9591
5029	9592
2174	9593
3700	9594
6623	9595
86	9596
1917	9597
3246	9598
143	9599
4339	9600
2902	9601
7243	9602
4260	9603
8148	9604
1672	9605
2772	9606
7997	9607
8841	9608
8768	9609
6043	9610
8702	9611
433	9612
1080	9613
7328	9614
678	9615
4996	9616
6850	9617
9169	9618
6518	9619
7004	9620
6423	9621
2132	9622
2515	9623
7046	9624
5692	9625
4354	9626
9223	9627
16	9628
3403	9629
95	9630
1600	9631
2735	9632
3238	9633
3829	9634
2211	9635
4576	9636
5886	9637
4781	9638
682	9639
2165	9640
7951	9641
3242	9642
6914	9643
1498	9644
1555	9645
4562	9646
213	9647
1252	9648
5238	9649
64	9650
9229	9651
1657	9652
6656	9653
1680	9654
2433	9655
95	9656
3481	9657
6156	9658
1702	9659
1952	9660
3463	9661
6357	9662
2370	9663
8346	9664
1798	9665
5333	9666
403	9667
4683	9668
3426	9669
7124	9670
1770	9671
5720	9672
6233	9673
5949	9674
6574	9675
7205	9676
947	9677
4871	9678
2356	9679
8193	9680
7511	9681
2599	9682
7100	9683
4287	9684
2424	9685
9148	9686
5332	9687
7910	9688
9565	9689
1100	9690
1431	9691
6070	9692
3484	9693
9445	9694
9397	9695
9093	9696
4280	9697
795	9698
3541	9699
883	9700
5646	9701
7211	9702
4319	9703
9002	9704
4758	9705
1331	9706
8432	9707
1924	9708
1923	9709
6706	9710
2402	9711
2964	9712
5368	9713
6751	9714
1955	9715
8287	9716
6661	9717
3713	9718
4227	9719
9504	9720
6899	9721
4513	9722
1030	9723
5890	9724
5411	9725
7234	9726
3966	9727
3894	9728
1505	9729
1	9730
5511	9731
3116	9732
770	9733
4153	9734
4333	9735
3456	9736
598	9737
1958	9738
4217	9739
9406	9740
580	9741
479	9742
3740	9743
9601	9744
5922	9745
5538	9746
6865	9747
3037	9748
4104	9749
6559	9750
7231	9751
2461	9752
7176	9753
3996	9754
7039	9755
5964	9756
8596	9757
4783	9758
9573	9759
8242	9760
3997	9761
124	9762
7828	9763
8588	9764
7509	9765
4204	9766
5540	9767
5208	9768
300	9769
4283	9770
9124	9771
171	9772
2476	9773
2472	9774
1828	9775
4501	9776
22	9777
9069	9778
3248	9779
5126	9780
4263	9781
3909	9782
4392	9783
4545	9784
6960	9785
7624	9786
2276	9787
1441	9788
5328	9789
536	9790
7253	9791
9178	9792
5861	9793
4299	9794
7785	9795
2907	9796
5091	9797
6647	9798
9643	9799
1443	9800
1092	9801
710	9802
8838	9803
570	9804
428	9805
753	9806
9045	9807
7574	9808
6925	9809
466	9810
8440	9811
1204	9812
597	9813
3313	9814
1130	9815
6006	9816
5477	9817
7237	9818
7335	9819
1110	9820
7374	9821
8932	9822
9646	9823
4476	9824
642	9825
7196	9826
7620	9827
278	9828
7643	9829
3548	9830
2044	9831
1067	9832
3115	9833
9476	9834
7037	9835
2014	9836
514	9837
4636	9838
3852	9839
8799	9840
2846	9841
8180	9842
8896	9843
99	9844
547	9845
921	9846
3221	9847
6320	9848
2758	9849
7378	9850
9398	9851
9103	9852
8173	9853
9407	9854
6093	9855
9040	9856
6303	9857
7421	9858
6209	9859
3196	9860
7219	9861
114	9862
7101	9863
9347	9864
4771	9865
7042	9866
7795	9867
7916	9868
6652	9869
8209	9870
3197	9871
1747	9872
9133	9873
7018	9874
4877	9875
926	9876
129	9877
2245	9878
229	9879
2270	9880
4679	9881
8132	9882
6514	9883
210	9884
4329	9885
3039	9886
5789	9887
207	9888
8987	9889
621	9890
326	9891
4030	9892
9284	9893
9600	9894
7714	9895
3729	9896
6425	9897
709	9898
8703	9899
9305	9900
4149	9901
4555	9902
9036	9903
6845	9904
9316	9905
72	9906
6666	9907
2430	9908
2532	9909
133	9910
2794	9911
3922	9912
7709	9913
8213	9914
7779	9915
1592	9916
7704	9917
7846	9918
2420	9919
2449	9920
7698	9921
9548	9922
9585	9923
8224	9924
1285	9925
3007	9926
833	9927
2409	9928
252	9929
7913	9930
4442	9931
4656	9932
8343	9933
15	9934
4152	9935
4567	9936
1026	9937
1407	9938
7629	9939
3293	9940
2968	9941
1829	9942
225	9943
5199	9944
6694	9945
9115	9946
1779	9947
6222	9948
9092	9949
1617	9950
6676	9951
1263	9952
6722	9953
6593	9954
8508	9955
3652	9956
2309	9957
8047	9958
6207	9959
26	9960
2236	9961
5061	9962
6283	9963
5024	9964
2297	9965
334	9966
6269	9967
6611	9968
7471	9969
7274	9970
2644	9971
3626	9972
1005	9973
4332	9974
5865	9975
3402	9976
8225	9977
8421	9978
6659	9979
2998	9980
8283	9981
53	9982
8942	9983
6543	9984
1126	9985
3363	9986
1545	9987
1129	9988
7646	9989
2398	9990
7065	9991
8527	9992
6124	9993
4341	9994
2002	9995
1196	9996
3776	9997
9123	9998
792	9999
2546	10000
