475	1
6	2
68	3
479	4
297	5
766	6
13	7
345	8
333	9
226	10
7	11
11	12
11	13
11	14
11	15
273	16
311	17
316	18
36	19
87	20
87	21
7	22
582	23
601	24
480	25
1559	26
130	27
130	28
130	29
130	30
130	31
386	32
520	33
470	34
201	35
177	36
537	37
23	38
180	39
172	40
182	41
834	42
172	43
537	44
622	45
408	46
24	47
1	48
146	49
146	50
488	51
4	52
151	53
22	54
488	55
772	56
74	57
568	58
46	59
235	60
11	61
11	62
11	63
11	64
1117	65
677	66
677	67
336	68
153	69
2	70
854	71
125	72
60	73
136	74
141	75
88	76
15	77
60	78
60	79
125	80
266	81
64	82
80	83
80	84
467	85
80	86
857	87
731	88
1664	89
290	90
145	91
145	92
145	93
145	94
480	95
218	96
565	97
286	98
286	99
286	100
503	101
812	102
801	103
801	104
177	105
1250	106
56	107
248	108
39	109
240	110
195	111
626	112
128	113
273	114
273	115
326	116
44	117
178	118
863	119
37	120
1180	121
4	122
551	123
647	124
551	125
1115	126
231	127
231	128
388	129
573	130
573	131
854	132
484	133
1523	134
429	135
6	136
1101	137
84	138
669	139
642	140
744	141
67	142
47	143
565	144
325	145
129	146
85	147
41	148
85	149
1580	150
1581	151
1582	152
735	153
197	154
277	155
5	156
366	157
87	158
1224	159
382	160
252	161
13	162
23	163
3	164
39	165
28	166
7	167
7	168
19	169
47	170
274	171
295	172
159	173
334	174
22	175
110	176
48	177
1	178
225	179
199	180
203	181
2	182
448	183
1	184
449	185
326	186
527	187
1	188
532	189
80	190
298	191
242	192
517	193
135	194
230	195
632	196
24	197
449	198
306	199
6	200
461	201
242	202
3	203
3	204
3	205
9	206
282	207
1	208
405	209
265	210
21	211
55	212
265	213
306	214
461	215
400	216
77	217
350	218
129	219
400	220
594	221
1	222
109	223
1189	224
1	225
21	226
777	227
421	228
777	229
351	230
21	231
244	232
339	233
12	234
12	235
1260	236
120	237
12	238
12	239
12	240
12	241
12	242
111	243
172	244
25	245
482	246
1	247
817	248
641	249
3	250
1114	251
188	252
368	253
608	254
496	255
119	256
60	257
2	258
790	259
758	260
439	261
4	262
1149	263
38	264
742	265
24	266
189	267
185	268
153	269
35	270
211	271
701	272
272	273
833	274
442	275
113	276
209	277
365	278
351	279
579	280
467	281
293	282
464	283
507	284
475	285
715	286
440	287
736	288
484	289
1	290
17	291
17	292
17	293
17	294
640	295
640	296
552	297
200	298
296	299
209	300
296	301
1	302
94	303
570	304
3	305
275	306
96	307
309	308
92	309
444	310
207	311
416	312
147	313
444	314
350	315
288	316
138	317
398	318
6	319
445	320
33	321
615	322
198	323
511	324
94	325
395	326
458	327
108	328
140	329
372	330
203	331
797	332
357	333
114	334
532	335
129	336
150	337
797	338
458	339
319	340
301	341
713	342
378	343
544	344
205	345
478	346
329	347
549	348
184	349
330	350
572	351
340	352
31	353
96	354
93	355
147	356
106	357
202	358
527	359
294	360
350	361
523	362
63	363
610	364
624	365
339	366
208	367
357	368
158	369
570	370
138	371
296	372
307	373
6	374
6	375
8	376
1	377
41	378
89	379
125	380
330	381
171	382
65	383
7	384
754	385
1111	386
62	387
834	388
189	389
616	390
1593	391
714	392
714	393
709	394
346	395
342	396
342	397
1104	398
764	399
94	400
608	401
283	402
5	403
377	404
826	405
613	406
325	407
381	408
380	409
799	410
215	411
215	412
14	413
200	414
492	415
648	416
132	417
132	418
173	419
173	420
248	421
222	422
1100	423
378	424
3	425
39	426
308	427
118	428
402	429
2	430
38	431
46	432
38	433
358	434
47	435
410	436
529	437
473	438
90	439
611	440
224	441
60	442
138	443
138	444
6	445
475	446
447	447
1	448
585	449
20	450
32	451
633	452
530	453
46	454
193	455
1	456
20	457
12	458
148	459
1	460
109	461
83	462
218	463
282	464
1	465
3	466
40	467
4	468
492	469
464	470
28	471
509	472
1626	473
119	474
796	475
41	476
180	477
74	478
368	479
38	480
1	481
30	482
20	483
4	484
4	485
120	486
120	487
120	488
25	489
429	490
48	491
103	492
176	493
2	494
2	495
2	496
781	497
35	498
47	499
64	500
9	501
201	502
209	503
83	504
459	505
158	506
411	507
621	508
459	509
228	510
601	511
167	512
456	513
199	514
1751	515
158	516
46	517
58	518
61	519
29	520
524	521
443	522
320	523
47	524
661	525
353	526
123	527
410	528
393	529
564	530
1240	531
268	532
18	533
849	534
745	535
2	536
745	537
745	538
272	539
272	540
2	541
2	542
2	543
1463	544
355	545
131	546
4	547
249	548
249	549
756	550
613	551
43	552
24	553
246	554
1430	555
113	556
113	557
1204	558
219	559
219	560
423	561
608	562
29	563
1	564
117	565
1431	566
442	567
99	568
56	569
379	570
811	571
140	572
92	573
436	574
92	575
2	576
2	577
2	578
2	579
19	580
368	581
1281	582
4	583
100	584
765	585
352	586
19	587
148	588
17	589
236	590
220	591
29	592
262	593
8	594
725	595
180	596
715	597
473	598
617	599
590	600
376	601
197	602
100	603
523	604
295	605
128	606
2	607
1255	608
2	609
20	610
314	611
352	612
352	613
1628	614
1617	615
49	616
545	617
100	618
109	619
395	620
582	621
397	622
316	623
1	624
100	625
674	626
343	627
144	628
240	629
46	630
802	631
1142	632
173	633
226	634
363	635
136	636
32	637
712	638
43	639
593	640
527	641
478	642
1231	643
346	644
575	645
504	646
645	647
1657	648
593	649
29	650
432	651
104	652
288	653
288	654
218	655
192	656
583	657
583	658
12	659
317	660
133	661
297	662
146	663
503	664
394	665
606	666
319	667
231	668
588	669
138	670
613	671
637	672
590	673
370	674
86	675
445	676
542	677
377	678
77	679
661	680
559	681
197	682
383	683
426	684
221	685
396	686
315	687
560	688
1280	689
435	690
435	691
262	692
299	693
434	694
103	695
169	696
63	697
1688	698
587	699
118	700
1172	701
353	702
785	703
239	704
18	705
196	706
300	707
226	708
1749	709
69	710
293	711
533	712
270	713
180	714
57	715
617	716
705	717
596	718
390	719
212	720
330	721
1174	722
268	723
1121	724
9	725
50	726
602	727
529	728
597	729
1274	730
185	731
1670	732
1176	733
581	734
673	735
480	736
158	737
572	738
700	739
152	740
857	741
106	742
156	743
227	744
337	745
151	746
344	747
43	748
115	749
153	750
162	751
1567	752
165	753
46	754
667	755
380	756
513	757
831	758
196	759
835	760
101	761
175	762
181	763
493	764
185	765
843	766
111	767
804	768
1269	769
317	770
80	771
386	772
703	773
310	774
282	775
47	776
132	777
32	778
254	779
182	780
235	781
48	782
88	783
5	784
84	785
148	786
364	787
7	788
88	789
135	790
288	791
5	792
143	793
514	794
413	795
5	796
368	797
28	798
1	799
20	800
1	801
784	802
254	803
137	804
119	805
27	806
59	807
486	808
2	809
2	810
92	811
25	812
477	813
2	814
419	815
48	816
305	817
305	818
36	819
2	820
580	821
54	822
84	823
163	824
366	825
766	826
16	827
22	828
252	829
77	830
77	831
77	832
88	833
103	834
82	835
151	836
5	837
1184	838
1528	839
91	840
2	841
54	842
536	843
439	844
324	845
5	846
5	847
675	848
25	849
438	850
576	851
30	852
38	853
38	854
576	855
369	856
431	857
67	858
13	859
8	860
594	861
739	862
305	863
27	864
75	865
183	866
59	867
588	868
92	869
213	870
19	871
422	872
35	873
44	874
76	875
187	876
30	877
5	878
1111	879
12	880
265	881
85	882
13	883
13	884
88	885
110	886
20	887
15	888
1	889
122	890
5	891
247	892
5	893
122	894
2	895
2	896
437	897
161	898
2	899
781	900
1595	901
87	902
153	903
35	904
153	905
14	906
438	907
79	908
79	909
438	910
1272	911
1619	912
414	913
629	914
629	915
474	916
242	917
1569	918
1206	919
95	920
596	921
381	922
138	923
138	924
138	925
398	926
1641	927
157	928
13	929
187	930
2	931
344	932
356	933
1295	934
1105	935
1625	936
139	937
139	938
11	939
11	940
352	941
352	942
72	943
29	944
1047	945
986	946
1360	947
970	948
1554	949
1353	950
935	951
1267	952
1341	953
911	954
1209	955
892	956
884	957
1092	958
1086	959
1066	960
1059	961
1038	962
962	963
1050	964
1045	965
1288	966
1019	967
1378	968
1010	969
1356	970
994	971
987	972
978	973
971	974
957	975
1355	976
940	977
1132	978
922	979
942	980
912	981
903	982
893	983
885	984
1093	985
1087	986
1078	987
1416	988
1746	989
1060	990
937	991
1405	992
1039	993
963	994
1398	995
1042	996
1024	997
1131	998
1005	999
930	1000
998	1001
1362	1002
983	1003
975	1004
966	1005
1145	1006
1219	1007
1349	1008
933	1009
924	1010
917	1011
908	1012
898	1013
1337	1014
1333	1015
1220	1016
1082	1017
1071	1018
914	1019
1057	1020
1033	1021
1737	1022
873	1023
759	1024
741	1025
794	1026
872	1027
905	1028
871	1029
870	1030
869	1031
1359	1032
1133	1033
868	1034
953	1035
946	1036
1730	1037
934	1038
895	1039
1393	1040
918	1041
1339	1042
899	1043
889	1044
881	1045
1090	1046
1083	1047
1072	1048
1063	1049
1335	1050
1053	1051
867	1052
1034	1053
876	1054
1049	1055
1389	1056
1229	1057
1017	1058
1376	1059
877	1060
1007	1061
1368	1062
1364	1063
1265	1064
1098	1065
968	1066
955	1067
948	1068
1597	1069
1134	1070
928	1071
920	1072
909	1073
901	1074
891	1075
1334	1076
1427	1077
1085	1078
1194	1079
1080	1080
1065	1081
1214	1082
1036	1083
960	1084
1041	1085
1207	1086
1022	1087
1372	1088
1371	1089
1367	1090
990	1091
1361	1092
964	1093
950	1094
943	1095
938	1096
1346	1097
1068	1098
925	1099
1340	1100
887	1101
878	1102
1425	1103
1074	1104
1069	1105
1062	1106
1409	1107
1055	1108
1052	1109
1392	1110
958	1111
1043	1112
1028	1113
1016	1114
1235	1115
1375	1116
1006	1117
999	1118
1363	1119
984	1120
976	1121
967	1122
954	1123
947	1124
1051	1125
1208	1126
927	1127
919	1128
1276	1129
900	1130
890	1131
882	1132
1091	1133
1084	1134
1420	1135
1026	1136
1413	1137
1064	1138
1035	1139
1216	1140
1627	1141
1027	1142
1382	1143
1013	1144
1003	1145
996	1146
991	1147
981	1148
973	1149
1166	1150
951	1151
944	1152
931	1153
926	1154
1397	1155
915	1156
906	1157
896	1158
888	1159
879	1160
1089	1161
1423	1162
1075	1163
1183	1164
1029	1165
1056	1166
1032	1167
959	1168
1048	1169
1387	1170
1023	1171
1014	1172
1025	1173
1004	1174
997	1175
992	1176
982	1177
974	1178
965	1179
952	1180
945	1181
939	1182
932	1183
916	1184
907	1185
897	1186
880	1187
1426	1188
1081	1189
1076	1190
1070	1191
1377	1192
1271	1193
874	1194
1213	1195
1008	1196
1000	1197
1365	1198
985	1199
1021	1200
977	1201
969	1202
956	1203
949	1204
1097	1205
1345	1206
921	1207
910	1208
902	1209
742	1210
883	1211
1428	1212
1077	1213
1073	1214
1058	1215
1403	1216
1037	1217
1012	1218
961	1219
1046	1220
1031	1221
1270	1222
1020	1223
1011	1224
1001	1225
995	1226
1002	1227
988	1228
979	1229
972	1230
1357	1231
1211	1232
941	1233
936	1234
929	1235
923	1236
913	1237
904	1238
894	1239
886	1240
1429	1241
1088	1242
1079	1243
1417	1244
1067	1245
1061	1246
1054	1247
989	1248
1040	1249
1156	1250
1044	1251
1030	1252
1018	1253
1015	1254
1009	1255
1369	1256
993	1257
980	1258
445	1259
125	1260
141	1261
90	1262
637	1263
1432	1264
2	1265
590	1266
16	1267
16	1268
585	1269
796	1270
362	1271
362	1272
48	1273
1529	1274
640	1275
539	1276
539	1277
56	1278
1530	1279
370	1280
370	1281
370	1282
179	1283
179	1284
210	1285
13	1286
804	1287
382	1288
382	1289
6	1290
6	1291
6	1292
6	1293
6	1294
477	1295
244	1296
724	1297
1738	1298
562	1299
787	1300
3	1301
1531	1302
16	1303
16	1304
394	1305
320	1306
316	1307
171	1308
95	1309
95	1310
666	1311
1	1312
4	1313
355	1314
378	1315
82	1316
136	1317
297	1318
327	1319
297	1320
16	1321
261	1322
586	1323
77	1324
592	1325
592	1326
274	1327
143	1328
1139	1329
56	1330
165	1331
696	1332
569	1333
29	1334
69	1335
229	1336
752	1337
752	1338
678	1339
81	1340
336	1341
152	1342
502	1343
156	1344
121	1345
121	1346
121	1347
121	1348
121	1349
121	1350
298	1351
75	1352
121	1353
252	1354
1662	1355
613	1356
1201	1357
828	1358
663	1359
1	1360
1170	1361
424	1362
788	1363
788	1364
229	1365
340	1366
229	1367
1502	1368
110	1369
652	1370
652	1371
652	1372
333	1373
123	1374
364	1375
364	1376
364	1377
364	1378
66	1379
53	1380
1660	1381
258	1382
258	1383
239	1384
580	1385
580	1386
580	1387
513	1388
755	1389
669	1390
445	1391
196	1392
196	1393
631	1394
631	1395
371	1396
365	1397
1	1398
1570	1399
471	1400
301	1401
301	1402
662	1403
748	1404
29	1405
602	1406
272	1407
272	1408
272	1409
660	1410
624	1411
1200	1412
786	1413
641	1414
1129	1415
77	1416
317	1417
805	1418
806	1419
93	1420
93	1421
542	1422
542	1423
353	1424
71	1425
154	1426
568	1427
71	1428
281	1429
862	1430
582	1431
582	1432
1	1433
1	1434
52	1435
1163	1436
19	1437
331	1438
550	1439
255	1440
255	1441
255	1442
577	1443
1643	1444
847	1445
327	1446
327	1447
1234	1448
1577	1449
625	1450
16	1451
16	1452
679	1453
754	1454
850	1455
18	1456
18	1457
321	1458
785	1459
42	1460
115	1461
14	1462
358	1463
79	1464
33	1465
33	1466
33	1467
33	1468
686	1469
389	1470
417	1471
6	1472
88	1473
1171	1474
1671	1475
236	1476
3	1477
1168	1478
573	1479
784	1480
2	1481
409	1482
24	1483
447	1484
815	1485
14	1486
14	1487
14	1488
377	1489
14	1490
14	1491
14	1492
40	1493
329	1494
348	1495
157	1496
211	1497
356	1498
109	1499
269	1500
301	1501
2	1502
494	1503
603	1504
216	1505
216	1506
322	1507
34	1508
734	1509
734	1510
197	1511
197	1512
197	1513
403	1514
1501	1515
112	1516
112	1517
112	1518
591	1519
499	1520
463	1521
1752	1522
349	1523
184	1524
2	1525
416	1526
32	1527
416	1528
356	1529
808	1530
383	1531
808	1532
808	1533
2	1534
282	1535
1451	1536
1161	1537
144	1538
206	1539
47	1540
103	1541
507	1542
507	1543
78	1544
2	1545
2	1546
404	1547
734	1548
206	1549
615	1550
537	1551
61	1552
61	1553
61	1554
1707	1555
2	1556
46	1557
46	1558
11	1559
14	1560
51	1561
51	1562
1262	1563
274	1564
252	1565
158	1566
245	1567
308	1568
308	1569
308	1570
308	1571
1	1572
56	1573
1	1574
1212	1575
757	1576
498	1577
221	1578
221	1579
11	1580
803	1581
1163	1582
6	1583
56	1584
440	1585
396	1586
171	1587
171	1588
8	1589
862	1590
1500	1591
200	1592
314	1593
16	1594
1473	1595
95	1596
1433	1597
426	1598
1274	1599
818	1600
198	1601
198	1602
43	1603
279	1604
279	1605
432	1606
12	1607
178	1608
178	1609
204	1610
1173	1611
60	1612
632	1613
632	1614
2	1615
269	1616
95	1617
1286	1618
606	1619
410	1620
169	1621
410	1622
736	1623
762	1624
186	1625
186	1626
222	1627
222	1628
339	1629
5	1630
2	1631
34	1632
287	1633
1279	1634
512	1635
60	1636
20	1637
262	1638
371	1639
515	1640
689	1641
520	1642
159	1643
411	1644
7	1645
247	1646
306	1647
59	1648
2	1649
21	1650
141	1651
5	1652
80	1653
5	1654
630	1655
4	1656
509	1657
18	1658
2	1659
1223	1660
150	1661
145	1662
385	1663
34	1664
436	1665
235	1666
62	1667
2	1668
1	1669
156	1670
122	1671
40	1672
192	1673
486	1674
12	1675
20	1676
1	1677
131	1678
374	1679
181	1680
406	1681
829	1682
9	1683
130	1684
57	1685
306	1686
411	1687
198	1688
32	1689
157	1690
259	1691
233	1692
2	1693
827	1694
831	1695
58	1696
349	1697
718	1698
1275	1699
58	1700
88	1701
71	1702
92	1703
65	1704
688	1705
560	1706
275	1707
275	1708
550	1709
1177	1710
173	1711
276	1712
6	1713
29	1714
33	1715
157	1716
44	1717
345	1718
424	1719
393	1720
451	1721
642	1722
649	1723
351	1724
394	1725
129	1726
57	1727
285	1728
243	1729
112	1730
132	1731
1178	1732
112	1733
278	1734
190	1735
74	1736
7	1737
23	1738
285	1739
285	1740
56	1741
312	1742
1442	1743
120	1744
391	1745
260	1746
190	1747
158	1748
158	1749
158	1750
666	1751
168	1752
208	1753
208	1754
208	1755
208	1756
243	1757
213	1758
311	1759
317	1760
41	1761
854	1762
1465	1763
4	1764
102	1765
569	1766
1205	1767
143	1768
305	1769
121	1770
258	1771
276	1772
1136	1773
1190	1774
1647	1775
1498	1776
1130	1777
1191	1778
1608	1779
143	1780
1481	1781
1192	1782
1499	1783
244	1784
52	1785
4	1786
1482	1787
1483	1788
1484	1789
1649	1790
1650	1791
1495	1792
638	1793
1683	1794
575	1795
2	1796
543	1797
290	1798
1	1799
743	1800
167	1801
125	1802
216	1803
638	1804
1487	1805
418	1806
355	1807
1488	1808
1490	1809
1497	1810
1496	1811
1491	1812
1589	1813
1153	1814
1607	1815
1644	1816
1492	1817
51	1818
1493	1819
1196	1820
562	1821
75	1822
490	1823
1522	1824
1551	1825
67	1826
126	1827
538	1828
1727	1829
1269	1830
7	1831
349	1832
12	1833
795	1834
3	1835
237	1836
237	1837
1	1838
142	1839
5	1840
30	1841
1	1842
606	1843
22	1844
1	1845
166	1846
363	1847
9	1848
9	1849
16	1850
514	1851
1176	1852
99	1853
24	1854
54	1855
28	1856
509	1857
753	1858
21	1859
38	1860
9	1861
12	1862
718	1863
293	1864
844	1865
452	1866
109	1867
193	1868
526	1869
526	1870
18	1871
491	1872
767	1873
205	1874
100	1875
181	1876
482	1877
222	1878
732	1879
46	1880
146	1881
16	1882
43	1883
410	1884
205	1885
1272	1886
222	1887
1	1888
1	1889
229	1890
10	1891
5	1892
262	1893
282	1894
798	1895
157	1896
188	1897
43	1898
154	1899
864	1900
87	1901
299	1902
299	1903
470	1904
1	1905
151	1906
512	1907
495	1908
452	1909
452	1910
495	1911
495	1912
1153	1913
562	1914
468	1915
205	1916
479	1917
63	1918
167	1919
387	1920
77	1921
77	1922
326	1923
431	1924
146	1925
214	1926
789	1927
343	1928
74	1929
74	1930
6	1931
133	1932
263	1933
263	1934
68	1935
552	1936
552	1937
552	1938
182	1939
43	1940
193	1941
23	1942
1658	1943
260	1944
133	1945
18	1946
469	1947
213	1948
1	1949
563	1950
23	1951
109	1952
792	1953
24	1954
83	1955
24	1956
262	1957
99	1958
836	1959
345	1960
74	1961
283	1962
394	1963
625	1964
94	1965
8	1966
240	1967
155	1968
16	1969
42	1970
23	1971
318	1972
548	1973
548	1974
122	1975
701	1976
393	1977
19	1978
217	1979
548	1980
67	1981
99	1982
311	1983
108	1984
49	1985
11	1986
38	1987
528	1988
24	1989
1263	1990
2	1991
1221	1992
16	1993
2	1994
368	1995
88	1996
730	1997
4	1998
27	1999
20	2000
475	2001
475	2002
186	2003
91	2004
88	2005
484	2006
61	2007
438	2008
366	2009
438	2010
228	2011
228	2012
228	2013
228	2014
47	2015
2	2016
206	2017
341	2018
457	2019
141	2020
40	2021
21	2022
3	2023
219	2024
434	2025
434	2026
6	2027
92	2028
165	2029
715	2030
165	2031
20	2032
150	2033
1284	2034
14	2035
276	2036
453	2037
453	2038
525	2039
525	2040
851	2041
190	2042
789	2043
14	2044
22	2045
213	2046
1	2047
292	2048
21	2049
1	2050
405	2051
65	2052
616	2053
418	2054
4	2055
462	2056
78	2057
3	2058
283	2059
78	2060
106	2061
33	2062
347	2063
219	2064
422	2065
197	2066
30	2067
42	2068
40	2069
1616	2070
213	2071
35	2072
213	2073
35	2074
100	2075
48	2076
9	2077
175	2078
114	2079
191	2080
373	2081
191	2082
174	2083
96	2084
83	2085
178	2086
191	2087
44	2088
44	2089
77	2090
62	2091
2	2092
62	2093
392	2094
80	2095
80	2096
698	2097
80	2098
80	2099
28	2100
139	2101
17	2102
82	2103
337	2104
517	2105
322	2106
203	2107
94	2108
1210	2109
1678	2110
579	2111
195	2112
287	2113
213	2114
211	2115
45	2116
94	2117
773	2118
620	2119
546	2120
546	2121
496	2122
1	2123
4	2124
141	2125
422	2126
61	2127
183	2128
11	2129
174	2130
171	2131
63	2132
42	2133
21	2134
203	2135
238	2136
91	2137
5	2138
102	2139
25	2140
109	2141
75	2142
90	2143
125	2144
211	2145
53	2146
36	2147
244	2148
318	2149
481	2150
2	2151
186	2152
19	2153
7	2154
41	2155
572	2156
48	2157
89	2158
27	2159
141	2160
20	2161
2	2162
104	2163
271	2164
305	2165
247	2166
67	2167
27	2168
438	2169
72	2170
72	2171
271	2172
143	2173
48	2174
437	2175
67	2176
739	2177
85	2178
545	2179
211	2180
2	2181
1	2182
41	2183
271	2184
53	2185
122	2186
324	2187
72	2188
159	2189
554	2190
611	2191
406	2192
249	2193
724	2194
62	2195
102	2196
102	2197
373	2198
102	2199
431	2200
119	2201
334	2202
159	2203
19	2204
368	2205
324	2206
419	2207
13	2208
1691	2209
7	2210
102	2211
4	2212
53	2213
494	2214
501	2215
1733	2216
1449	2217
1656	2218
1447	2219
1448	2220
1445	2221
1446	2222
1444	2223
1518	2224
1512	2225
187	2226
232	2227
29	2228
15	2229
627	2230
154	2231
3	2232
62	2233
1651	2234
400	2235
111	2236
32	2237
619	2238
203	2239
94	2240
126	2241
462	2242
37	2243
154	2244
263	2245
483	2246
263	2247
25	2248
25	2249
25	2250
681	2251
4	2252
225	2253
225	2254
225	2255
225	2256
225	2257
52	2258
4	2259
823	2260
70	2261
439	2262
54	2263
361	2264
448	2265
395	2266
350	2267
448	2268
395	2269
448	2270
395	2271
169	2272
169	2273
129	2274
129	2275
101	2276
72	2277
23	2278
66	2279
575	2280
654	2281
651	2282
496	2283
504	2284
326	2285
326	2286
87	2287
523	2288
610	2289
523	2290
1548	2291
200	2292
1268	2293
200	2294
1732	2295
108	2296
108	2297
34	2298
681	2299
133	2300
1233	2301
68	2302
16	2303
477	2304
384	2305
54	2306
24	2307
47	2308
259	2309
147	2310
502	2311
1	2312
100	2313
277	2314
5	2315
189	2316
203	2317
134	2318
189	2319
81	2320
218	2321
37	2322
787	2323
17	2324
591	2325
336	2326
328	2327
1165	2328
52	2329
52	2330
489	2331
1689	2332
120	2333
237	2334
162	2335
291	2336
111	2337
2	2338
157	2339
573	2340
1735	2341
65	2342
17	2343
401	2344
3	2345
11	2346
630	2347
18	2348
1	2349
703	2350
440	2351
160	2352
160	2353
589	2354
862	2355
663	2356
132	2357
132	2358
132	2359
92	2360
513	2361
828	2362
128	2363
128	2364
1123	2365
636	2366
482	2367
1243	2368
505	2369
505	2370
1526	2371
99	2372
99	2373
99	2374
747	2375
530	2376
1	2377
536	2378
108	2379
1455	2380
146	2381
51	2382
56	2383
8	2384
8	2385
23	2386
438	2387
116	2388
1	2389
1	2390
1	2391
1	2392
328	2393
39	2394
793	2395
1119	2396
1675	2397
173	2398
1260	2399
173	2400
321	2401
321	2402
173	2403
613	2404
63	2405
63	2406
1693	2407
63	2408
63	2409
45	2410
223	2411
473	2412
92	2413
1157	2414
22	2415
311	2416
538	2417
574	2418
248	2419
194	2420
56	2421
162	2422
246	2423
1748	2424
246	2425
1	2426
228	2427
115	2428
1225	2429
71	2430
748	2431
1468	2432
433	2433
117	2434
87	2435
392	2436
839	2437
1244	2438
614	2439
708	2440
601	2441
9	2442
1254	2443
201	2444
42	2445
1	2446
266	2447
1	2448
1	2449
283	2450
1	2451
1	2452
1	2453
499	2454
172	2455
1	2456
1	2457
118	2458
118	2459
97	2460
398	2461
118	2462
118	2463
118	2464
782	2465
1742	2466
1	2467
366	2468
157	2469
38	2470
174	2471
198	2472
2	2473
252	2474
137	2475
172	2476
630	2477
133	2478
131	2479
749	2480
539	2481
267	2482
4	2483
460	2484
680	2485
724	2486
13	2487
20	2488
347	2489
347	2490
347	2491
347	2492
42	2493
377	2494
352	2495
470	2496
11	2497
1	2498
29	2499
62	2500
8	2501
131	2502
73	2503
710	2504
561	2505
36	2506
419	2507
144	2508
680	2509
1439	2510
242	2511
92	2512
23	2513
161	2514
15	2515
550	2516
641	2517
780	2518
3	2519
202	2520
15	2521
15	2522
343	2523
491	2524
1	2525
786	2526
483	2527
1	2528
109	2529
1634	2530
518	2531
460	2532
1197	2533
451	2534
458	2535
1565	2536
45	2537
392	2538
37	2539
161	2540
202	2541
359	2542
36	2543
161	2544
186	2545
186	2546
1245	2547
311	2548
102	2549
276	2550
543	2551
12	2552
36	2553
33	2554
52	2555
1527	2556
498	2557
71	2558
1291	2559
557	2560
215	2561
487	2562
215	2563
487	2564
244	2565
677	2566
136	2567
6	2568
1576	2569
1434	2570
1452	2571
629	2572
29	2573
59	2574
7	2575
59	2576
1126	2577
377	2578
133	2579
279	2580
391	2581
184	2582
522	2583
120	2584
466	2585
1436	2586
618	2587
420	2588
18	2589
52	2590
144	2591
783	2592
555	2593
215	2594
52	2595
18	2596
166	2597
756	2598
476	2599
476	2600
476	2601
215	2602
365	2603
172	2604
359	2605
425	2606
736	2607
1236	2608
220	2609
472	2610
1181	2611
574	2612
215	2613
441	2614
12	2615
1177	2616
2	2617
343	2618
343	2619
48	2620
184	2621
206	2622
278	2623
349	2624
278	2625
278	2626
381	2627
214	2628
422	2629
40	2630
59	2631
476	2632
136	2633
136	2634
136	2635
136	2636
674	2637
264	2638
264	2639
264	2640
264	2641
198	2642
27	2643
192	2644
75	2645
547	2646
547	2647
853	2648
433	2649
1	2650
692	2651
68	2652
443	2653
841	2654
228	2655
64	2656
785	2657
735	2658
477	2659
229	2660
1109	2661
81	2662
13	2663
148	2664
19	2665
851	2666
1466	2667
127	2668
13	2669
497	2670
1138	2671
447	2672
192	2673
192	2674
1110	2675
792	2676
35	2677
183	2678
4	2679
49	2680
49	2681
49	2682
413	2683
72	2684
29	2685
49	2686
738	2687
748	2688
767	2689
643	2690
60	2691
165	2692
735	2693
92	2694
1110	2695
288	2696
649	2697
365	2698
153	2699
419	2700
161	2701
7	2702
2	2703
13	2704
119	2705
89	2706
84	2707
143	2708
214	2709
85	2710
13	2711
13	2712
25	2713
108	2714
10	2715
77	2716
4	2717
323	2718
84	2719
125	2720
214	2721
143	2722
53	2723
11	2724
719	2725
107	2726
9	2727
776	2728
42	2729
142	2730
2	2731
63	2732
17	2733
83	2734
163	2735
29	2736
401	2737
1716	2738
13	2739
392	2740
13	2741
5	2742
57	2743
101	2744
123	2745
76	2746
259	2747
20	2748
2	2749
592	2750
492	2751
25	2752
3	2753
1	2754
45	2755
42	2756
3	2757
1753	2758
231	2759
59	2760
90	2761
25	2762
85	2763
60	2764
659	2765
84	2766
54	2767
566	2768
456	2769
38	2770
68	2771
492	2772
428	2773
2	2774
1	2775
45	2776
53	2777
89	2778
36	2779
25	2780
125	2781
203	2782
36	2783
5	2784
246	2785
13	2786
271	2787
25	2788
59	2789
76	2790
105	2791
90	2792
126	2793
12	2794
6	2795
146	2796
63	2797
594	2798
55	2799
3	2800
5	2801
8	2802
8	2803
8	2804
8	2805
96	2806
8	2807
8	2808
462	2809
86	2810
233	2811
276	2812
207	2813
6	2814
211	2815
96	2816
86	2817
79	2818
209	2819
8	2820
117	2821
8	2822
8	2823
99	2824
464	2825
146	2826
167	2827
326	2828
8	2829
598	2830
100	2831
23	2832
207	2833
202	2834
122	2835
618	2836
38	2837
7	2838
647	2839
1287	2840
551	2841
551	2842
267	2843
257	2844
85	2845
148	2846
271	2847
76	2848
658	2849
427	2850
427	2851
424	2852
294	2853
376	2854
664	2855
5	2856
346	2857
35	2858
8	2859
158	2860
497	2861
132	2862
74	2863
1231	2864
1	2865
9	2866
184	2867
320	2868
83	2869
45	2870
2	2871
1164	2872
268	2873
324	2874
358	2875
428	2876
18	2877
43	2878
45	2879
565	2880
1	2881
61	2882
61	2883
19	2884
192	2885
109	2886
145	2887
563	2888
543	2889
107	2890
7	2891
4	2892
51	2893
51	2894
650	2895
215	2896
421	2897
496	2898
651	2899
1169	2900
1122	2901
755	2902
1124	2903
65	2904
809	2905
37	2906
37	2907
37	2908
37	2909
37	2910
197	2911
1173	2912
339	2913
729	2914
729	2915
18	2916
238	2917
1189	2918
143	2919
27	2920
21	2921
141	2922
674	2923
107	2924
107	2925
774	2926
155	2927
16	2928
503	2929
45	2930
59	2931
161	2932
437	2933
363	2934
73	2935
76	2936
348	2937
165	2938
13	2939
58	2940
72	2941
1	2942
214	2943
433	2944
433	2945
223	2946
87	2947
25	2948
730	2949
29	2950
360	2951
1594	2952
94	2953
1470	2954
2	2955
2	2956
5	2957
5	2958
5	2959
2	2960
5	2961
5	2962
2	2963
2	2964
88	2965
669	2966
703	2967
21	2968
265	2969
265	2970
265	2971
265	2972
543	2973
21	2974
21	2975
855	2976
159	2977
543	2978
1754	2979
30	2980
38	2981
413	2982
42	2983
59	2984
189	2985
481	2986
481	2987
498	2988
189	2989
176	2990
165	2991
651	2992
749	2993
515	2994
515	2995
515	2996
753	2997
7	2998
524	2999
1506	3000
1	3001
490	3002
267	3003
53	3004
163	3005
59	3006
1128	3007
1102	3008
53	3009
875	3010
85	3011
308	3012
85	3013
48	3014
1188	3015
58	3016
1106	3017
40	3018
10	3019
40	3020
275	3021
275	3022
275	3023
140	3024
275	3025
236	3026
670	3027
10	3028
1112	3029
265	3030
20	3031
84	3032
171	3033
84	3034
214	3035
373	3036
706	3037
76	3038
13	3039
25	3040
144	3041
76	3042
37	3043
196	3044
196	3045
1532	3046
15	3047
15	3048
1533	3049
1534	3050
1535	3051
1536	3052
1537	3053
1538	3054
92	3055
1539	3056
105	3057
41	3058
756	3059
1205	3060
1620	3061
1573	3062
1136	3063
562	3064
1736	3065
1200	3066
1212	3067
1118	3068
1119	3069
1170	3070
1117	3071
144	3072
19	3073
141	3074
16	3075
1540	3076
45	3077
51	3078
722	3079
722	3080
65	3081
122	3082
765	3083
1149	3084
4	3085
1150	3086
42	3087
12	3088
718	3089
60	3090
300	3091
1192	3092
1618	3093
1503	3094
1191	3095
1130	3096
1190	3097
1524	3098
509	3099
22	3100
1590	3101
648	3102
685	3103
650	3104
635	3105
104	3106
154	3107
10	3108
10	3109
618	3110
144	3111
64	3112
64	3113
64	3114
127	3115
127	3116
214	3117
107	3118
66	3119
430	3120
420	3121
11	3122
142	3123
11	3124
4	3125
4	3126
4	3127
234	3128
300	3129
300	3130
2	3131
21	3132
83	3133
387	3134
249	3135
244	3136
58	3137
521	3138
21	3139
575	3140
176	3141
176	3142
58	3143
1591	3144
401	3145
65	3146
142	3147
29	3148
1464	3149
625	3150
69	3151
69	3152
69	3153
69	3154
69	3155
412	3156
412	3157
124	3158
1702	3159
124	3160
23	3161
260	3162
117	3163
117	3164
1	3165
1195	3166
170	3167
1179	3168
687	3169
579	3170
1471	3171
622	3172
50	3173
86	3174
293	3175
293	3176
257	3177
257	3178
9	3179
16	3180
597	3181
421	3182
1	3183
387	3184
225	3185
507	3186
1622	3187
409	3188
3	3189
556	3190
1227	3191
71	3192
4	3193
1283	3194
40	3195
35	3196
303	3197
155	3198
155	3199
303	3200
3	3201
11	3202
30	3203
192	3204
555	3205
303	3206
720	3207
154	3208
104	3209
1605	3210
1655	3211
1	3212
3	3213
777	3214
22	3215
22	3216
22	3217
191	3218
53	3219
419	3220
102	3221
1	3222
42	3223
109	3224
291	3225
160	3226
199	3227
358	3228
316	3229
388	3230
353	3231
386	3232
1	3233
1	3234
73	3235
1	3236
1	3237
57	3238
298	3239
146	3240
1	3241
446	3242
842	3243
15	3244
22	3245
15	3246
210	3247
327	3248
94	3249
93	3250
167	3251
93	3252
550	3253
83	3254
95	3255
40	3256
20	3257
78	3258
385	3259
100	3260
448	3261
122	3262
190	3263
403	3264
398	3265
103	3266
117	3267
358	3268
187	3269
57	3270
199	3271
101	3272
318	3273
2	3274
19	3275
154	3276
154	3277
154	3278
533	3279
832	3280
1256	3281
746	3282
1250	3283
104	3284
105	3285
843	3286
717	3287
1232	3288
540	3289
395	3290
569	3291
803	3292
595	3293
227	3294
62	3295
531	3296
220	3297
39	3298
729	3299
116	3300
117	3301
413	3302
290	3303
73	3304
1681	3305
47	3306
33	3307
452	3308
258	3309
821	3310
74	3311
383	3312
519	3313
151	3314
372	3315
372	3316
601	3317
42	3318
406	3319
270	3320
93	3321
1135	3322
1135	3323
180	3324
589	3325
334	3326
790	3327
707	3328
394	3329
525	3330
394	3331
477	3332
7	3333
386	3334
45	3335
8	3336
11	3337
4	3338
329	3339
329	3340
264	3341
127	3342
6	3343
448	3344
63	3345
246	3346
56	3347
551	3348
493	3349
224	3350
224	3351
224	3352
224	3353
224	3354
1545	3355
71	3356
58	3357
14	3358
33	3359
460	3360
555	3361
849	3362
16	3363
16	3364
361	3365
483	3366
56	3367
325	3368
647	3369
848	3370
848	3371
191	3372
191	3373
536	3374
536	3375
79	3376
1	3377
1168	3378
586	3379
166	3380
799	3381
166	3382
1150	3383
578	3384
647	3385
1505	3386
1179	3387
455	3388
148	3389
148	3390
174	3391
233	3392
99	3393
779	3394
668	3395
83	3396
83	3397
15	3398
397	3399
354	3400
545	3401
545	3402
545	3403
393	3404
393	3405
393	3406
215	3407
38	3408
38	3409
8	3410
78	3411
740	3412
267	3413
1485	3414
1480	3415
861	3416
1476	3417
1621	3418
1494	3419
568	3420
1127	3421
567	3422
267	3423
26	3424
567	3425
28	3426
74	3427
74	3428
74	3429
223	3430
278	3431
93	3432
1113	3433
1525	3434
1	3435
719	3436
738	3437
1672	3438
393	3439
1724	3440
460	3441
53	3442
174	3443
671	3444
85	3445
37	3446
271	3447
249	3448
212	3449
52	3450
116	3451
505	3452
19	3453
9	3454
43	3455
306	3456
167	3457
167	3458
245	3459
26	3460
26	3461
26	3462
26	3463
836	3464
1613	3465
58	3466
441	3467
1599	3468
1	3469
255	3470
1143	3471
140	3472
719	3473
119	3474
74	3475
671	3476
257	3477
90	3478
283	3479
3	3480
202	3481
371	3482
126	3483
431	3484
67	3485
22	3486
9	3487
375	3488
54	3489
267	3490
188	3491
418	3492
127	3493
13	3494
105	3495
67	3496
160	3497
54	3498
163	3499
334	3500
127	3501
104	3502
217	3503
102	3504
51	3505
460	3506
267	3507
3	3508
107	3509
78	3510
341	3511
508	3512
89	3513
360	3514
127	3515
13	3516
164	3517
7	3518
274	3519
190	3520
1	3521
316	3522
124	3523
282	3524
360	3525
644	3526
119	3527
385	3528
1278	3529
102	3530
19	3531
10	3532
10	3533
1129	3534
241	3535
124	3536
424	3537
140	3538
131	3539
382	3540
110	3541
34	3542
21	3543
1744	3544
782	3545
32	3546
1653	3547
57	3548
410	3549
98	3550
768	3551
769	3552
617	3553
617	3554
2	3555
1456	3556
1509	3557
124	3558
61	3559
203	3560
73	3561
73	3562
203	3563
738	3564
459	3565
21	3566
1629	3567
555	3568
36	3569
1706	3570
178	3571
178	3572
178	3573
812	3574
469	3575
289	3576
7	3577
52	3578
52	3579
1	3580
13	3581
217	3582
217	3583
127	3584
107	3585
75	3586
27	3587
778	3588
11	3589
25	3590
109	3591
510	3592
128	3593
199	3594
263	3595
75	3596
4	3597
863	3598
10	3599
1438	3600
593	3601
858	3602
76	3603
454	3604
463	3605
463	3606
716	3607
595	3608
79	3609
81	3610
578	3611
212	3612
855	3613
125	3614
111	3615
349	3616
7	3617
1	3618
442	3619
136	3620
363	3621
737	3622
110	3623
653	3624
409	3625
217	3626
13	3627
165	3628
417	3629
478	3630
1	3631
57	3632
97	3633
425	3634
4	3635
775	3636
442	3637
9	3638
36	3639
3	3640
100	3641
36	3642
9	3643
155	3644
204	3645
199	3646
179	3647
52	3648
802	3649
89	3650
637	3651
198	3652
41	3653
3	3654
297	3655
815	3656
3	3657
403	3658
414	3659
655	3660
98	3661
204	3662
66	3663
62	3664
239	3665
811	3666
720	3667
796	3668
176	3669
199	3670
458	3671
430	3672
394	3673
458	3674
94	3675
19	3676
525	3677
374	3678
472	3679
126	3680
1095	3681
186	3682
1294	3683
377	3684
26	3685
573	3686
70	3687
383	3688
142	3689
230	3690
548	3691
13	3692
393	3693
660	3694
155	3695
69	3696
488	3697
129	3698
9	3699
371	3700
3	3701
104	3702
2	3703
1101	3704
36	3705
58	3706
671	3707
507	3708
5	3709
160	3710
85	3711
580	3712
213	3713
40	3714
64	3715
64	3716
1	3717
50	3718
14	3719
180	3720
720	3721
152	3722
72	3723
466	3724
635	3725
3	3726
227	3727
49	3728
218	3729
692	3730
33	3731
107	3732
49	3733
476	3734
751	3735
298	3736
359	3737
332	3738
225	3739
359	3740
440	3741
33	3742
261	3743
440	3744
614	3745
77	3746
714	3747
277	3748
61	3749
14	3750
118	3751
137	3752
300	3753
417	3754
52	3755
44	3756
84	3757
145	3758
3	3759
330	3760
76	3761
221	3762
466	3763
6	3764
6	3765
6	3766
653	3767
188	3768
41	3769
429	3770
156	3771
89	3772
449	3773
317	3774
693	3775
128	3776
128	3777
414	3778
168	3779
50	3780
168	3781
720	3782
325	3783
9	3784
170	3785
527	3786
843	3787
596	3788
253	3789
254	3790
258	3791
418	3792
417	3793
279	3794
166	3795
55	3796
212	3797
250	3798
77	3799
60	3800
1259	3801
502	3802
230	3803
256	3804
243	3805
268	3806
236	3807
225	3808
262	3809
171	3810
97	3811
195	3812
335	3813
310	3814
618	3815
829	3816
691	3817
616	3818
26	3819
17	3820
544	3821
346	3822
137	3823
674	3824
165	3825
98	3826
14	3827
245	3828
421	3829
425	3830
97	3831
304	3832
105	3833
553	3834
82	3835
258	3836
68	3837
333	3838
131	3839
837	3840
623	3841
264	3842
137	3843
235	3844
242	3845
420	3846
459	3847
589	3848
154	3849
49	3850
538	3851
170	3852
64	3853
295	3854
225	3855
26	3856
478	3857
418	3858
502	3859
138	3860
317	3861
77	3862
534	3863
22	3864
22	3865
113	3866
3	3867
270	3868
636	3869
79	3870
751	3871
40	3872
114	3873
589	3874
301	3875
280	3876
28	3877
98	3878
780	3879
430	3880
172	3881
426	3882
26	3883
480	3884
531	3885
55	3886
113	3887
98	3888
298	3889
826	3890
50	3891
36	3892
26	3893
187	3894
50	3895
71	3896
708	3897
369	3898
36	3899
366	3900
104	3901
27	3902
19	3903
1193	3904
103	3905
408	3906
175	3907
70	3908
91	3909
323	3910
13	3911
369	3912
48	3913
141	3914
187	3915
105	3916
67	3917
90	3918
1114	3919
55	3920
55	3921
453	3922
453	3923
51	3924
3	3925
3	3926
3	3927
3	3928
3	3929
3	3930
3	3931
3	3932
3	3933
3	3934
3	3935
3	3936
12	3937
1659	3938
97	3939
8	3940
4	3941
483	3942
372	3943
320	3944
1094	3945
70	3946
54	3947
781	3948
592	3949
1489	3950
11	3951
156	3952
143	3953
127	3954
242	3955
121	3956
7	3957
4	3958
122	3959
305	3960
122	3961
62	3962
284	3963
8	3964
46	3965
59	3966
151	3967
80	3968
307	3969
41	3970
132	3971
247	3972
537	3973
577	3974
204	3975
253	3976
36	3977
318	3978
1292	3979
331	3980
1266	3981
731	3982
111	3983
111	3984
239	3985
239	3986
1118	3987
317	3988
405	3989
405	3990
93	3991
165	3992
165	3993
116	3994
116	3995
146	3996
140	3997
852	3998
5	3999
53	4000
12	4001
1180	4002
571	4003
168	4004
571	4005
10	4006
157	4007
774	4008
761	4009
761	4010
70	4011
70	4012
1	4013
12	4014
115	4015
471	4016
3	4017
3	4018
1676	4019
3	4020
23	4021
3	4022
115	4023
114	4024
3	4025
1	4026
471	4027
711	4028
263	4029
407	4030
338	4031
640	4032
52	4033
144	4034
30	4035
4	4036
70	4037
441	4038
358	4039
57	4040
288	4041
206	4042
465	4043
709	4044
50	4045
1	4046
578	4047
227	4048
1	4049
152	4050
50	4051
50	4052
144	4053
201	4054
1159	4055
288	4056
155	4057
137	4058
181	4059
356	4060
276	4061
69	4062
500	4063
133	4064
471	4065
99	4066
345	4067
340	4068
291	4069
46	4070
250	4071
204	4072
33	4073
294	4074
204	4075
201	4076
148	4077
655	4078
291	4079
635	4080
204	4081
494	4082
111	4083
126	4084
204	4085
116	4086
461	4087
81	4088
722	4089
176	4090
521	4091
116	4092
116	4093
468	4094
461	4095
258	4096
6	4097
25	4098
25	4099
172	4100
298	4101
254	4102
135	4103
1234	4104
135	4105
622	4106
622	4107
41	4108
408	4109
201	4110
827	4111
533	4112
227	4113
137	4114
468	4115
73	4116
179	4117
544	4118
261	4119
177	4120
337	4121
408	4122
181	4123
534	4124
117	4125
342	4126
260	4127
284	4128
100	4129
646	4130
669	4131
1251	4132
118	4133
114	4134
534	4135
375	4136
470	4137
1246	4138
118	4139
306	4140
116	4141
174	4142
139	4143
257	4144
1241	4145
603	4146
402	4147
118	4148
347	4149
174	4150
133	4151
205	4152
289	4153
116	4154
235	4155
209	4156
289	4157
407	4158
603	4159
181	4160
728	4161
253	4162
172	4163
200	4164
79	4165
114	4166
337	4167
181	4168
253	4169
181	4170
80	4171
69	4172
83	4173
338	4174
538	4175
179	4176
723	4177
181	4178
116	4179
728	4180
135	4181
135	4182
23	4183
99	4184
464	4185
728	4186
174	4187
3	4188
182	4189
3	4190
260	4191
303	4192
177	4193
24	4194
3	4195
174	4196
82	4197
1692	4198
342	4199
237	4200
66	4201
237	4202
3	4203
3	4204
24	4205
3	4206
177	4207
338	4208
23	4209
191	4210
14	4211
174	4212
260	4213
3	4214
177	4215
3	4216
837	4217
467	4218
469	4219
237	4220
123	4221
123	4222
101	4223
1	4224
43	4225
241	4226
9	4227
503	4228
595	4229
662	4230
137	4231
162	4232
231	4233
428	4234
788	4235
302	4236
6	4237
264	4238
140	4239
628	4240
280	4241
362	4242
18	4243
114	4244
595	4245
564	4246
31	4247
251	4248
220	4249
48	4250
241	4251
232	4252
302	4253
513	4254
1144	4255
524	4256
396	4257
1158	4258
1202	4259
1614	4260
1558	4261
48	4262
23	4263
241	4264
58	4265
1632	4266
491	4267
149	4268
149	4269
112	4270
486	4271
2	4272
107	4273
280	4274
25	4275
84	4276
271	4277
685	4278
91	4279
543	4280
3	4281
6	4282
176	4283
369	4284
431	4285
26	4286
340	4287
132	4288
590	4289
66	4290
1277	4291
1695	4292
605	4293
1277	4294
267	4295
1467	4296
286	4297
270	4298
66	4299
115	4300
411	4301
15	4302
22	4303
826	4304
43	4305
93	4306
848	4307
4	4308
405	4309
650	4310
1	4311
212	4312
98	4313
2	4314
169	4315
1	4316
1	4317
2	4318
468	4319
98	4320
286	4321
78	4322
6	4323
585	4324
816	4325
465	4326
655	4327
1708	4328
3	4329
135	4330
91	4331
598	4332
179	4333
51	4334
3	4335
100	4336
568	4337
1127	4338
172	4339
172	4340
71	4341
14	4342
68	4343
342	4344
6	4345
23	4346
23	4347
69	4348
384	4349
8	4350
351	4351
351	4352
351	4353
12	4354
4	4355
52	4356
266	4357
4	4358
1	4359
70	4360
278	4361
249	4362
70	4363
249	4364
55	4365
55	4366
249	4367
465	4368
228	4369
846	4370
151	4371
190	4372
198	4373
304	4374
136	4375
299	4376
90	4377
316	4378
828	4379
250	4380
336	4381
357	4382
224	4383
456	4384
44	4385
385	4386
250	4387
250	4388
1282	4389
431	4390
250	4391
74	4392
250	4393
282	4394
110	4395
411	4396
236	4397
682	4398
712	4399
816	4400
111	4401
813	4402
478	4403
221	4404
254	4405
1575	4406
384	4407
687	4408
525	4409
150	4410
168	4411
470	4412
531	4413
34	4414
154	4415
57	4416
279	4417
228	4418
281	4419
212	4420
204	4421
34	4422
234	4423
212	4424
61	4425
531	4426
61	4427
154	4428
259	4429
150	4430
345	4431
86	4432
34	4433
277	4434
559	4435
451	4436
377	4437
86	4438
476	4439
7	4440
7	4441
1283	4442
682	4443
197	4444
133	4445
196	4446
277	4447
321	4448
146	4449
520	4450
1722	4451
470	4452
228	4453
150	4454
466	4455
370	4456
389	4457
258	4458
44	4459
130	4460
259	4461
273	4462
149	4463
34	4464
678	4465
807	4466
416	4467
256	4468
6	4469
264	4470
162	4471
304	4472
466	4473
304	4474
440	4475
1280	4476
1247	4477
840	4478
350	4479
314	4480
517	4481
136	4482
298	4483
693	4484
399	4485
386	4486
137	4487
350	4488
61	4489
246	4490
451	4491
63	4492
63	4493
77	4494
6	4495
708	4496
110	4497
279	4498
479	4499
130	4500
346	4501
128	4502
63	4503
49	4504
294	4505
195	4506
599	4507
209	4508
96	4509
225	4510
847	4511
1701	4512
350	4513
287	4514
197	4515
47	4516
584	4517
63	4518
139	4519
89	4520
88	4521
374	4522
687	4523
6	4524
682	4525
332	4526
147	4527
96	4528
627	4529
533	4530
374	4531
76	4532
90	4533
54	4534
1731	4535
294	4536
163	4537
403	4538
168	4539
205	4540
531	4541
539	4542
86	4543
86	4544
16	4545
403	4546
146	4547
387	4548
209	4549
129	4550
13	4551
298	4552
68	4553
140	4554
130	4555
31	4556
93	4557
809	4558
248	4559
89	4560
705	4561
213	4562
361	4563
248	4564
73	4565
292	4566
450	4567
233	4568
221	4569
322	4570
32	4571
350	4572
167	4573
609	4574
233	4575
202	4576
86	4577
529	4578
584	4579
361	4580
709	4581
81	4582
607	4583
713	4584
838	4585
825	4586
236	4587
236	4588
695	4589
275	4590
572	4591
1248	4592
695	4593
93	4594
93	4595
485	4596
233	4597
81	4598
1282	4599
319	4600
626	4601
527	4602
16	4603
207	4604
331	4605
836	4606
167	4607
350	4608
165	4609
93	4610
444	4611
194	4612
721	4613
1238	4614
202	4615
273	4616
221	4617
290	4618
289	4619
584	4620
805	4621
817	4622
1264	4623
1687	4624
395	4625
195	4626
676	4627
145	4628
86	4629
169	4630
169	4631
598	4632
197	4633
73	4634
409	4635
251	4636
678	4637
723	4638
345	4639
834	4640
32	4641
332	4642
610	4643
676	4644
248	4645
382	4646
603	4647
88	4648
620	4649
262	4650
235	4651
203	4652
7	4653
443	4654
403	4655
465	4656
57	4657
7	4658
309	4659
420	4660
4	4661
183	4662
87	4663
22	4664
574	4665
1	4666
35	4667
230	4668
12	4669
7	4670
82	4671
3	4672
67	4673
1	4674
395	4675
70	4676
103	4677
108	4678
73	4679
75	4680
1450	4681
877	4682
878	4683
879	4684
880	4685
1296	4686
881	4687
882	4688
883	4689
885	4690
886	4691
884	4692
887	4693
888	4694
1336	4695
1297	4696
889	4697
890	4698
891	4699
742	4700
893	4701
894	4702
892	4703
895	4704
896	4705
897	4706
898	4707
1298	4708
899	4709
900	4710
901	4711
902	4712
903	4713
904	4714
1209	4715
905	4716
1338	4717
906	4718
907	4719
908	4720
1299	4721
1276	4722
909	4723
910	4724
912	4725
913	4726
911	4727
914	4728
915	4729
916	4730
917	4731
1300	4732
918	4733
919	4734
920	4735
921	4736
922	4737
923	4738
924	4739
925	4740
926	4741
1342	4742
1343	4743
1344	4744
927	4745
928	4746
1132	4747
929	4748
1267	4749
930	4750
931	4751
932	4752
933	4753
934	4754
1208	4755
1097	4756
1347	4757
936	4758
935	4759
937	4760
938	4761
1348	4762
939	4763
1301	4764
1350	4765
1351	4766
1352	4767
940	4768
941	4769
942	4770
943	4771
944	4772
945	4773
1219	4774
1459	4775
946	4776
947	4777
948	4778
949	4779
1211	4780
1354	4781
950	4782
951	4783
952	4784
1145	4785
1302	4786
953	4787
954	4788
955	4789
956	4790
957	4791
958	4792
959	4793
876	4794
1216	4795
960	4796
961	4797
963	4798
1156	4799
962	4800
1358	4801
964	4802
1166	4803
965	4804
966	4805
1133	4806
868	4807
967	4808
968	4809
969	4810
971	4811
972	4812
970	4813
973	4814
974	4815
975	4816
976	4817
1098	4818
977	4819
978	4820
979	4821
980	4822
981	4823
982	4824
983	4825
869	4826
984	4827
1265	4828
985	4829
987	4830
988	4831
986	4832
989	4833
990	4834
991	4835
992	4836
994	4837
995	4838
993	4839
1366	4840
996	4841
997	4842
998	4843
999	4844
1000	4845
1370	4846
1001	4847
1002	4848
1003	4849
1004	4850
1005	4851
872	4852
1006	4853
1007	4854
1008	4855
1010	4856
1011	4857
1009	4858
1012	4859
1013	4860
1014	4861
1373	4862
1374	4863
1379	4864
1015	4865
1380	4866
1381	4867
1642	4868
1131	4869
1652	4870
794	4871
1016	4872
1017	4873
1383	4874
1019	4875
1020	4876
1018	4877
1021	4878
1022	4879
1023	4880
1024	4881
741	4882
1384	4883
1229	4884
1025	4885
1386	4886
1270	4887
1385	4888
1026	4889
1207	4890
1027	4891
759	4892
1388	4893
1028	4894
1029	4895
1390	4896
1031	4897
1030	4898
1391	4899
1032	4900
1033	4901
1034	4902
867	4903
1035	4904
1036	4905
1037	4906
1039	4907
1040	4908
1038	4909
1041	4910
1394	4911
1042	4912
873	4913
1395	4914
1043	4915
1396	4916
1045	4917
1046	4918
1044	4919
1047	4920
1048	4921
1399	4922
1049	4923
1050	4924
1051	4925
1052	4926
1400	4927
1401	4928
1304	4929
1053	4930
1402	4931
1214	4932
1054	4933
1404	4934
1235	4935
1055	4936
1056	4937
1057	4938
1305	4939
1406	4940
1407	4941
1408	4942
1058	4943
1060	4944
1061	4945
1059	4946
1062	4947
1183	4948
1271	4949
1410	4950
1306	4951
1063	4952
1064	4953
1065	4954
1411	4955
1067	4956
1066	4957
1068	4958
1069	4959
1412	4960
1070	4961
1071	4962
1307	4963
1072	4964
1414	4965
1073	4966
1415	4967
1074	4968
1075	4969
1076	4970
1418	4971
1308	4972
1419	4973
1194	4974
1077	4975
1078	4976
1079	4977
1421	4978
1080	4979
1422	4980
1081	4981
1082	4982
1309	4983
1083	4984
1084	4985
1085	4986
1424	4987
1087	4988
1088	4989
1086	4990
1134	4991
1089	4992
1220	4993
1630	4994
1090	4995
1091	4996
1093	4997
1092	4998
1327	4999
1326	5000
1325	5001
1324	5002
1323	5003
1322	5004
1321	5005
1320	5006
1319	5007
1318	5008
1316	5009
1315	5010
1314	5011
1313	5012
1312	5013
1311	5014
1310	5015
1332	5016
1745	5017
1331	5018
1330	5019
1329	5020
1328	5021
1317	5022
178	5023
447	5024
561	5025
482	5026
1137	5027
1541	5028
1437	5029
642	5030
1095	5031
639	5032
744	5033
1511	5034
737	5035
494	5036
79	5037
8	5038
8	5039
598	5040
830	5041
189	5042
1279	5043
643	5044
643	5045
4	5046
718	5047
446	5048
332	5049
3	5050
4	5051
15	5052
1	5053
1	5054
4	5055
4	5056
280	5057
648	5058
424	5059
508	5060
508	5061
1557	5062
559	5063
567	5064
28	5065
747	5066
298	5067
571	5068
432	5069
4	5070
227	5071
270	5072
82	5073
78	5074
303	5075
529	5076
619	5077
66	5078
402	5079
66	5080
118	5081
242	5082
409	5083
401	5084
732	5085
130	5086
14	5087
24	5088
22	5089
77	5090
14	5091
23	5092
23	5093
139	5094
47	5095
695	5096
166	5097
93	5098
145	5099
68	5100
461	5101
392	5102
14	5103
62	5104
289	5105
202	5106
14	5107
812	5108
78	5109
3	5110
621	5111
314	5112
374	5113
175	5114
180	5115
261	5116
35	5117
159	5118
204	5119
159	5120
122	5121
121	5122
1	5123
169	5124
87	5125
69	5126
170	5127
35	5128
247	5129
58	5130
127	5131
1187	5132
833	5133
87	5134
373	5135
82	5136
33	5137
82	5138
188	5139
587	5140
80	5141
69	5142
235	5143
185	5144
521	5145
173	5146
164	5147
143	5148
155	5149
67	5150
431	5151
369	5152
164	5153
53	5154
263	5155
115	5156
97	5157
47	5158
96	5159
245	5160
382	5161
187	5162
4	5163
13	5164
54	5165
88	5166
553	5167
620	5168
370	5169
758	5170
611	5171
206	5172
556	5173
356	5174
803	5175
18	5176
237	5177
400	5178
3	5179
23	5180
180	5181
96	5182
66	5183
81	5184
83	5185
34	5186
1228	5187
277	5188
12	5189
271	5190
148	5191
199	5192
30	5193
329	5194
123	5195
1	5196
117	5197
96	5198
579	5199
1	5200
858	5201
148	5202
522	5203
9	5204
194	5205
9	5206
518	5207
453	5208
26	5209
642	5210
1137	5211
639	5212
744	5213
26	5214
488	5215
12	5216
138	5217
446	5218
202	5219
260	5220
265	5221
94	5222
60	5223
151	5224
12	5225
619	5226
55	5227
259	5228
115	5229
289	5230
40	5231
45	5232
1	5233
397	5234
283	5235
73	5236
112	5237
322	5238
50	5239
19	5240
307	5241
722	5242
175	5243
25	5244
238	5245
487	5246
492	5247
7	5248
175	5249
349	5250
32	5251
86	5252
209	5253
798	5254
821	5255
230	5256
17	5257
1	5258
505	5259
2	5260
422	5261
72	5262
64	5263
26	5264
5	5265
609	5266
188	5267
550	5268
548	5269
241	5270
227	5271
62	5272
342	5273
1546	5274
31	5275
31	5276
172	5277
335	5278
98	5279
180	5280
261	5281
6	5282
71	5283
20	5284
852	5285
256	5286
300	5287
30	5288
411	5289
400	5290
238	5291
238	5292
362	5293
713	5294
144	5295
433	5296
658	5297
241	5298
302	5299
241	5300
281	5301
18	5302
241	5303
188	5304
849	5305
311	5306
69	5307
1694	5308
427	5309
490	5310
199	5311
96	5312
79	5313
66	5314
1096	5315
99	5316
401	5317
241	5318
144	5319
241	5320
432	5321
1710	5322
1711	5323
1705	5324
362	5325
1699	5326
1100	5327
652	5328
55	5329
1	5330
124	5331
362	5332
284	5333
73	5334
680	5335
43	5336
267	5337
26	5338
78	5339
68	5340
524	5341
235	5342
14	5343
460	5344
656	5345
309	5346
415	5347
309	5348
264	5349
684	5350
30	5351
359	5352
638	5353
5	5354
9	5355
6	5356
66	5357
193	5358
6	5359
574	5360
98	5361
16	5362
402	5363
235	5364
185	5365
152	5366
111	5367
32	5368
446	5369
342	5370
398	5371
446	5372
4	5373
427	5374
659	5375
4	5376
14	5377
78	5378
78	5379
78	5380
234	5381
78	5382
108	5383
22	5384
188	5385
188	5386
1187	5387
314	5388
675	5389
69	5390
71	5391
247	5392
675	5393
75	5394
561	5395
23	5396
151	5397
1	5398
72	5399
58	5400
739	5401
297	5402
153	5403
45	5404
349	5405
1	5406
12	5407
53	5408
206	5409
484	5410
216	5411
328	5412
476	5413
1	5414
180	5415
83	5416
125	5417
18	5418
1477	5419
782	5420
252	5421
1239	5422
67	5423
4	5424
701	5425
4	5426
5	5427
1	5428
1	5429
4	5430
1	5431
4	5432
4	5433
12	5434
220	5435
13	5436
352	5437
164	5438
354	5439
492	5440
122	5441
1549	5442
1218	5443
536	5444
61	5445
19	5446
30	5447
5	5448
20	5449
109	5450
4	5451
672	5452
549	5453
20	5454
698	5455
1	5456
1604	5457
26	5458
29	5459
318	5460
104	5461
82	5462
106	5463
200	5464
450	5465
5	5466
657	5467
199	5468
688	5469
15	5470
594	5471
1285	5472
122	5473
612	5474
18	5475
101	5476
18	5477
18	5478
792	5479
1138	5480
3	5481
1285	5482
280	5483
433	5484
28	5485
1	5486
5	5487
109	5488
497	5489
497	5490
244	5491
17	5492
1	5493
368	5494
685	5495
373	5496
672	5497
2	5498
365	5499
672	5500
19	5501
35	5502
19	5503
22	5504
437	5505
20	5506
20	5507
670	5508
768	5509
498	5510
131	5511
26	5512
1	5513
256	5514
425	5515
382	5516
408	5517
1	5518
142	5519
746	5520
650	5521
38	5522
67	5523
79	5524
60	5525
355	5526
219	5527
375	5528
1	5529
783	5530
193	5531
1104	5532
91	5533
2	5534
2	5535
25	5536
187	5537
35	5538
2	5539
2	5540
461	5541
205	5542
33	5543
116	5544
337	5545
43	5546
242	5547
97	5548
130	5549
41	5550
10	5551
79	5552
4	5553
21	5554
1	5555
1478	5556
860	5557
757	5558
149	5559
26	5560
351	5561
5	5562
1284	5563
1	5564
1	5565
1	5566
757	5567
555	5568
39	5569
497	5570
6	5571
29	5572
552	5573
102	5574
102	5575
223	5576
65	5577
124	5578
124	5579
9	5580
1553	5581
2	5582
287	5583
256	5584
251	5585
430	5586
12	5587
498	5588
30	5589
161	5590
2	5591
581	5592
256	5593
52	5594
483	5595
105	5596
21	5597
164	5598
164	5599
54	5600
54	5601
104	5602
17	5603
1233	5604
119	5605
1	5606
266	5607
297	5608
483	5609
469	5610
20	5611
11	5612
11	5613
256	5614
1	5615
558	5616
192	5617
851	5618
17	5619
474	5620
90	5621
557	5622
26	5623
5	5624
161	5625
40	5626
1	5627
47	5628
44	5629
1	5630
138	5631
33	5632
228	5633
450	5634
232	5635
91	5636
91	5637
94	5638
689	5639
8	5640
566	5641
88	5642
374	5643
251	5644
1	5645
434	5646
1602	5647
109	5648
232	5649
160	5650
92	5651
5	5652
136	5653
76	5654
486	5655
104	5656
143	5657
866	5658
344	5659
860	5660
1	5661
1	5662
330	5663
106	5664
7	5665
238	5666
37	5667
28	5668
217	5669
311	5670
1636	5671
153	5672
153	5673
153	5674
340	5675
42	5676
58	5677
229	5678
690	5679
690	5680
318	5681
609	5682
252	5683
209	5684
2	5685
2	5686
1210	5687
48	5688
2	5689
4	5690
48	5691
214	5692
1	5693
123	5694
8	5695
13	5696
373	5697
4	5698
143	5699
214	5700
72	5701
117	5702
449	5703
342	5704
538	5705
342	5706
1668	5707
3	5708
81	5709
5	5710
201	5711
124	5712
402	5713
683	5714
65	5715
1	5716
456	5717
310	5718
4	5719
28	5720
58	5721
671	5722
87	5723
111	5724
578	5725
10	5726
554	5727
36	5728
103	5729
763	5730
625	5731
112	5732
27	5733
295	5734
717	5735
63	5736
159	5737
433	5738
313	5739
664	5740
14	5741
561	5742
490	5743
859	5744
314	5745
1	5746
2	5747
322	5748
8	5749
8	5750
8	5751
148	5752
827	5753
628	5754
30	5755
30	5756
123	5757
358	5758
79	5759
189	5760
37	5761
12	5762
12	5763
12	5764
30	5765
2	5766
1154	5767
9	5768
149	5769
391	5770
8	5771
5	5772
234	5773
337	5774
521	5775
179	5776
315	5777
341	5778
134	5779
11	5780
64	5781
301	5782
4	5783
4	5784
4	5785
29	5786
4	5787
4	5788
4	5789
4	5790
1141	5791
482	5792
4	5793
4	5794
19	5795
15	5796
15	5797
15	5798
28	5799
19	5800
4	5801
4	5802
1	5803
1598	5804
516	5805
37	5806
131	5807
5	5808
21	5809
2	5810
270	5811
524	5812
287	5813
53	5814
147	5815
586	5816
119	5817
34	5818
285	5819
462	5820
11	5821
197	5822
163	5823
93	5824
336	5825
264	5826
76	5827
98	5828
106	5829
177	5830
3	5831
45	5832
103	5833
52	5834
3	5835
11	5836
434	5837
27	5838
318	5839
37	5840
630	5841
30	5842
352	5843
2	5844
112	5845
37	5846
110	5847
286	5848
315	5849
1	5850
692	5851
603	5852
256	5853
287	5854
119	5855
486	5856
111	5857
75	5858
485	5859
150	5860
278	5861
1	5862
412	5863
6	5864
230	5865
1	5866
150	5867
3	5868
3	5869
305	5870
3	5871
821	5872
183	5873
783	5874
5	5875
279	5876
8	5877
244	5878
12	5879
194	5880
3	5881
3	5882
3	5883
375	5884
6	5885
182	5886
623	5887
39	5888
86	5889
35	5890
86	5891
97	5892
45	5893
697	5894
49	5895
1	5896
172	5897
51	5898
177	5899
233	5900
1	5901
193	5902
193	5903
193	5904
193	5905
103	5906
64	5907
64	5908
64	5909
64	5910
408	5911
50	5912
9	5913
333	5914
84	5915
143	5916
7	5917
60	5918
467	5919
76	5920
80	5921
242	5922
27	5923
27	5924
27	5925
141	5926
59	5927
7	5928
27	5929
7	5930
7	5931
27	5932
125	5933
401	5934
436	5935
1	5936
380	5937
144	5938
1	5939
1	5940
25	5941
766	5942
77	5943
53	5944
73	5945
73	5946
158	5947
373	5948
875	5949
509	5950
784	5951
548	5952
487	5953
487	5954
101	5955
30	5956
122	5957
4	5958
382	5959
159	5960
21	5961
372	5962
84	5963
84	5964
30	5965
5	5966
15	5967
41	5968
22	5969
123	5970
1	5971
62	5972
39	5973
5	5974
91	5975
333	5976
51	5977
630	5978
154	5979
2	5980
100	5981
126	5982
13	5983
259	5984
1	5985
218	5986
198	5987
90	5988
422	5989
84	5990
126	5991
130	5992
11	5993
44	5994
355	5995
363	5996
114	5997
1740	5998
65	5999
32	6000
1186	6001
103	6002
259	6003
323	6004
9	6005
70	6006
166	6007
233	6008
145	6009
45	6010
25	6011
187	6012
20	6013
41	6014
25	6015
41	6016
104	6017
7	6018
214	6019
85	6020
270	6021
2	6022
27	6023
41	6024
88	6025
109	6026
419	6027
30	6028
28	6029
60	6030
30	6031
24	6032
469	6033
1106	6034
469	6035
1712	6036
33	6037
313	6038
42	6039
27	6040
1504	6041
443	6042
217	6043
313	6044
365	6045
1507	6046
271	6047
51	6048
188	6049
439	6050
1141	6051
164	6052
163	6053
500	6054
648	6055
192	6056
5	6057
84	6058
313	6059
23	6060
163	6061
1572	6062
435	6063
13	6064
540	6065
717	6066
146	6067
54	6068
271	6069
72	6070
51	6071
95	6072
106	6073
159	6074
1514	6075
186	6076
1520	6077
42	6078
192	6079
481	6080
2	6081
1148	6082
686	6083
1148	6084
138	6085
189	6086
1	6087
123	6088
357	6089
51	6090
283	6091
1151	6092
2	6093
156	6094
5	6095
62	6096
260	6097
810	6098
855	6099
366	6100
119	6101
303	6102
22	6103
305	6104
77	6105
747	6106
404	6107
31	6108
1224	6109
247	6110
1293	6111
138	6112
94	6113
26	6114
14	6115
409	6116
37	6117
110	6118
162	6119
162	6120
110	6121
1542	6122
22	6123
345	6124
225	6125
92	6126
16	6127
185	6128
181	6129
357	6130
28	6131
564	6132
17	6133
388	6134
237	6135
106	6136
583	6137
162	6138
300	6139
597	6140
299	6141
34	6142
335	6143
291	6144
417	6145
714	6146
376	6147
206	6148
152	6149
33	6150
68	6151
44	6152
95	6153
383	6154
357	6155
26	6156
16	6157
503	6158
69	6159
427	6160
336	6161
65	6162
65	6163
64	6164
79	6165
268	6166
181	6167
299	6168
835	6169
272	6170
135	6171
167	6172
156	6173
128	6174
510	6175
321	6176
455	6177
201	6178
315	6179
111	6180
293	6181
116	6182
299	6183
178	6184
86	6185
34	6186
70	6187
279	6188
171	6189
103	6190
560	6191
702	6192
383	6193
65	6194
232	6195
1162	6196
330	6197
53	6198
4	6199
144	6200
732	6201
732	6202
320	6203
189	6204
368	6205
59	6206
163	6207
41	6208
67	6209
507	6210
71	6211
607	6212
1721	6213
52	6214
332	6215
706	6216
846	6217
123	6218
208	6219
3	6220
97	6221
286	6222
3	6223
169	6224
2	6225
479	6226
1	6227
442	6228
190	6229
409	6230
3	6231
3	6232
810	6233
2	6234
211	6235
293	6236
91	6237
158	6238
296	6239
87	6240
36	6241
1108	6242
17	6243
66	6244
89	6245
161	6246
823	6247
1	6248
1	6249
1	6250
155	6251
301	6252
394	6253
175	6254
127	6255
5	6256
78	6257
70	6258
1646	6259
213	6260
65	6261
1	6262
4	6263
1278	6264
70	6265
426	6266
351	6267
479	6268
3	6269
447	6270
535	6271
55	6272
709	6273
774	6274
6	6275
86	6276
398	6277
134	6278
445	6279
250	6280
279	6281
135	6282
94	6283
129	6284
70	6285
64	6286
33	6287
89	6288
212	6289
2	6290
137	6291
3	6292
123	6293
30	6294
261	6295
160	6296
295	6297
629	6298
27	6299
426	6300
194	6301
65	6302
191	6303
191	6304
2	6305
560	6306
499	6307
301	6308
147	6309
129	6310
716	6311
453	6312
61	6313
176	6314
207	6315
703	6316
61	6317
1174	6318
607	6319
160	6320
201	6321
173	6322
604	6323
101	6324
3	6325
771	6326
303	6327
462	6328
173	6329
173	6330
209	6331
6	6332
614	6333
485	6334
627	6335
605	6336
16	6337
325	6338
96	6339
195	6340
411	6341
1263	6342
39	6343
210	6344
39	6345
7	6346
222	6347
160	6348
169	6349
529	6350
391	6351
544	6352
304	6353
304	6354
1682	6355
98	6356
256	6357
224	6358
200	6359
3	6360
341	6361
345	6362
462	6363
6	6364
16	6365
100	6366
262	6367
66	6368
682	6369
73	6370
378	6371
43	6372
96	6373
66	6374
289	6375
309	6376
160	6377
716	6378
33	6379
248	6380
98	6381
24	6382
517	6383
1258	6384
157	6385
1147	6386
237	6387
1734	6388
56	6389
193	6390
210	6391
96	6392
73	6393
462	6394
207	6395
584	6396
428	6397
119	6398
45	6399
159	6400
2	6401
8	6402
341	6403
170	6404
549	6405
4	6406
185	6407
1140	6408
486	6409
85	6410
1	6411
15	6412
79	6413
1587	6414
238	6415
489	6416
159	6417
324	6418
324	6419
28	6420
324	6421
423	6422
1	6423
129	6424
359	6425
38	6426
38	6427
38	6428
26	6429
127	6430
85	6431
553	6432
89	6433
1	6434
390	6435
47	6436
14	6437
366	6438
128	6439
1102	6440
273	6441
155	6442
287	6443
1	6444
58	6445
5	6446
191	6447
40	6448
1	6449
24	6450
26	6451
130	6452
1	6453
414	6454
93	6455
15	6456
15	6457
15	6458
3	6459
15	6460
15	6461
101	6462
15	6463
15	6464
210	6465
637	6466
15	6467
15	6468
15	6469
15	6470
15	6471
15	6472
485	6473
725	6474
200	6475
34	6476
252	6477
252	6478
200	6479
39	6480
39	6481
330	6482
101	6483
554	6484
41	6485
380	6486
1606	6487
25	6488
97	6489
448	6490
95	6491
2	6492
106	6493
25	6494
10	6495
238	6496
276	6497
231	6498
1574	6499
665	6500
734	6501
770	6502
688	6503
688	6504
1144	6505
665	6506
285	6507
219	6508
333	6509
84	6510
43	6511
80	6512
125	6513
704	6514
208	6515
1609	6516
2	6517
94	6518
47	6519
658	6520
117	6521
9	6522
255	6523
574	6524
464	6525
139	6526
281	6527
415	6528
170	6529
68	6530
805	6531
138	6532
335	6533
415	6534
251	6535
251	6536
251	6537
251	6538
251	6539
653	6540
2	6541
73	6542
216	6543
583	6544
460	6545
514	6546
360	6547
514	6548
348	6549
103	6550
623	6551
443	6552
28	6553
47	6554
47	6555
47	6556
247	6557
267	6558
17	6559
1108	6560
122	6561
19	6562
576	6563
161	6564
247	6565
36	6566
514	6567
1648	6568
9	6569
9	6570
618	6571
50	6572
50	6573
50	6574
657	6575
217	6576
104	6577
30	6578
67	6579
54	6580
328	6581
52	6582
218	6583
142	6584
142	6585
681	6586
346	6587
634	6588
634	6589
1257	6590
148	6591
124	6592
313	6593
223	6594
283	6595
283	6596
340	6597
340	6598
333	6599
1555	6600
170	6601
277	6602
850	6603
291	6604
578	6605
430	6606
176	6607
211	6608
240	6609
577	6610
663	6611
1146	6612
160	6613
7	6614
60	6615
583	6616
3	6617
408	6618
308	6619
180	6620
182	6621
66	6622
295	6623
99	6624
1175	6625
19	6626
576	6627
142	6628
61	6629
467	6630
18	6631
49	6632
167	6633
532	6634
49	6635
1571	6636
599	6637
145	6638
1228	6639
519	6640
103	6641
392	6642
371	6643
771	6644
421	6645
435	6646
379	6647
656	6648
415	6649
415	6650
149	6651
3	6652
406	6653
16	6654
704	6655
28	6656
135	6657
1568	6658
353	6659
51	6660
475	6661
475	6662
658	6663
3	6664
23	6665
1162	6666
1222	6667
229	6668
297	6669
167	6670
146	6671
123	6672
29	6673
4	6674
765	6675
1158	6676
20	6677
4	6678
1121	6679
144	6680
730	6681
91	6682
334	6683
123	6684
244	6685
730	6686
427	6687
280	6688
218	6689
484	6690
424	6691
2	6692
144	6693
1453	6694
490	6695
1204	6696
12	6697
29	6698
201	6699
132	6700
224	6701
284	6702
842	6703
134	6704
194	6705
70	6706
399	6707
5	6708
24	6709
99	6710
14	6711
55	6712
55	6713
318	6714
517	6715
1728	6716
839	6717
1099	6718
132	6719
266	6720
17	6721
4	6722
192	6723
367	6724
119	6725
1	6726
471	6727
17	6728
35	6729
239	6730
170	6731
441	6732
576	6733
239	6734
107	6735
127	6736
7	6737
37	6738
100	6739
377	6740
186	6741
860	6742
413	6743
80	6744
60	6745
1654	6746
297	6747
114	6748
21	6749
1112	6750
55	6751
700	6752
1196	6753
1461	6754
1610	6755
315	6756
134	6757
780	6758
152	6759
1508	6760
157	6761
456	6762
26	6763
329	6764
409	6765
754	6766
216	6767
1103	6768
165	6769
874	6770
1213	6771
304	6772
348	6773
114	6774
95	6775
416	6776
631	6777
6	6778
853	6779
179	6780
381	6781
253	6782
281	6783
322	6784
150	6785
243	6786
587	6787
145	6788
791	6789
184	6790
221	6791
310	6792
174	6793
500	6794
220	6795
220	6796
251	6797
113	6798
139	6799
1635	6800
132	6801
44	6802
824	6803
250	6804
704	6805
581	6806
309	6807
9	6808
1222	6809
727	6810
1167	6811
249	6812
132	6813
378	6814
591	6815
209	6816
699	6817
591	6818
445	6819
441	6820
657	6821
113	6822
102	6823
251	6824
120	6825
120	6826
121	6827
644	6828
216	6829
323	6830
5	6831
216	6832
556	6833
1289	6834
1290	6835
649	6836
223	6837
206	6838
159	6839
586	6840
484	6841
191	6842
296	6843
1094	6844
37	6845
36	6846
145	6847
122	6848
689	6849
594	6850
139	6851
2	6852
202	6853
255	6854
279	6855
129	6856
767	6857
111	6858
157	6859
142	6860
76	6861
51	6862
585	6863
1147	6864
1	6865
122	6866
752	6867
283	6868
215	6869
367	6870
323	6871
182	6872
102	6873
37	6874
190	6875
439	6876
536	6877
22	6878
17	6879
274	6880
1723	6881
172	6882
65	6883
261	6884
55	6885
380	6886
396	6887
147	6888
584	6889
456	6890
286	6891
361	6892
726	6893
128	6894
729	6895
451	6896
55	6897
632	6898
46	6899
178	6900
407	6901
263	6902
114	6903
86	6904
101	6905
719	6906
463	6907
226	6908
845	6909
14	6910
255	6911
261	6912
472	6913
1248	6914
396	6915
414	6916
466	6917
444	6918
131	6919
278	6920
693	6921
201	6922
237	6923
329	6924
184	6925
627	6926
150	6927
190	6928
292	6929
243	6930
354	6931
5	6932
104	6933
198	6934
253	6935
234	6936
326	6937
491	6938
1142	6939
402	6940
763	6941
1729	6942
238	6943
421	6944
500	6945
1184	6946
299	6947
134	6948
348	6949
230	6950
81	6951
566	6952
231	6953
117	6954
202	6955
611	6956
465	6957
160	6958
561	6959
34	6960
519	6961
108	6962
290	6963
817	6964
408	6965
227	6966
134	6967
181	6968
412	6969
157	6970
40	6971
325	6972
412	6973
1201	6974
522	6975
531	6976
322	6977
288	6978
802	6979
284	6980
1261	6981
269	6982
493	6983
329	6984
383	6985
329	6986
412	6987
240	6988
113	6989
97	6990
31	6991
291	6992
1203	6993
699	6994
563	6995
1203	6996
82	6997
1154	6998
44	6999
310	7000
204	7001
1665	7002
229	7003
179	7004
406	7005
711	7006
92	7007
262	7008
389	7009
179	7010
179	7011
502	7012
814	7013
156	7014
46	7015
44	7016
686	7017
44	7018
195	7019
44	7020
179	7021
693	7022
325	7023
684	7024
69	7025
263	7026
581	7027
328	7028
412	7029
111	7030
31	7031
725	7032
1603	7033
457	7034
277	7035
112	7036
70	7037
39	7038
399	7039
44	7040
221	7041
581	7042
50	7043
248	7044
108	7045
248	7046
833	7047
704	7048
120	7049
130	7050
233	7051
227	7052
134	7053
50	7054
168	7055
631	7056
222	7057
149	7058
39	7059
338	7060
284	7061
6	7062
610	7063
537	7064
134	7065
412	7066
98	7067
135	7068
190	7069
34	7070
477	7071
637	7072
415	7073
34	7074
327	7075
291	7076
292	7077
270	7078
34	7079
1266	7080
314	7081
307	7082
1	7083
133	7084
118	7085
81	7086
568	7087
1566	7088
1623	7089
292	7090
1275	7091
313	7092
1519	7093
5	7094
223	7095
697	7096
1578	7097
705	7098
347	7099
474	7100
386	7101
4	7102
711	7103
282	7104
554	7105
162	7106
219	7107
240	7108
344	7109
99	7110
1645	7111
1255	7112
1243	7113
474	7114
21	7115
2	7116
28	7117
21	7118
72	7119
42	7120
6	7121
85	7122
5	7123
85	7124
238	7125
192	7126
76	7127
76	7128
35	7129
503	7130
24	7131
16	7132
15	7133
324	7134
86	7135
69	7136
498	7137
322	7138
195	7139
63	7140
95	7141
679	7142
764	7143
213	7144
398	7145
185	7146
230	7147
1151	7148
423	7149
16	7150
304	7151
1600	7152
524	7153
404	7154
667	7155
644	7156
479	7157
516	7158
832	7159
316	7160
694	7161
321	7162
384	7163
626	7164
64	7165
809	7166
46	7167
510	7168
136	7169
751	7170
62	7171
513	7172
17	7173
489	7174
489	7175
489	7176
1	7177
649	7178
4	7179
360	7180
654	7181
348	7182
38	7183
502	7184
390	7185
554	7186
390	7187
387	7188
355	7189
457	7190
236	7191
203	7192
6	7193
400	7194
429	7195
307	7196
112	7197
301	7198
132	7199
619	7200
205	7201
130	7202
50	7203
269	7204
207	7205
24	7206
379	7207
239	7208
355	7209
363	7210
77	7211
205	7212
846	7213
117	7214
1175	7215
209	7216
523	7217
270	7218
59	7219
1	7220
819	7221
67	7222
67	7223
593	7224
724	7225
42	7226
176	7227
1	7228
245	7229
546	7230
62	7231
164	7232
770	7233
488	7234
567	7235
4	7236
689	7237
2	7238
268	7239
770	7240
659	7241
26	7242
557	7243
750	7244
176	7245
17	7246
465	7247
791	7248
599	7249
599	7250
21	7251
72	7252
1	7253
46	7254
98	7255
413	7256
121	7257
750	7258
750	7259
65	7260
789	7261
324	7262
696	7263
432	7264
2	7265
772	7266
1	7267
152	7268
17	7269
266	7270
59	7271
219	7272
294	7273
231	7274
375	7275
129	7276
221	7277
51	7278
22	7279
79	7280
534	7281
356	7282
221	7283
177	7284
455	7285
1718	7286
341	7287
399	7288
108	7289
376	7290
23	7291
572	7292
274	7293
472	7294
50	7295
113	7296
624	7297
512	7298
528	7299
218	7300
34	7301
168	7302
1661	7303
314	7304
229	7305
168	7306
50	7307
204	7308
435	7309
588	7310
272	7311
287	7312
18	7313
355	7314
635	7315
62	7316
363	7317
135	7318
297	7319
78	7320
18	7321
597	7322
522	7323
319	7324
162	7325
269	7326
133	7327
108	7328
116	7329
180	7330
22	7331
414	7332
388	7333
335	7334
344	7335
596	7336
632	7337
156	7338
239	7339
207	7340
97	7341
375	7342
596	7343
182	7344
118	7345
6	7346
628	7347
278	7348
263	7349
278	7350
420	7351
312	7352
813	7353
338	7354
303	7355
292	7356
112	7357
115	7358
810	7359
1116	7360
332	7361
78	7362
232	7363
78	7364
1252	7365
155	7366
32	7367
482	7368
670	7369
259	7370
127	7371
266	7372
644	7373
616	7374
44	7375
1239	7376
605	7377
804	7378
457	7379
6	7380
841	7381
94	7382
66	7383
3	7384
3	7385
224	7386
1218	7387
1197	7388
66	7389
6	7390
303	7391
769	7392
1252	7393
746	7394
159	7395
1	7396
2	7397
1588	7398
710	7399
645	7400
728	7401
1217	7402
74	7403
75	7404
13	7405
605	7406
609	7407
710	7408
838	7409
825	7410
305	7411
35	7412
13	7413
323	7414
323	7415
737	7416
1677	7417
357	7418
28	7419
3	7420
105	7421
162	7422
53	7423
67	7424
1615	7425
53	7426
125	7427
54	7428
41	7429
203	7430
159	7431
806	7432
110	7433
223	7434
16	7435
110	7436
185	7437
819	7438
108	7439
521	7440
310	7441
149	7442
58	7443
39	7444
118	7445
185	7446
194	7447
844	7448
1703	7449
41	7450
84	7451
790	7452
89	7453
847	7454
300	7455
69	7456
222	7457
464	7458
308	7459
208	7460
31	7461
726	7462
116	7463
6	7464
101	7465
234	7466
177	7467
177	7468
160	7469
8	7470
75	7471
232	7472
361	7473
1246	7474
50	7475
787	7476
386	7477
193	7478
16	7479
465	7480
124	7481
491	7482
816	7483
432	7484
147	7485
302	7486
530	7487
712	7488
542	7489
443	7490
541	7491
151	7492
61	7493
275	7494
40	7495
845	7496
130	7497
474	7498
22	7499
114	7500
210	7501
477	7502
24	7503
513	7504
510	7505
435	7506
295	7507
296	7508
269	7509
50	7510
116	7511
380	7512
156	7513
371	7514
800	7515
128	7516
694	7517
49	7518
806	7519
390	7520
696	7521
218	7522
705	7523
612	7524
32	7525
588	7526
429	7527
224	7528
285	7529
136	7530
398	7531
353	7532
840	7533
140	7534
18	7535
34	7536
391	7537
452	7538
182	7539
68	7540
205	7541
480	7542
81	7543
530	7544
354	7545
166	7546
623	7547
22	7548
16	7549
71	7550
24	7551
3	7552
152	7553
837	7554
126	7555
217	7556
127	7557
126	7558
126	7559
67	7560
54	7561
187	7562
187	7563
48	7564
75	7565
85	7566
126	7567
75	7568
217	7569
164	7570
13	7571
90	7572
27	7573
48	7574
164	7575
281	7576
1684	7577
13	7578
31	7579
1249	7580
495	7581
795	7582
208	7583
385	7584
113	7585
707	7586
621	7587
110	7588
229	7589
386	7590
152	7591
3	7592
815	7593
458	7594
210	7595
47	7596
222	7597
81	7598
189	7599
70	7600
155	7601
257	7602
196	7603
198	7604
134	7605
216	7606
378	7607
160	7608
526	7609
445	7610
354	7611
401	7612
338	7613
39	7614
227	7615
219	7616
97	7617
1223	7618
160	7619
257	7620
361	7621
253	7622
17	7623
508	7624
272	7625
29	7626
312	7627
200	7628
17	7629
430	7630
57	7631
245	7632
33	7633
234	7634
385	7635
1	7636
112	7637
1188	7638
528	7639
273	7640
85	7641
1460	7642
1251	7643
108	7644
22	7645
252	7646
8	7647
161	7648
64	7649
483	7650
306	7651
194	7652
593	7653
520	7654
211	7655
692	7656
292	7657
36	7658
859	7659
157	7660
7	7661
311	7662
1107	7663
147	7664
786	7665
346	7666
656	7667
771	7668
26	7669
188	7670
189	7671
496	7672
651	7673
861	7674
504	7675
206	7676
35	7677
654	7678
504	7679
402	7680
402	7681
243	7682
243	7683
243	7684
457	7685
457	7686
95	7687
268	7688
268	7689
40	7690
40	7691
840	7692
830	7693
281	7694
281	7695
18	7696
257	7697
169	7698
243	7699
440	7700
40	7701
39	7702
26	7703
211	7704
211	7705
211	7706
231	7707
288	7708
676	7709
136	7710
3	7711
611	7712
447	7713
604	7714
9	7715
1206	7716
94	7717
39	7718
1169	7719
1122	7720
755	7721
1124	7722
107	7723
21	7724
82	7725
585	7726
379	7727
19	7728
19	7729
4	7730
1543	7731
1152	7732
239	7733
526	7734
216	7735
49	7736
454	7737
238	7738
190	7739
288	7740
194	7741
240	7742
376	7743
302	7744
302	7745
199	7746
142	7747
400	7748
266	7749
266	7750
17	7751
453	7752
112	7753
125	7754
183	7755
27	7756
127	7757
1739	7758
87	7759
26	7760
374	7761
38	7762
194	7763
384	7764
289	7765
139	7766
1120	7767
2	7768
234	7769
473	7770
234	7771
195	7772
450	7773
387	7774
182	7775
600	7776
541	7777
83	7778
92	7779
39	7780
294	7781
202	7782
700	7783
378	7784
240	7785
388	7786
339	7787
702	7788
202	7789
499	7790
461	7791
276	7792
129	7793
14	7794
274	7795
292	7796
232	7797
517	7798
82	7799
1	7800
274	7801
40	7802
55	7803
429	7804
112	7805
113	7806
417	7807
731	7808
776	7809
776	7810
442	7811
501	7812
44	7813
98	7814
415	7815
55	7816
286	7817
315	7818
222	7819
17	7820
46	7821
205	7822
82	7823
82	7824
413	7825
134	7826
134	7827
134	7828
134	7829
546	7830
379	7831
546	7832
182	7833
1462	7834
665	7835
678	7836
234	7837
546	7838
18	7839
18	7840
18	7841
18	7842
18	7843
727	7844
18	7845
18	7846
779	7847
245	7848
154	7849
29	7850
1261	7851
779	7852
824	7853
824	7854
226	7855
314	7856
339	7857
527	7858
114	7859
307	7860
49	7861
472	7862
57	7863
129	7864
518	7865
205	7866
280	7867
333	7868
1221	7869
319	7870
662	7871
327	7872
108	7873
1181	7874
595	7875
250	7876
434	7877
282	7878
418	7879
391	7880
348	7881
256	7882
196	7883
667	7884
174	7885
180	7886
308	7887
255	7888
156	7889
156	7890
121	7891
541	7892
185	7893
185	7894
466	7895
118	7896
47	7897
347	7898
337	7899
338	7900
458	7901
534	7902
473	7903
208	7904
723	7905
249	7906
702	7907
101	7908
276	7909
287	7910
1238	7911
721	7912
147	7913
16	7914
9	7915
183	7916
309	7917
1257	7918
290	7919
117	7920
459	7921
140	7922
140	7923
627	7924
147	7925
257	7926
61	7927
385	7928
155	7929
301	7930
633	7931
499	7932
522	7933
236	7934
66	7935
209	7936
706	7937
277	7938
354	7939
856	7940
522	7941
327	7942
358	7943
307	7944
600	7945
46	7946
313	7947
313	7948
313	7949
215	7950
566	7951
269	7952
140	7953
807	7954
360	7955
194	7956
196	7957
294	7958
335	7959
150	7960
63	7961
194	7962
294	7963
86	7964
44	7965
190	7966
57	7967
285	7968
493	7969
98	7970
110	7971
708	7972
166	7973
520	7974
8	7975
521	7976
541	7977
307	7978
185	7979
236	7980
223	7981
715	7982
219	7983
65	7984
260	7985
219	7986
452	7987
32	7988
106	7989
117	7990
559	7991
250	7992
346	7993
420	7994
181	7995
173	7996
49	7997
152	7998
430	7999
157	8000
57	8001
133	8002
841	8003
1686	8004
220	8005
293	8006
662	8007
274	8008
721	8009
361	8010
96	8011
96	8012
96	8013
500	8014
1601	8015
9	8016
685	8017
119	8018
19	8019
112	8020
749	8021
179	8022
207	8023
289	8024
118	8025
113	8026
3	8027
633	8028
695	8029
173	8030
664	8031
726	8032
312	8033
153	8034
526	8035
6	8036
1719	8037
254	8038
818	8039
210	8040
399	8041
116	8042
516	8043
494	8044
494	8045
61	8046
108	8047
312	8048
1517	8049
255	8050
818	8051
1720	8052
463	8053
520	8054
727	8055
707	8056
57	8057
405	8058
1667	8059
399	8060
162	8061
46	8062
403	8063
62	8064
356	8065
57	8066
421	8067
420	8068
3	8069
166	8070
166	8071
114	8072
114	8073
114	8074
114	8075
829	8076
7	8077
12	8078
11	8079
35	8080
481	8081
27	8082
344	8083
53	8084
681	8085
416	8086
109	8087
2	8088
120	8089
55	8090
326	8091
32	8092
659	8093
540	8094
89	8095
557	8096
557	8097
51	8098
266	8099
620	8100
364	8101
831	8102
761	8103
343	8104
381	8105
234	8106
392	8107
628	8108
542	8109
472	8110
376	8111
270	8112
52	8113
56	8114
10	8115
36	8116
46	8117
31	8118
54	8119
75	8120
19	8121
2	8122
607	8123
161	8124
428	8125
370	8126
74	8127
437	8128
284	8129
31	8130
80	8131
339	8132
175	8133
80	8134
456	8135
1178	8136
254	8137
443	8138
204	8139
163	8140
569	8141
5	8142
84	8143
85	8144
449	8145
455	8146
31	8147
44	8148
247	8149
74	8150
608	8151
62	8152
472	8153
33	8154
8	8155
42	8156
563	8157
9	8158
52	8159
8	8160
65	8161
694	8162
268	8163
1143	8164
16	8165
132	8166
105	8167
272	8168
6	8169
612	8170
538	8171
302	8172
212	8173
529	8174
226	8175
347	8176
31	8177
8	8178
5	8179
137	8180
81	8181
229	8182
163	8183
75	8184
210	8185
90	8186
34	8187
128	8188
1199	8189
107	8190
468	8191
46	8192
733	8193
768	8194
8	8195
90	8196
19	8197
404	8198
193	8199
31	8200
280	8201
295	8202
90	8203
54	8204
37	8205
141	8206
81	8207
31	8208
1157	8209
331	8210
29	8211
90	8212
107	8213
53	8214
337	8215
1685	8216
111	8217
364	8218
100	8219
404	8220
99	8221
273	8222
96	8223
158	8224
158	8225
158	8226
506	8227
563	8228
334	8229
1160	8230
107	8231
107	8232
126	8233
1244	8234
317	8235
1714	8236
348	8237
81	8238
769	8239
447	8240
1258	8241
844	8242
126	8243
91	8244
21	8245
1	8246
357	8247
1	8248
11	8249
624	8250
735	8251
1113	8252
82	8253
280	8254
698	8255
3	8256
612	8257
66	8258
154	8259
1115	8260
389	8261
33	8262
1457	8263
1458	8264
1435	8265
1443	8266
1743	8267
49	8268
258	8269
762	8270
740	8271
740	8272
82	8273
327	8274
762	8275
610	8276
319	8277
40	8278
300	8279
164	8280
369	8281
67	8282
41	8283
168	8284
487	8285
1103	8286
110	8287
643	8288
20	8289
2	8290
4	8291
4	8292
7	8293
376	8294
376	8295
168	8296
35	8297
15	8298
15	8299
35	8300
870	8301
871	8302
1303	8303
794	8304
741	8305
759	8306
35	8307
35	8308
666	8309
337	8310
125	8311
107	8312
196	8313
292	8314
9	8315
28	8316
164	8317
619	8318
31	8319
31	8320
244	8321
34	8322
268	8323
310	8324
592	8325
156	8326
41	8327
88	8328
253	8329
196	8330
100	8331
614	8332
587	8333
17	8334
387	8335
793	8336
381	8337
339	8338
37	8339
139	8340
1474	8341
657	8342
178	8343
179	8344
5	8345
151	8346
140	8347
675	8348
535	8349
493	8350
481	8351
2	8352
320	8353
760	8354
1198	8355
7	8356
6	8357
104	8358
76	8359
184	8360
1105	8361
186	8362
1469	8363
645	8364
1125	8365
269	8366
177	8367
55	8368
436	8369
113	8370
485	8371
334	8372
32	8373
1172	8374
1160	8375
516	8376
850	8377
306	8378
17	8379
540	8380
1	8381
244	8382
108	8383
175	8384
539	8385
228	8386
97	8387
189	8388
1096	8389
88	8390
369	8391
163	8392
103	8393
444	8394
146	8395
246	8396
203	8397
101	8398
62	8399
17	8400
602	8401
354	8402
89	8403
422	8404
89	8405
677	8406
518	8407
110	8408
66	8409
6	8410
820	8411
1165	8412
372	8413
195	8414
246	8415
371	8416
512	8417
32	8418
388	8419
6	8420
162	8421
446	8422
392	8423
1262	8424
68	8425
43	8426
571	8427
626	8428
444	8429
454	8430
839	8431
304	8432
338	8433
533	8434
295	8435
631	8436
467	8437
57	8438
151	8439
14	8440
1217	8441
200	8442
620	8443
308	8444
306	8445
535	8446
101	8447
190	8448
233	8449
226	8450
207	8451
814	8452
197	8453
227	8454
201	8455
1268	8456
296	8457
388	8458
335	8459
1242	8460
178	8461
254	8462
150	8463
684	8464
147	8465
388	8466
233	8467
743	8468
602	8469
1640	8470
1259	8471
624	8472
4	8473
8	8474
8	8475
8	8476
8	8477
29	8478
49	8479
417	8480
615	8481
349	8482
842	8483
348	8484
103	8485
170	8486
691	8487
218	8488
500	8489
312	8490
28	8491
28	8492
28	8493
391	8494
5	8495
1516	8496
489	8497
410	8498
1126	8499
514	8500
636	8501
369	8502
164	8503
501	8504
471	8505
42	8506
176	8507
131	8508
327	8509
142	8510
1690	8511
549	8512
1	8513
309	8514
1	8515
310	8516
636	8517
1	8518
1	8519
152	8520
3	8521
98	8522
6	8523
223	8524
44	8525
223	8526
222	8527
733	8528
170	8529
15	8530
51	8531
589	8532
47	8533
43	8534
115	8535
232	8536
78	8537
115	8538
32	8539
32	8540
32	8541
164	8542
1	8543
24	8544
401	8545
2	8546
391	8547
140	8548
455	8549
45	8550
238	8551
3	8552
2	8553
3	8554
131	8555
231	8556
171	8557
226	8558
171	8559
2	8560
586	8561
33	8562
28	8563
105	8564
1479	8565
121	8566
13	8567
21	8568
10	8569
480	8570
636	8571
1193	8572
42	8573
22	8574
616	8575
173	8576
176	8577
397	8578
328	8579
206	8580
410	8581
446	8582
683	8583
505	8584
115	8585
66	8586
115	8587
499	8588
194	8589
55	8590
17	8591
604	8592
354	8593
2	8594
597	8595
653	8596
743	8597
1	8598
83	8599
274	8600
356	8601
332	8602
464	8603
87	8604
46	8605
200	8606
707	8607
325	8608
23	8609
175	8610
731	8611
140	8612
449	8613
670	8614
56	8615
11	8616
141	8617
7	8618
7	8619
187	8620
59	8621
656	8622
7	8623
76	8624
59	8625
59	8626
163	8627
163	8628
7	8629
13	8630
27	8631
27	8632
7	8633
553	8634
366	8635
7	8636
7	8637
27	8638
56	8639
10	8640
142	8641
399	8642
727	8643
399	8644
32	8645
32	8646
511	8647
404	8648
1700	8649
32	8650
1709	8651
1715	8652
332	8653
131	8654
131	8655
131	8656
131	8657
414	8658
773	8659
419	8660
139	8661
312	8662
419	8663
673	8664
673	8665
673	8666
221	8667
186	8668
275	8669
468	8670
856	8671
61	8672
169	8673
697	8674
387	8675
372	8676
120	8677
168	8678
145	8679
822	8680
416	8681
273	8682
208	8683
799	8684
428	8685
234	8686
152	8687
1	8688
526	8689
1	8690
617	8691
153	8692
45	8693
113	8694
359	8695
9	8696
9	8697
239	8698
454	8699
328	8700
450	8701
259	8702
184	8703
599	8704
686	8705
495	8706
139	8707
57	8708
319	8709
218	8710
322	8711
299	8712
1510	8713
24	8714
106	8715
414	8716
31	8717
426	8718
198	8719
378	8720
307	8721
626	8722
666	8723
516	8724
801	8725
196	8726
328	8727
604	8728
97	8729
1637	8730
95	8731
63	8732
240	8733
39	8734
588	8735
519	8736
134	8737
310	8738
335	8739
43	8740
374	8741
137	8742
36	8743
390	8744
226	8745
556	8746
544	8747
139	8748
565	8749
845	8750
319	8751
567	8752
8	8753
45	8754
590	8755
1159	8756
396	8757
406	8758
103	8759
390	8760
61	8761
634	8762
518	8763
710	8764
70	8765
605	8766
553	8767
1099	8768
1215	8769
1215	8770
1107	8771
298	8772
383	8773
763	8774
4	8775
1515	8776
791	8777
180	8778
34	8779
299	8780
3	8781
39	8782
156	8783
245	8784
37	8785
1747	8786
106	8787
418	8788
865	8789
865	8790
512	8791
150	8792
171	8793
319	8794
149	8795
181	8796
49	8797
296	8798
232	8799
515	8800
1236	8801
230	8802
135	8803
1225	8804
569	8805
1253	8806
400	8807
1663	8808
31	8809
1273	8810
1679	8811
153	8812
1253	8813
435	8814
145	8815
149	8816
246	8817
512	8818
107	8819
171	8820
290	8821
380	8822
31	8823
138	8824
1256	8825
493	8826
133	8827
600	8828
726	8829
533	8830
254	8831
6	8832
258	8833
115	8834
819	8835
224	8836
375	8837
404	8838
81	8839
193	8840
1264	8841
1704	8842
1717	8843
63	8844
820	8845
236	8846
254	8847
32	8848
807	8849
853	8850
1666	8851
1237	8852
32	8853
510	8854
40	8855
136	8856
622	8857
1281	8858
676	8859
3	8860
188	8861
46	8862
362	8863
362	8864
10	8865
56	8866
264	8867
168	8868
280	8869
269	8870
814	8871
282	8872
31	8873
300	8874
667	8875
14	8876
48	8877
509	8878
185	8879
565	8880
63	8881
604	8882
65	8883
293	8884
236	8885
68	8886
325	8887
46	8888
340	8889
47	8890
110	8891
646	8892
261	8893
1242	8894
320	8895
222	8896
69	8897
701	8898
91	8899
463	8900
1128	8901
639	8902
343	8903
470	8904
38	8905
26	8906
33	8907
91	8908
166	8909
28	8910
1	8911
733	8912
128	8913
5	8914
864	8915
20	8916
614	8917
119	8918
9	8919
91	8920
183	8921
109	8922
102	8923
469	8924
240	8925
150	8926
126	8927
104	8928
126	8929
579	8930
124	8931
42	8932
53	8933
6	8934
397	8935
39	8936
716	8937
235	8938
373	8939
389	8940
697	8941
454	8942
625	8943
101	8944
44	8945
353	8946
95	8947
835	8948
615	8949
615	8950
237	8951
733	8952
859	8953
1	8954
43	8955
523	8956
8	8957
9	8958
511	8959
37	8960
380	8961
441	8962
30	8963
140	8964
668	8965
775	8966
4	8967
30	8968
191	8969
57	8970
21	8971
58	8972
92	8973
237	8974
481	8975
311	8976
2	8977
307	8978
24	8979
33	8980
101	8981
14	8982
121	8983
104	8984
105	8985
183	8986
55	8987
51	8988
1	8989
105	8990
491	8991
442	8992
415	8993
339	8994
455	8995
1186	8996
32	8997
5	8998
161	8999
20	9000
36	9001
60	9002
2	9003
53	9004
1	9005
36	9006
7	9007
128	9008
9	9009
562	9010
326	9011
186	9012
186	9013
318	9014
663	9015
186	9016
1245	9017
42	9018
1	9019
11	9020
59	9021
12	9022
165	9023
1240	9024
38	9025
161	9026
60	9027
5	9028
72	9029
75	9030
48	9031
48	9032
7	9033
29	9034
356	9035
89	9036
1586	9037
94	9038
38	9039
28	9040
95	9041
95	9042
1	9043
1	9044
68	9045
773	9046
558	9047
558	9048
558	9049
39	9050
510	9051
542	9052
57	9053
243	9054
57	9055
28	9056
50	9057
58	9058
679	9059
290	9060
385	9061
177	9062
83	9063
137	9064
175	9065
406	9066
262	9067
452	9068
83	9069
178	9070
16	9071
16	9072
403	9073
253	9074
133	9075
23	9076
345	9077
112	9078
338	9079
28	9080
31	9081
1556	9082
1152	9083
1579	9084
426	9085
1612	9086
210	9087
1120	9088
9	9089
97	9090
97	9091
97	9092
353	9093
353	9094
217	9095
106	9096
20	9097
20	9098
216	9099
206	9100
198	9101
795	9102
12	9103
14	9104
439	9105
21	9106
21	9107
11	9108
257	9109
18	9110
30	9111
68	9112
2	9113
511	9114
778	9115
95	9116
468	9117
166	9118
265	9119
21	9120
21	9121
199	9122
157	9123
1624	9124
530	9125
405	9126
528	9127
1249	9128
269	9129
62	9130
530	9131
20	9132
72	9133
141	9134
384	9135
290	9136
575	9137
861	9138
496	9139
504	9140
654	9141
1552	9142
151	9143
367	9144
2	9145
367	9146
367	9147
2	9148
367	9149
2	9150
1486	9151
357	9152
363	9153
684	9154
417	9155
187	9156
532	9157
532	9158
532	9159
54	9160
105	9161
90	9162
712	9163
830	9164
23	9165
23	9166
23	9167
713	9168
70	9169
23	9170
120	9171
54	9172
220	9173
148	9174
93	9175
220	9176
220	9177
79	9178
148	9179
148	9180
79	9181
397	9182
397	9183
397	9184
51	9185
139	9186
211	9187
87	9188
72	9189
262	9190
384	9191
138	9192
384	9193
1741	9194
534	9195
24	9196
24	9197
24	9198
24	9199
638	9200
423	9201
423	9202
423	9203
425	9204
425	9205
1454	9206
1550	9207
508	9208
508	9209
143	9210
230	9211
336	9212
336	9213
535	9214
535	9215
535	9216
1273	9217
511	9218
450	9219
591	9220
248	9221
516	9222
113	9223
331	9224
120	9225
106	9226
680	9227
184	9228
176	9229
51	9230
764	9231
13	9232
13	9233
519	9234
702	9235
519	9236
451	9237
451	9238
1	9239
866	9240
71	9241
93	9242
24	9243
117	9244
60	9245
147	9246
68	9247
68	9248
68	9249
68	9250
101	9251
1725	9252
691	9253
691	9254
698	9255
115	9256
42	9257
155	9258
284	9259
284	9260
284	9261
607	9262
699	9263
79	9264
9	9265
501	9266
501	9267
501	9268
40	9269
49	9270
40	9271
73	9272
633	9273
633	9274
856	9275
813	9276
1237	9277
1669	9278
1230	9279
20	9280
20	9281
260	9282
119	9283
113	9284
14	9285
292	9286
334	9287
34	9288
72	9289
1	9290
151	9291
800	9292
800	9293
331	9294
1227	9295
367	9296
175	9297
50	9298
606	9299
1232	9300
427	9301
608	9302
152	9303
333	9304
467	9305
71	9306
71	9307
71	9308
1521	9309
71	9310
1230	9311
857	9312
106	9313
106	9314
106	9315
700	9316
549	9317
549	9318
601	9319
351	9320
147	9321
147	9322
29	9323
11	9324
170	9325
170	9326
170	9327
74	9328
772	9329
660	9330
1125	9331
18	9332
18	9333
320	9334
74	9335
317	9336
10	9337
471	9338
359	9339
396	9340
396	9341
242	9342
242	9343
1146	9344
490	9345
488	9346
174	9347
174	9348
1596	9349
208	9350
389	9351
389	9352
389	9353
286	9354
379	9355
10	9356
379	9357
379	9358
235	9359
235	9360
117	9361
1199	9362
1639	9363
123	9364
58	9365
1	9366
249	9367
141	9368
485	9369
258	9370
485	9371
331	9372
717	9373
699	9374
115	9375
183	9376
149	9377
473	9378
330	9379
349	9380
134	9381
257	9382
1254	9383
478	9384
2	9385
39	9386
4	9387
454	9388
183	9389
184	9390
111	9391
73	9392
168	9393
609	9394
390	9395
22	9396
113	9397
1	9398
1	9399
416	9400
540	9401
233	9402
199	9403
706	9404
12	9405
838	9406
83	9407
1	9408
480	9409
135	9410
208	9411
73	9412
420	9413
261	9414
230	9415
124	9416
9	9417
825	9418
64	9419
183	9420
587	9421
80	9422
254	9423
14	9424
39	9425
214	9426
341	9427
558	9428
683	9429
87	9430
672	9431
49	9432
52	9433
245	9434
245	9435
245	9436
143	9437
177	9438
1750	9439
504	9440
1140	9441
128	9442
10	9443
226	9444
226	9445
226	9446
822	9447
822	9448
195	9449
195	9450
195	9451
577	9452
156	9453
505	9454
10	9455
124	9456
137	9457
137	9458
137	9459
11	9460
665	9461
1	9462
1	9463
432	9464
621	9465
621	9466
24	9467
9	9468
10	9469
248	9470
694	9471
265	9472
4	9473
169	9474
429	9475
184	9476
1680	9477
8	9478
99	9479
537	9480
133	9481
315	9482
459	9483
115	9484
82	9485
1241	9486
230	9487
375	9488
459	9489
58	9490
439	9491
1547	9492
645	9493
528	9494
528	9495
201	9496
1696	9497
1633	9498
63	9499
67	9500
598	9501
142	9502
252	9503
12	9504
820	9505
261	9506
210	9507
210	9508
210	9509
315	9510
723	9511
246	9512
8	9513
231	9514
1	9515
1123	9516
506	9517
60	9518
646	9519
506	9520
506	9521
506	9522
544	9523
74	9524
1441	9525
74	9526
364	9527
71	9528
71	9529
56	9530
86	9531
778	9532
506	9533
70	9534
668	9535
660	9536
10	9537
473	9538
10	9539
668	9540
10	9541
10	9542
316	9543
10	9544
10	9545
335	9546
1697	9547
289	9548
775	9549
120	9550
423	9551
823	9552
23	9553
247	9554
683	9555
560	9556
436	9557
436	9558
436	9559
798	9560
346	9561
255	9562
341	9563
341	9564
158	9565
312	9566
45	9567
45	9568
45	9569
30	9570
355	9571
679	9572
17	9573
310	9574
135	9575
105	9576
381	9577
281	9578
47	9579
1195	9580
556	9581
340	9582
184	9583
331	9584
1	9585
22	9586
328	9587
559	9588
444	9589
482	9590
539	9591
62	9592
1247	9593
139	9594
811	9595
635	9596
577	9597
331	9598
370	9599
38	9600
18	9601
411	9602
227	9603
90	9604
14	9605
152	9606
34	9607
540	9608
455	9609
240	9610
2	9611
125	9612
511	9613
169	9614
43	9615
312	9616
566	9617
120	9618
570	9619
304	9620
344	9621
344	9622
1713	9623
484	9624
95	9625
10	9626
10	9627
43	9628
43	9629
43	9630
256	9631
1563	9632
1564	9633
1560	9634
35	9635
1584	9636
1583	9637
1562	9638
1561	9639
1585	9640
639	9641
75	9642
2	9643
232	9644
1631	9645
602	9646
31	9647
31	9648
31	9649
31	9650
352	9651
687	9652
545	9653
405	9654
1544	9655
153	9656
367	9657
1167	9658
9	9659
323	9660
497	9661
478	9662
7	9663
259	9664
428	9665
121	9666
60	9667
323	9668
406	9669
463	9670
48	9671
5	9672
5	9673
217	9674
192	9675
48	9676
43	9677
153	9678
582	9679
1673	9680
149	9681
149	9682
149	9683
149	9684
212	9685
212	9686
212	9687
27	9688
131	9689
36	9690
42	9691
120	9692
7	9693
437	9694
486	9695
246	9696
72	9697
20	9698
3	9699
213	9700
88	9701
76	9702
91	9703
7	9704
27	9705
334	9706
75	9707
35	9708
276	9709
59	9710
425	9711
17	9712
34	9713
150	9714
36	9715
1592	9716
166	9717
354	9718
184	9719
162	9720
454	9721
273	9722
129	9723
232	9724
302	9725
302	9726
302	9727
315	9728
1226	9729
1226	9730
721	9731
664	9732
205	9733
628	9734
570	9735
570	9736
291	9737
291	9738
1674	9739
25	9740
25	9741
25	9742
105	9743
105	9744
105	9745
641	9746
1155	9747
1611	9748
600	9749
220	9750
100	9751
1198	9752
241	9753
1155	9754
102	9755
102	9756
91	9757
37	9758
343	9759
3	9760
525	9761
343	9762
41	9763
1202	9764
760	9765
321	9766
690	9767
321	9768
155	9769
336	9770
690	9771
30	9772
450	9773
277	9774
1139	9775
321	9776
320	9777
219	9778
758	9779
142	9780
760	9781
564	9782
564	9783
215	9784
19	9785
571	9786
84	9787
19	9788
21	9789
54	9790
54	9791
223	9792
547	9793
547	9794
547	9795
547	9796
102	9797
19	9798
437	9799
82	9800
8	9801
344	9802
19	9803
141	9804
413	9805
285	9806
285	9807
285	9808
612	9809
661	9810
661	9811
1	9812
229	9813
11	9814
1698	9815
183	9816
474	9817
38	9818
7	9819
858	9820
1	9821
45	9822
11	9823
725	9824
474	9825
11	9826
11	9827
11	9828
44	9829
1	9830
1	9831
12	9832
28	9833
27	9834
306	9835
1	9836
124	9837
124	9838
479	9839
1726	9840
171	9841
171	9842
1116	9843
21	9844
231	9845
64	9846
64	9847
216	9848
214	9849
19	9850
89	9851
541	9852
1182	9853
541	9854
1182	9855
1185	9856
1185	9857
72	9858
27	9859
305	9860
121	9861
188	9862
797	9863
6	9864
457	9865
119	9866
20	9867
793	9868
99	9869
407	9870
407	9871
83	9872
407	9873
372	9874
178	9875
45	9876
407	9877
646	9878
294	9879
8	9880
404	9881
87	9882
123	9883
1440	9884
46	9885
10	9886
81	9887
81	9888
243	9889
53	9890
418	9891
10	9892
1475	9893
10	9894
10	9895
10	9896
10	9897
10	9898
10	9899
10	9900
10	9901
10	9902
10	9903
1638	9904
10	9905
56	9906
56	9907
56	9908
56	9909
56	9910
1513	9911
133	9912
281	9913
449	9914
191	9915
41	9916
48	9917
316	9918
753	9919
441	9920
175	9921
175	9922
606	9923
852	9924
260	9925
424	9926
365	9927
11	9928
161	9929
629	9930
20	9931
371	9932
711	9933
365	9934
58	9935
515	9936
330	9937
1	9938
49	9939
696	9940
1	9941
290	9942
206	9943
170	9944
832	9945
55	9946
434	9947
98	9948
33	9949
52	9950
518	9951
92	9952
495	9953
255	9954
167	9955
253	9956
1161	9957
332	9958
407	9959
17	9960
293	9961
381	9962
303	9963
14	9964
263	9965
69	9966
287	9967
167	9968
1164	9969
655	9970
309	9971
151	9972
634	9973
634	9974
183	9975
182	9976
182	9977
182	9978
1171	9979
1472	9980
207	9981
207	9982
207	9983
65	9984
65	9985
623	9986
600	9987
29	9988
29	9989
295	9990
135	9991
309	9992
253	9993
296	9994
296	9995
59	9996
360	9997
360	9998
17	9999
1109	10000
