5360	1
3274	2
8605	3
8798	4
1762	5
857	6
5257	7
2271	8
5639	9
3182	10
3310	11
2921	12
49	13
8945	14
2988	15
7514	16
6422	17
3386	18
4325	19
8739	20
513	21
6555	22
8322	23
3056	24
4	25
7036	26
3622	27
2803	28
8047	29
273	30
880	31
8337	32
22	33
318	34
6496	35
4198	36
542	37
8941	38
8630	39
446	40
5386	41
35	42
3787	43
1940	44
8735	45
2494	46
1403	47
3371	48
8287	49
6447	50
1753	51
668	52
5552	53
2259	54
4405	55
6051	56
3389	57
2113	58
552	59
1312	60
6372	61
2812	62
8418	63
7643	64
5591	65
7137	66
1792	67
1912	68
407	69
1692	70
3407	71
5312	72
2144	73
3993	74
8319	75
8661	76
6458	77
468	78
5531	79
5486	80
4682	81
2541	82
1617	83
7911	84
6032	85
2862	86
8808	87
609	88
6082	89
5321	90
5861	91
4846	92
5866	93
8796	94
4247	95
3725	96
429	97
429	98
8721	99
6552	100
5221	101
1805	102
10	103
1342	104
732	105
6269	106
6590	107
468	108
7276	109
6152	110
7848	111
333	112
1294	113
1907	114
4551	115
631	116
2308	117
493	118
2837	119
4874	120
6558	121
2778	122
489	123
4970	124
5933	125
4577	126
8214	127
2808	128
6482	129
3194	130
1554	131
726	132
1230	133
6090	134
2691	135
4023	136
3131	137
1743	138
5784	139
959	140
3170	141
435	142
6188	143
1774	144
4821	145
4585	146
321	147
2945	148
610	149
2985	150
6304	151
1149	152
1657	153
778	154
5721	155
1778	156
5453	157
8089	158
1254	159
1161	160
870	161
2398	162
4167	163
6649	164
968	165
740	166
7632	167
2894	168
3284	169
5206	170
6757	171
366	172
2204	173
1895	174
5755	175
5317	176
6983	177
7009	178
6035	179
1225	180
8019	181
2545	182
665	183
1880	184
1439	185
1785	186
6696	187
59	188
7055	189
8197	190
7091	191
7330	192
5883	193
6726	194
6874	195
917	196
2881	197
155	198
5671	199
3195	200
8690	201
8960	202
4713	203
5902	204
3492	205
1173	206
6226	207
7967	208
734	209
5233	210
6068	211
454	212
4548	213
8565	214
795	215
4893	216
6170	217
7920	218
7030	219
6060	220
1447	221
4069	222
2242	223
6249	224
7726	225
5561	226
679	227
3900	228
6823	229
3107	230
5489	231
5009	232
8779	233
3567	234
5021	235
6311	236
8932	237
7476	238
4707	239
7982	240
8624	241
6735	242
382	243
1945	244
315	245
4014	246
272	247
5730	248
3249	249
6265	250
4102	251
2289	252
3260	253
4531	254
8907	255
2330	256
1786	257
41	258
9051	259
889	260
130	261
5213	262
3499	263
5493	264
287	265
1590	266
1440	267
822	268
2421	269
1237	270
3228	271
4661	272
3073	273
8172	274
1653	275
3775	276
2759	277
1363	278
2394	279
6012	280
2870	281
7620	282
6001	283
1788	284
6699	285
7482	286
2661	287
3294	288
3992	289
6097	290
3806	291
761	292
5072	293
466	294
2296	295
55	296
3013	297
3411	298
7756	299
7732	300
1316	301
6061	302
1114	303
5373	304
8141	305
5293	306
6314	307
7921	308
387	309
235	310
3349	311
1542	312
8989	313
2371	314
2697	315
2836	316
7358	317
4086	318
9041	319
283	320
3415	321
5471	322
1843	323
6053	324
6806	325
7459	326
5821	327
4073	328
4546	329
3040	330
57	331
5282	332
7099	333
5681	334
7965	335
4508	336
6022	337
4627	338
6598	339
8308	340
306	341
6667	342
5888	343
3653	344
8657	345
2030	346
48	347
1793	348
2484	349
625	350
638	351
6409	352
7905	353
7470	354
5588	355
2961	356
2258	357
5309	358
1483	359
7488	360
6975	361
5026	362
6296	363
7101	364
7012	365
7661	366
51	367
2078	368
7100	369
945	370
8731	371
4910	372
3085	373
4578	374
4009	375
6589	376
488	377
5320	378
3083	379
44	380
7578	381
7567	382
1364	383
3485	384
8649	385
7623	386
5304	387
8629	388
2403	389
31	390
5412	391
114	392
3247	393
5380	394
2412	395
1255	396
3620	397
8132	398
4510	399
7306	400
4294	401
5882	402
7660	403
7360	404
1252	405
2600	406
3153	407
5357	408
2171	409
2305	410
7010	411
1608	412
8740	413
3337	414
3451	415
7838	416
4242	417
4794	418
1172	419
741	420
7480	421
7770	422
5449	423
1398	424
7595	425
7582	426
3339	427
6078	428
8787	429
7819	430
3250	431
8890	432
2442	433
1351	434
12	435
6544	436
3556	437
8885	438
540	439
245	440
7745	441
8117	442
345	443
4573	444
2119	445
3204	446
283	447
836	448
7178	449
8846	450
324	451
4782	452
1212	453
6066	454
2673	455
2892	456
4922	457
7395	458
1062	459
3105	460
4860	461
3343	462
398	463
4166	464
7915	465
5381	466
7749	467
8856	468
3355	469
4509	470
5929	471
6530	472
8219	473
6669	474
1377	475
3478	476
8107	477
7753	478
8029	479
1804	480
3914	481
1399	482
6300	483
6277	484
3972	485
7983	486
7512	487
2820	488
7369	489
7934	490
4275	491
8092	492
1620	493
8687	494
359	495
4896	496
442	497
1740	498
441	499
3277	500
89	501
8434	502
4676	503
5098	504
6804	505
4722	506
225	507
440	508
3862	509
204	510
6350	511
6238	512
6272	513
1015	514
6359	515
8801	516
2576	517
4237	518
455	519
2471	520
8554	521
3641	522
1485	523
3559	524
8282	525
7780	526
4173	527
7987	528
8093	529
4107	530
3742	531
4345	532
7205	533
2659	534
4515	535
6782	536
4892	537
6338	538
677	539
6446	540
3084	541
6819	542
8673	543
3577	544
6189	545
403	546
5825	547
750	548
4156	549
2213	550
2292	551
2567	552
5279	553
344	554
62	555
628	556
513	557
3990	558
8670	559
5983	560
348	561
1630	562
8056	563
4108	564
7951	565
726	566
397	567
2909	568
7958	569
250	570
462	571
7429	572
5790	573
5429	574
7119	575
6807	576
2408	577
8508	578
1860	579
360	580
7207	581
5074	582
2564	583
6597	584
5949	585
8096	586
93	587
2632	588
306	589
464	590
4212	591
3549	592
386	593
6221	594
8975	595
6453	596
3489	597
8324	598
2017	599
5014	600
7005	601
2586	602
4487	603
941	604
8655	605
2634	606
5592	607
8	608
2769	609
3159	610
5649	611
2748	612
1821	613
4861	614
2493	615
7467	616
2817	617
501	618
447	619
736	620
1476	621
8470	622
3098	623
7127	624
3109	625
7098	626
5276	627
7417	628
3880	629
7511	630
6379	631
744	632
7824	633
8461	634
4004	635
5614	636
5739	637
2560	638
1681	639
6559	640
7729	641
234	642
7	643
2571	644
3740	645
3193	646
802	647
71	648
7195	649
2027	650
2907	651
3607	652
3831	653
3351	654
2042	655
605	656
6088	657
1967	658
2273	659
658	660
166	661
3522	662
4229	663
7424	664
3172	665
5018	666
117	667
4519	668
3921	669
1092	670
693	671
8040	672
8311	673
1790	674
4186	675
7094	676
3067	677
8872	678
8909	679
6025	680
7266	681
5751	682
6519	683
7473	684
1599	685
3869	686
7568	687
1373	688
2324	689
2461	690
5658	691
704	692
109	693
7638	694
6093	695
650	696
7502	697
1799	698
8331	699
3476	700
4357	701
7108	702
8985	703
2687	704
5019	705
1801	706
3695	707
6219	708
6614	709
365	710
747	711
6331	712
4898	713
4723	714
627	715
1836	716
2934	717
690	718
2074	719
8270	720
7140	721
4100	722
924	723
8644	724
5773	725
8877	726
428	727
8515	728
1153	729
739	730
8871	731
7708	732
2250	733
5131	734
6180	735
5464	736
116	737
4175	738
1083	739
6752	740
1396	741
1837	742
3917	743
7141	744
966	745
8007	746
4878	747
753	748
8400	749
6377	750
751	751
5215	752
4440	753
7975	754
782	755
3748	756
6609	757
7998	758
386	759
2859	760
156	761
5756	762
363	763
3068	764
1688	765
620	766
585	767
3650	768
6487	769
506	770
3166	771
7264	772
1685	773
8475	774
8878	775
11	776
8555	777
7790	778
2137	779
3807	780
7321	781
8199	782
2307	783
477	784
5044	785
7128	786
6187	787
6647	788
1841	789
5253	790
260	791
5410	792
5261	793
6259	794
6588	795
1444	796
688	797
6278	798
401	799
4418	800
7217	801
5503	802
883	803
8262	804
2482	805
355	806
661	807
438	808
2298	809
76	810
7396	811
7888	812
4264	813
4672	814
219	815
1239	816
2499	817
377	818
143	819
5239	820
56	821
6448	822
6912	823
5235	824
5805	825
838	826
4978	827
7169	828
4181	829
5682	830
821	831
6488	832
295	833
8525	834
745	835
423	836
8209	837
610	838
8993	839
7185	840
8933	841
3542	842
2562	843
6138	844
8859	845
3691	846
3881	847
4053	848
130	849
6215	850
5318	851
320	852
3483	853
7197	854
7336	855
4118	856
5931	857
2065	858
307	859
4658	860
591	861
3309	862
1065	863
1931	864
4568	865
128	866
1306	867
414	868
2677	869
5007	870
5204	871
922	872
7666	873
23	874
8312	875
2685	876
1452	877
2105	878
5975	879
1530	880
3189	881
6531	882
8879	883
1710	884
6620	885
8109	886
8576	887
7857	888
7715	889
8456	890
338	891
6553	892
1388	893
7641	894
2025	895
442	896
8589	897
4377	898
3889	899
4330	900
3393	901
5132	902
3627	903
6250	904
7605	905
3836	906
4813	907
3592	908
3221	909
6133	910
8274	911
825	912
4945	913
700	914
2495	915
7746	916
8118	917
7813	918
1772	919
5550	920
417	921
6182	922
3238	923
7534	924
7577	925
8531	926
2705	927
2785	928
5152	929
8251	930
6287	931
8084	932
2939	933
751	934
2496	935
3683	936
207	937
26	938
1529	939
923	940
3510	941
3519	942
2956	943
214	944
7743	945
5569	946
7783	947
5520	948
8130	949
696	950
3706	951
837	952
7683	953
5	954
7492	955
7871	956
3259	957
7116	958
6140	959
6963	960
4336	961
3808	962
4758	963
1576	964
5469	965
8951	966
2210	967
5584	968
4536	969
1353	970
5864	971
1950	972
5200	973
2235	974
8328	975
7254	976
8874	977
6077	978
7047	979
6343	980
3042	981
9033	982
218	983
39	984
422	985
6708	986
1037	987
792	988
398	989
1229	990
1844	991
55	992
2225	993
8112	994
3715	995
1852	996
8072	997
8232	998
4727	999
6572	1000
5372	1001
622	1002
7052	1003
981	1004
8184	1005
2829	1006
350	1007
2840	1008
664	1009
648	1010
7059	1011
6616	1012
5467	1013
6510	1014
1856	1015
6528	1016
3263	1017
1079	1018
3944	1019
8504	1020
1858	1021
79	1022
7334	1023
8995	1024
7785	1025
1926	1026
926	1027
7237	1028
293	1029
8386	1030
2805	1031
357	1032
6376	1033
3438	1034
1758	1035
3271	1036
7845	1037
1103	1038
68	1039
2997	1040
5084	1041
3861	1042
330	1043
146	1044
1497	1045
2737	1046
4077	1047
6291	1048
455	1049
3539	1050
4161	1051
3108	1052
6682	1053
8208	1054
189	1055
7105	1056
5947	1057
5912	1058
5388	1059
4432	1060
2018	1061
1776	1062
3984	1063
7787	1064
7245	1065
1541	1066
6548	1067
6427	1068
2794	1069
6023	1070
3377	1071
8754	1072
8510	1073
2754	1074
3838	1075
3096	1076
7138	1077
6383	1078
8009	1079
39	1080
3149	1081
2853	1082
16	1083
4725	1084
7991	1085
7829	1086
3563	1087
662	1088
5574	1089
2309	1090
7766	1091
4318	1092
5258	1093
5017	1094
503	1095
6004	1096
210	1097
1879	1098
4471	1099
8370	1100
3651	1101
314	1102
2896	1103
6761	1104
5753	1105
1290	1106
709	1107
37	1108
7980	1109
1716	1110
7617	1111
6941	1112
6224	1113
444	1114
4282	1115
5138	1116
3733	1117
5840	1118
5120	1119
691	1120
758	1121
8239	1122
5240	1123
8522	1124
1128	1125
4018	1126
3652	1127
5238	1128
8290	1129
8524	1130
6593	1131
243	1132
1601	1133
626	1134
846	1135
6191	1136
4605	1137
2744	1138
24	1139
5763	1140
6046	1141
1846	1142
4749	1143
238	1144
6392	1145
7603	1146
1449	1147
39	1148
5260	1149
176	1150
178	1151
450	1152
539	1153
3543	1154
6987	1155
1676	1156
3951	1157
8100	1158
5498	1159
8042	1160
7204	1161
5692	1162
5725	1163
5731	1164
5698	1165
5694	1166
2807	1167
8747	1168
7985	1169
4225	1170
4254	1171
4134	1172
4541	1173
7814	1174
6938	1175
3461	1176
316	1177
85	1178
480	1179
8627	1180
17	1181
5670	1182
869	1183
1875	1184
564	1185
7452	1186
4095	1187
5178	1188
824	1189
6834	1190
5627	1191
2373	1192
6092	1193
8450	1194
7628	1195
3628	1196
227	1197
8457	1198
5920	1199
8595	1200
8744	1201
1348	1202
3830	1203
8211	1204
8996	1205
1690	1206
4925	1207
7728	1208
4527	1209
6903	1210
1887	1211
7238	1212
5928	1213
4875	1214
950	1215
8497	1216
514	1217
8804	1218
7148	1219
355	1220
1761	1221
585	1222
1002	1223
1815	1224
1878	1225
8268	1226
5330	1227
1146	1228
8065	1229
8921	1230
262	1231
707	1232
2943	1233
7257	1234
2304	1235
3137	1236
3295	1237
5801	1238
3160	1239
849	1240
44	1241
8512	1242
692	1243
2285	1244
1715	1245
7856	1246
2702	1247
173	1248
8664	1249
3854	1250
253	1251
7032	1252
3991	1253
5869	1254
5976	1255
2415	1256
1757	1257
2485	1258
6423	1259
1642	1260
186	1261
1814	1262
3089	1263
6532	1264
4824	1265
5733	1266
6484	1267
3705	1268
852	1269
3331	1270
5422	1271
6202	1272
4806	1273
2532	1274
7960	1275
862	1276
3952	1277
1720	1278
3456	1279
5913	1280
5548	1281
5209	1282
2758	1283
158	1284
8080	1285
7990	1286
6086	1287
3321	1288
4603	1289
6309	1290
2719	1291
2664	1292
7303	1293
5163	1294
3553	1295
88	1296
8463	1297
7337	1298
90	1299
1964	1300
8553	1301
5544	1302
5050	1303
6327	1304
747	1305
6254	1306
2101	1307
5849	1308
290	1309
7406	1310
80	1311
3597	1312
712	1313
5921	1314
8207	1315
9038	1316
6856	1317
5446	1318
2453	1319
1235	1320
588	1321
3882	1322
8094	1323
198	1324
608	1325
978	1326
7299	1327
7371	1328
8230	1329
8350	1330
557	1331
3036	1332
1654	1333
7538	1334
6474	1335
1822	1336
5292	1337
8473	1338
6910	1339
2761	1340
2916	1341
8180	1342
804	1343
5957	1344
3375	1345
7393	1346
208	1347
8265	1348
587	1349
19	1350
1813	1351
1977	1352
124	1353
4632	1354
8786	1355
6024	1356
5359	1357
138	1358
4863	1359
1211	1360
8455	1361
1901	1362
8862	1363
61	1364
2584	1365
154	1366
2797	1367
7054	1368
3718	1369
8699	1370
5002	1371
762	1372
4825	1373
220	1374
1867	1375
7750	1376
141	1377
236	1378
4321	1379
2999	1380
5647	1381
2329	1382
7433	1383
2841	1384
6716	1385
5137	1386
2983	1387
1999	1388
8944	1389
1764	1390
597	1391
1259	1392
9004	1393
7781	1394
5420	1395
8818	1396
3074	1397
2813	1398
7959	1399
7037	1400
1618	1401
8235	1402
6570	1403
8430	1404
1952	1405
5603	1406
3445	1407
7042	1408
2662	1409
8190	1410
2217	1411
265	1412
4408	1413
4097	1414
5879	1415
8258	1416
365	1417
1949	1418
4015	1419
7496	1420
5944	1421
7862	1422
4403	1423
5560	1424
199	1425
7924	1426
5214	1427
3551	1428
952	1429
7018	1430
569	1431
5445	1432
777	1433
6192	1434
4904	1435
69	1436
7463	1437
2732	1438
8881	1439
326	1440
5426	1441
6479	1442
4351	1443
6461	1444
2770	1445
166	1446
477	1447
674	1448
7152	1449
3061	1450
781	1451
369	1452
1579	1453
8220	1454
5766	1455
6042	1456
3383	1457
7409	1458
6810	1459
3937	1460
5205	1461
1906	1462
8340	1463
169	1464
4832	1465
4119	1466
4499	1467
650	1468
93	1469
4735	1470
1487	1471
8653	1472
5956	1473
8823	1474
2314	1475
600	1476
1827	1477
6271	1478
308	1479
4664	1480
5111	1481
1527	1482
5761	1483
7093	1484
168	1485
1935	1486
2236	1487
5568	1488
5424	1489
6319	1490
8023	1491
4718	1492
4557	1493
172	1494
6141	1495
4424	1496
1927	1497
7799	1498
6973	1499
4640	1500
4253	1501
6688	1502
613	1503
89	1504
3388	1505
7615	1506
517	1507
744	1508
1628	1509
8173	1510
4743	1511
4589	1512
2020	1513
153	1514
3035	1515
4486	1516
3222	1517
2819	1518
4174	1519
5136	1520
5362	1521
8540	1522
79	1523
910	1524
1979	1525
7649	1526
8671	1527
6617	1528
2366	1529
8634	1530
826	1531
2313	1532
5078	1533
8277	1534
5871	1535
8352	1536
733	1537
3673	1538
7694	1539
1060	1540
781	1541
3726	1542
2882	1543
723	1544
235	1545
7751	1546
29	1547
2501	1548
7662	1549
4395	1550
3062	1551
474	1552
742	1553
7846	1554
4913	1555
4819	1556
1006	1557
113	1558
359	1559
8819	1560
8638	1561
1731	1562
4755	1563
8592	1564
4993	1565
8652	1566
1559	1567
6709	1568
8756	1569
7208	1570
72	1571
8396	1572
5091	1573
4691	1574
5940	1575
1215	1576
5105	1577
118	1578
4176	1579
8572	1580
8647	1581
4401	1582
6099	1583
5062	1584
5203	1585
1903	1586
36	1587
70	1588
4417	1589
625	1590
5759	1591
1504	1592
2241	1593
6753	1594
4385	1595
8031	1596
3564	1597
3312	1598
3104	1599
3288	1600
3363	1601
3285	1602
1383	1603
7046	1604
675	1605
7460	1606
2164	1607
6013	1608
4882	1609
290	1610
457	1611
2479	1612
7282	1613
7930	1614
5955	1615
5224	1616
5004	1617
707	1618
3227	1619
1892	1620
66	1621
3667	1622
6540	1623
3008	1624
8829	1625
3612	1626
1220	1627
892	1628
8478	1629
149	1630
7370	1631
4715	1632
5262	1633
1984	1634
3788	1635
4525	1636
7974	1637
8014	1638
774	1639
4579	1640
8279	1641
6241	1642
1209	1643
5437	1644
1277	1645
2810	1646
4552	1647
6456	1648
1361	1649
4567	1650
284	1651
7475	1652
3629	1653
783	1654
1140	1655
8216	1656
7527	1657
3853	1658
5331	1659
755	1660
4612	1661
4466	1662
1586	1663
8897	1664
348	1665
645	1666
828	1667
496	1668
6969	1669
7072	1670
349	1671
5513	1672
33	1673
2463	1674
3828	1675
7034	1676
570	1677
8847	1678
963	1679
7082	1680
6768	1681
5150	1682
6079	1683
7689	1684
8201	1685
8121	1686
8429	1687
5064	1688
17	1689
6015	1690
666	1691
5013	1692
4335	1693
8667	1694
8799	1695
6431	1696
4705	1697
436	1698
23	1699
4479	1700
7270	1701
6754	1702
673	1703
2038	1704
835	1705
1899	1706
6008	1707
5762	1708
3674	1709
3287	1710
88	1711
2053	1712
7031	1713
4165	1714
7	1715
8143	1716
6062	1717
1058	1718
2975	1719
3640	1720
3562	1721
3821	1722
8171	1723
8873	1724
5141	1725
405	1726
3979	1727
8698	1728
755	1729
3117	1730
201	1731
6043	1732
1009	1733
361	1734
701	1735
6349	1736
3467	1737
9029	1738
6900	1739
4057	1740
3897	1741
68	1742
399	1743
5351	1744
189	1745
8826	1746
7507	1747
6687	1748
102	1749
2756	1750
4891	1751
1299	1752
298	1753
646	1754
471	1755
940	1756
1861	1757
5775	1758
4666	1759
305	1760
7320	1761
4131	1762
4659	1763
174	1764
8795	1765
810	1766
918	1767
281	1768
4	1769
3229	1770
509	1771
2335	1772
8474	1773
5539	1774
1378	1775
60	1776
5792	1777
2211	1778
1621	1779
4414	1780
6380	1781
8778	1782
1839	1783
6718	1784
7688	1785
4265	1786
1032	1787
665	1788
1365	1789
3785	1790
75	1791
834	1792
2507	1793
470	1794
5555	1795
6662	1796
2591	1797
1872	1798
6838	1799
3874	1800
492	1801
128	1802
1643	1803
1021	1804
6824	1805
162	1806
8399	1807
6670	1808
4016	1809
8564	1810
1232	1811
6680	1812
5	1813
512	1814
4222	1815
6770	1816
5025	1817
506	1818
4303	1819
5391	1820
7263	1821
3970	1822
515	1823
3844	1824
278	1825
9022	1826
91	1827
499	1828
3354	1829
15	1830
1285	1831
9052	1832
4355	1833
2589	1834
270	1835
5925	1836
119	1837
5511	1838
1702	1839
7391	1840
4143	1841
4133	1842
4171	1843
901	1844
110	1845
1924	1846
125	1847
7917	1848
6402	1849
555	1850
8986	1851
133	1852
8131	1853
3848	1854
1127	1855
3395	1856
2287	1857
807	1858
4126	1859
5615	1860
4899	1861
4917	1862
7610	1863
3472	1864
3907	1865
5964	1866
8817	1867
7087	1868
3963	1869
3777	1870
8924	1871
2569	1872
607	1873
8633	1874
5961	1875
3055	1876
1744	1877
4539	1878
3417	1879
4469	1880
4402	1881
6298	1882
575	1883
3904	1884
5283	1885
5186	1886
6048	1887
2437	1888
2320	1889
555	1890
7143	1891
7955	1892
4159	1893
5602	1894
2986	1895
6927	1896
7438	1897
6962	1898
5052	1899
1800	1900
6175	1901
33	1902
5915	1903
7910	1904
4669	1905
624	1906
445	1907
2143	1908
2297	1909
3929	1910
286	1911
764	1912
450	1913
1569	1914
4610	1915
2537	1916
646	1917
146	1918
6040	1919
285	1920
5488	1921
1496	1922
4560	1923
2269	1924
2522	1925
7875	1926
6146	1927
4929	1928
3554	1929
1097	1930
5332	1931
2587	1932
5179	1933
2462	1934
517	1935
7536	1936
8494	1937
7307	1938
5527	1939
7340	1940
2007	1941
4942	1942
8284	1943
8749	1944
5817	1945
7191	1946
3245	1947
4089	1948
6887	1949
7796	1950
5108	1951
6232	1952
5278	1953
87	1954
498	1955
805	1956
1944	1957
7576	1958
592	1959
2905	1960
403	1961
7858	1962
8373	1963
3048	1964
87	1965
490	1966
7278	1967
138	1968
666	1969
367	1970
3578	1971
5167	1972
7283	1973
293	1974
1948	1975
1017	1976
743	1977
7372	1978
1632	1979
4710	1980
1521	1981
130	1982
196	1983
7903	1984
6216	1985
49	1986
5715	1987
4739	1988
5155	1989
4901	1990
8344	1991
144	1992
2517	1993
3636	1994
4409	1995
447	1996
8183	1997
5097	1998
8895	1999
7466	2000
5241	2001
6631	2002
3681	2003
4973	2004
7443	2005
4200	2006
6438	2007
895	2008
44	2009
101	2010
8124	2011
6144	2012
173	2013
8654	2014
3839	2015
4060	2016
2821	2017
1451	2018
3239	2019
5789	2020
12	2021
4001	2022
7399	2023
3945	2024
3891	2025
611	2026
6490	2027
1898	2028
8387	2029
3913	2030
4474	2031
2893	2032
5109	2033
3116	2034
6489	2035
2865	2036
4802	2037
302	2038
4797	2039
8363	2040
6951	2041
5906	2042
4906	2043
1193	2044
3920	2045
6440	2046
7485	2047
1965	2048
6946	2049
2125	2050
3296	2051
1486	2052
724	2053
108	2054
111	2055
4258	2056
5648	2057
528	2058
3552	2059
47	2060
8077	2061
8617	2062
19	2063
2849	2064
508	2065
3792	2066
4939	2067
4274	2068
3751	2069
3342	2070
6844	2071
5567	2072
3711	2073
4203	2074
3659	2075
5794	2076
116	2077
303	2078
3638	2079
5881	2080
8347	2081
4155	2082
695	2083
7381	2084
4631	2085
7246	2086
6883	2087
101	2088
9039	2089
1985	2090
3783	2091
8893	2092
597	2093
3276	2094
5197	2095
5814	2096
1117	2097
1448	2098
7296	2099
1981	2100
2814	2101
2044	2102
510	2103
7078	2104
7239	2105
3231	2106
52	2107
396	2108
2692	2109
245	2110
6799	2111
8204	2112
2231	2113
5517	2114
7957	2115
1909	2116
3298	2117
4914	2118
16	2119
8238	2120
5409	2121
4931	2122
2240	2123
1453	2124
1591	2125
6707	2126
4426	2127
197	2128
6011	2129
5616	2130
5100	2131
1456	2132
463	2133
1301	2134
654	2135
2723	2136
5855	2137
2657	2138
3066	2139
123	2140
6802	2141
3196	2142
111	2143
8571	2144
962	2145
561	2146
1735	2147
512	2148
232	2149
6758	2150
5712	2151
4494	2152
1233	2153
3815	2154
4035	2155
257	2156
3173	2157
2109	2158
7614	2159
3892	2160
2015	2161
46	2162
7557	2163
161	2164
3268	2165
3833	2166
5958	2167
4386	2168
3776	2169
4955	2170
639	2171
1818	2172
2023	2173
1305	2174
8748	2175
3558	2176
1355	2177
125	2178
7831	2179
5281	2180
4314	2181
4981	2182
6369	2183
7026	2184
251	2185
3290	2186
3925	2187
4700	2188
369	2189
8175	2190
8530	2191
5979	2192
2776	2193
4644	2194
4867	2195
5631	2196
6515	2197
347	2198
1842	2199
2432	2200
463	2201
8116	2202
456	2203
7226	2204
558	2205
4266	2206
3130	2207
1564	2208
7362	2209
6948	2210
67	2211
2519	2212
3473	2213
6955	2214
1616	2215
3031	2216
1519	2217
7479	2218
7133	2219
2845	2220
5717	2221
601	2222
5618	2223
3664	2224
8174	2225
4387	2226
7913	2227
1807	2228
5140	2229
3027	2230
2016	2231
4960	2232
3432	2233
390	2234
829	2235
8935	2236
5791	2237
6762	2238
556	2239
1130	2240
8406	2241
5428	2242
317	2243
171	2244
1506	2245
8556	2246
8532	2247
7157	2248
3841	2249
264	2250
8511	2251
7313	2252
1810	2253
475	2254
775	2255
4618	2256
8844	2257
2935	2258
4607	2259
1020	2260
6124	2261
2197	2262
8726	2263
103	2264
2513	2265
2045	2266
8226	2267
2533	2268
8580	2269
222	2270
2913	2271
2592	2272
3863	2273
5532	2274
5133	2275
2279	2276
7181	2277
505	2278
3080	2279
1756	2280
1970	2281
8982	2282
2668	2283
3648	2284
4638	2285
4227	2286
8857	2287
1026	2288
3	2289
1677	2290
5473	2291
6551	2292
47	2293
8018	2294
7272	2295
6692	2296
1925	2297
106	2298
4801	2299
8152	2300
2383	2301
648	2302
4512	2303
5122	2304
2838	2305
3491	2306
8757	2307
171	2308
1495	2309
6997	2310
2163	2311
7456	2312
636	2313
715	2314
7779	2315
685	2316
8104	2317
147	2318
2339	2319
2417	2320
4687	2321
230	2322
4215	2323
5962	2324
5578	2325
2931	2326
3626	2327
103	2328
3152	2329
3359	2330
476	2331
3251	2332
256	2333
3147	2334
2153	2335
1347	2336
3670	2337
6209	2338
107	2339
1445	2340
2382	2341
1170	2342
1	2343
127	2344
267	2345
5953	2346
91	2347
8811	2348
4415	2349
47	2350
1938	2351
1328	2352
586	2353
3326	2354
7866	2355
8154	2356
3795	2357
1178	2358
2521	2359
2901	2360
3248	2361
7600	2362
652	2363
1567	2364
1787	2365
697	2366
3379	2367
3605	2368
504	2369
1662	2370
680	2371
8153	2372
1116	2373
573	2374
4761	2375
1679	2376
3894	2377
115	2378
1888	2379
6230	2380
2369	2381
5571	2382
8111	2383
3207	2384
3390	2385
979	2386
1204	2387
6439	2388
7607	2389
3850	2390
2280	2391
2625	2392
5003	2393
205	2394
82	2395
609	2396
3599	2397
177	2398
6084	2399
5323	2400
3557	2401
511	2402
3016	2403
3201	2404
8838	2405
150	2406
37	2407
1684	2408
878	2409
663	2410
53	2411
3938	2412
2348	2413
3545	2414
572	2415
8273	2416
5055	2417
7533	2418
217	2419
4263	2420
6842	2421
41	2422
4470	2423
4936	2424
3611	2425
1503	2426
2039	2427
4712	2428
4526	2429
4484	2430
4870	2431
674	2432
1795	2433
2469	2434
5123	2435
4287	2436
2660	2437
1408	2438
1972	2439
7145	2440
5416	2441
5250	2442
5492	2443
8961	2444
4685	2445
1734	2446
6942	2447
2486	2448
6045	2449
8348	2450
964	2451
2248	2452
1249	2453
2734	2454
3154	2455
7	2456
3686	2457
2425	2458
6284	2459
7041	2460
7423	2461
5165	2462
8695	2463
5942	2464
687	2465
491	2466
4606	2467
8071	2468
6197	2469
590	2470
6537	2471
10	2472
5103	2473
7382	2474
4032	2475
8332	2476
591	2477
38	2478
467	2479
1450	2480
3258	2481
3315	2482
7368	2483
925	2484
9	2485
119	2486
5267	2487
1578	2488
3896	2489
102	2490
4737	2491
9002	2492
4979	2493
7855	2494
6251	2495
7069	2496
7376	2497
5967	2498
3724	2499
296	2500
6854	2501
4654	2502
588	2503
68	2504
4048	2505
4436	2506
8979	2507
7530	2508
6833	2509
7297	2510
749	2511
3784	2512
5296	2513
933	2514
4524	2515
72	2516
3436	2517
3180	2518
399	2519
694	2520
3532	2521
36	2522
3680	2523
8381	2524
7895	2525
1085	2526
6434	2527
368	2528
368	2529
9024	2530
1276	2531
3332	2532
7808	2533
6723	2534
1417	2535
3949	2536
2116	2537
1390	2538
6526	2539
3971	2540
6210	2541
4963	2542
7295	2543
998	2544
425	2545
7788	2546
6282	2547
6879	2548
683	2549
4697	2550
583	2551
2949	2552
379	2553
5058	2554
3668	2555
169	2556
2011	2557
4561	2558
4838	2559
7408	2560
7506	2561
727	2562
4012	2563
653	2564
9030	2565
3322	2566
720	2567
2863	2568
4430	2569
6704	2570
7060	2571
3064	2572
7554	2573
2755	2574
4613	2575
175	2576
5934	2577
5328	2578
7943	2579
129	2580
4439	2581
602	2582
5683	2583
956	2584
6318	2585
635	2586
7977	2587
5134	2588
2547	2589
8036	2590
432	2591
6150	2592
4446	2593
30	2594
331	2595
5212	2596
3782	2597
8966	2598
1410	2599
4301	2600
8978	2601
2981	2602
3517	2603
1936	2604
5361	2605
873	2606
19	2607
5314	2608
6154	2609
2166	2610
7314	2611
279	2612
7797	2613
3114	2614
593	2615
593	2616
2283	2617
6811	2618
2703	2619
6365	2620
2072	2621
4068	2622
4262	2623
5395	2624
387	2625
336	2626
28	2627
1939	2628
7884	2629
6071	2630
3700	2631
3428	2632
7699	2633
2384	2634
4070	2635
7629	2636
8641	2637
4075	2638
7882	2639
2953	2640
8822	2641
7798	2642
1055	2643
4841	2644
6262	2645
2984	2646
6937	2647
2129	2648
2428	2649
2538	2650
6936	2651
8999	2652
860	2653
2615	2654
2233	2655
7104	2656
3710	2657
7493	2658
784	2659
8939	2660
769	2661
8729	2662
4972	2663
538	2664
9	2665
9036	2666
372	2667
6161	2668
7187	2669
3283	2670
142	2671
1129	2672
377	2673
6205	2674
7430	2675
7378	2676
1056	2677
6184	2678
5678	2679
7338	2680
3895	2681
4580	2682
99	2683
4187	2684
7833	2685
8544	2686
8458	2687
811	2688
7863	2689
16	2690
1655	2691
1537	2692
4331	2693
1279	2694
7893	2695
4641	2696
4371	2697
8070	2698
3401	2699
1798	2700
6424	2701
3399	2702
4163	2703
5447	2704
3235	2705
42	2706
8028	2707
8952	2708
2337	2709
170	2710
6324	2711
7946	2712
738	2713
211	2714
7344	2715
2243	2716
4496	2717
4996	2718
6297	2719
286	2720
5316	2721
2952	2722
2176	2723
102	2724
1144	2725
2206	2726
6220	2727
1283	2728
7172	2729
3625	2730
8613	2731
5937	2732
4211	2733
419	2734
3690	2735
5634	2736
340	2737
2012	2738
1281	2739
6765	2740
32	2741
5504	2742
1096	2743
863	2744
6462	2745
8597	2746
1631	2747
1525	2748
7363	2749
2768	2750
2767	2751
7121	2752
1043	2753
1008	2754
1420	2755
4010	2756
1588	2757
7039	2758
1121	2759
7564	2760
1041	2761
2272	2762
2950	2763
6633	2764
5347	2765
551	2766
7656	2767
2504	2768
3995	2769
8947	2770
1357	2771
549	2772
5	2773
5	2774
7908	2775
3617	2776
7899	2777
3569	2778
4383	2779
6361	2780
7144	2781
2219	2782
3455	2783
7388	2784
6102	2785
3910	2786
8788	2787
3572	2788
324	2789
3255	2790
8169	2791
2321	2792
7539	2793
7927	2794
6529	2795
8928	2796
75	2797
485	2798
136	2799
8997	2800
3156	2801
4829	2802
4757	2803
634	2804
634	2805
2032	2806
52	2807
7364	2808
215	2809
2889	2810
3041	2811
1697	2812
5922	2813
2326	2814
2438	2815
2738	2816
2356	2817
2610	2818
96	2819
3071	2820
9034	2821
574	2822
7436	2823
6821	2824
1739	2825
7389	2826
7167	2827
5049	2828
911	2829
4	2830
5523	2831
4391	2832
1587	2833
3419	2834
7872	2835
6057	2836
5387	2837
8039	2838
60	2839
5865	2840
53	2841
7996	2842
7291	2843
7516	2844
6069	2845
7255	2846
4928	2847
2375	2848
2886	2849
5022	2850
195	2851
5142	2852
160	2853
1498	2854
4616	2855
2740	2856
8953	2857
1455	2858
8645	2859
3382	2860
3376	2861
1864	2862
2121	2863
2120	2864
5263	2865
2478	2866
2572	2867
1566	2868
7775	2869
8193	2870
682	2871
2638	2872
1555	2873
748	2874
6390	2875
5613	2876
6654	2877
5370	2878
8440	2879
7823	2880
1512	2881
541	2882
7251	2883
5271	2884
192	2885
4238	2886
984	2887
4642	2888
5393	2889
683	2890
6348	2891
1777	2892
562	2893
6627	2894
2897	2895
685	2896
4974	2897
3099	2898
559	2899
7235	2900
2220	2901
5139	2902
6538	2903
391	2904
2474	2905
5549	2906
2278	2907
5662	2908
315	2909
8435	2910
5530	2911
4189	2912
4481	2913
4932	2914
5785	2915
5948	2916
2361	2917
29	2918
2630	2919
5850	2920
3278	2921
3893	2922
8832	2923
4951	2924
8805	2925
4021	2926
71	2927
6911	2928
126	2929
2251	2930
8402	2931
231	2932
9015	2933
1418	2934
2108	2935
2502	2936
8052	2937
1080	2938
5378	2939
4766	2940
6394	2941
7062	2942
7086	2943
7498	2944
6464	2945
5923	2946
6213	2947
705	2948
699	2949
5638	2950
2386	2951
7328	2952
4384	2953
3877	2954
7597	2955
2693	2956
6063	2957
2139	2958
7973	2959
4959	2960
3579	2961
321	2962
6480	2963
1730	2964
113	2965
2642	2966
7494	2967
1886	2968
2409	2969
813	2970
5280	2971
633	2972
3484	2973
2844	2974
2013	2975
5379	2976
3018	2977
8335	2978
3682	2979
9014	2980
1078	2981
282	2982
2725	2983
6403	2984
4477	2985
3584	2986
2965	2987
4837	2988
8570	2989
4319	2990
2599	2991
6081	2992
6473	2993
5808	2994
3049	2995
8776	2996
7387	2997
3442	2998
4360	2999
5986	3000
1157	3001
408	3002
7435	3003
8480	3004
6702	3005
6582	3006
7110	3007
2709	3008
1094	3009
6567	3010
6840	3011
2540	3012
5524	3013
2858	3014
4662	3015
4796	3016
676	3017
1156	3018
4422	3019
3076	3020
5968	3021
6360	3022
3899	3023
7111	3024
3405	3025
8423	3026
4770	3027
303	3028
7114	3029
8498	3030
7510	3031
8384	3032
8598	3033
994	3034
5834	3035
6503	3036
7897	3037
5905	3038
9025	3039
8099	3040
614	3041
9001	3042
6534	3043
2177	3044
137	3045
3786	3046
972	3047
1224	3048
2156	3049
395	3050
5228	3051
9031	3052
7366	3053
8965	3054
1775	3055
1385	3056
3402	3057
6601	3058
3212	3059
5764	3060
3846	3061
4688	3062
5695	3063
8948	3064
931	3065
912	3066
8	3067
7503	3068
2536	3069
5646	3070
446	3071
3773	3072
2327	3073
1993	3074
5114	3075
3164	3076
4080	3077
2594	3078
1269	3079
2165	3080
4781	3081
5151	3082
5705	3083
4680	3084
222	3085
5675	3086
980	3087
4731	3088
7545	3089
8603	3090
6689	3091
974	3092
8492	3093
7462	3094
1871	3095
2302	3096
6864	3097
3507	3098
7033	3099
6252	3100
3424	3101
4537	3102
5040	3103
3468	3104
122	3105
5341	3106
5218	3107
6728	3108
3800	3109
5193	3110
4480	3111
8775	3112
2099	3113
4249	3114
2097	3115
2529	3116
2252	3117
2631	3118
5836	3119
5854	3120
2948	3121
1825	3122
1308	3123
886	3124
6083	3125
2275	3126
800	3127
144	3128
5016	3129
954	3130
43	3131
5308	3132
2992	3133
342	3134
2214	3135
1459	3136
7312	3137
8170	3138
2651	3139
24	3140
2720	3141
3311	3142
6579	3143
6186	3144
1672	3145
170	3146
1991	3147
4478	3148
7869	3149
5035	3150
3368	3151
7645	3152
7992	3153
5633	3154
3138	3155
8045	3156
2915	3157
1666	3158
7794	3159
2024	3160
4455	3161
2617	3162
8021	3163
64	3164
4971	3165
94	3166
354	3167
7354	3168
8225	3169
6267	3170
1102	3171
3619	3172
2047	3173
1535	3174
1501	3175
4504	3176
6917	3177
2868	3178
6959	3179
2216	3180
3535	3181
6613	3182
484	3183
4883	3184
5521	3185
635	3186
2351	3187
20	3188
556	3189
8987	3190
4272	3191
3090	3192
7587	3193
3155	3194
1381	3195
3443	3196
8868	3197
6816	3198
5477	3199
7221	3200
8915	3201
4969	3202
6391	3203
8368	3204
1155	3205
3403	3206
1412	3207
7984	3208
28	3209
700	3210
6850	3211
5269	3212
1650	3213
7048	3214
3232	3215
4543	3216
117	3217
614	3218
4847	3219
3022	3220
7175	3221
6233	3222
2588	3223
6033	3224
3387	3225
8836	3226
7028	3227
8046	3228
1671	3229
2777	3230
8834	3231
8236	3232
6668	3233
6193	3234
6463	3235
990	3236
1014	3237
1346	3238
3124	3239
8833	3240
6508	3241
3906	3242
595	3243
4065	3244
8604	3245
7067	3246
2714	3247
6998	3248
1712	3249
4602	3250
3015	3251
3163	3252
640	3253
503	3254
6595	3255
3580	3256
4090	3257
5677	3258
77	3259
40	3260
2968	3261
1966	3262
4178	3263
5343	3264
1763	3265
2487	3266
3431	3267
6736	3268
903	3269
8660	3270
578	3271
5776	3272
7663	3273
8971	3274
4850	3275
589	3276
3435	3277
1729	3278
788	3279
5506	3280
6362	3281
3868	3282
7966	3283
8087	3284
5582	3285
465	3286
882	3287
5564	3288
1187	3289
5194	3290
6809	3291
7948	3292
6525	3293
6876	3294
7896	3295
7103	3296
5327	3297
2960	3298
1166	3299
6535	3300
5599	3301
5898	3302
6972	3303
3977	3304
3265	3305
413	3306
8704	3307
1242	3308
6674	3309
1831	3310
1196	3311
8738	3312
706	3313
3037	3314
1427	3315
7850	3316
6248	3317
224	3318
3477	3319
7126	3320
1817	3321
5479	3322
6156	3323
8713	3324
7693	3325
1534	3326
8774	3327
3968	3328
7675	3329
142	3330
2426	3331
690	3332
3169	3333
6524	3334
2063	3335
4514	3336
3113	3337
6744	3338
5299	3339
596	3340
3161	3341
1975	3342
5590	3343
7811	3344
2618	3345
3345	3346
890	3347
794	3348
798	3349
997	3350
7878	3351
702	3352
3304	3353
5700	3354
9055	3355
7735	3356
3325	3357
3887	3358
2556	3359
3397	3360
7887	3361
8706	3362
6923	3363
8712	3364
6256	3365
4660	3366
2658	3367
4497	3368
3623	3369
430	3370
3412	3371
2825	3372
5619	3373
1338	3374
1678	3375
4002	3376
592	3377
2004	3378
14	3379
1983	3380
565	3381
8507	3382
6626	3383
2583	3384
4375	3385
6336	3386
2861	3387
6666	3388
6478	3389
1164	3390
764	3391
722	3392
2918	3393
2093	3394
434	3395
8573	3396
565	3397
8253	3398
658	3399
3365	3400
2937	3401
2641	3402
163	3403
3823	3404
2933	3405
2995	3406
4365	3407
3523	3408
2875	3409
2676	3410
3685	3411
4944	3412
8723	3413
75	3414
4400	3415
7758	3416
384	3417
4988	3418
7678	3419
288	3420
2716	3421
8984	3422
5657	3423
323	3424
3378	3425
2468	3426
2310	3427
8404	3428
3518	3429
1298	3430
2804	3431
3969	3432
762	3433
6235	3434
4088	3435
420	3436
4952	3437
8701	3438
17	3439
7704	3440
1354	3441
268	3442
3568	3443
6495	3444
1760	3445
7522	3446
2282	3447
6920	3448
5600	3449
1337	3450
58	3451
8413	3452
1951	3453
2173	3454
231	3455
24	3456
5254	3457
603	3458
4941	3459
1264	3460
4291	3461
8601	3462
2202	3463
100	3464
5451	3465
200	3466
626	3467
4239	3468
3767	3469
6774	3470
604	3471
7624	3472
4123	3473
789	3474
5480	3475
19	3476
4457	3477
7851	3478
6673	3479
3676	3480
5782	3481
1068	3482
5118	3483
4135	3484
4058	3485
492	3486
2623	3487
5188	3488
7713	3489
4730	3490
4103	3491
5246	3492
2852	3493
1246	3494
6635	3495
7937	3496
8330	3497
5858	3498
8620	3499
3570	3500
4433	3501
1314	3502
13	3503
1882	3504
456	3505
2464	3506
30	3507
8679	3508
6542	3509
3697	3510
3112	3511
8784	3512
25	3513
5455	3514
820	3515
434	3516
172	3517
5287	3518
205	3519
4363	3520
3423	3521
7731	3522
7156	3523
4566	3524
2611	3525
7709	3526
5435	3527
6460	3528
6846	3529
330	3530
5028	3531
3057	3532
967	3533
9003	3534
6240	3535
5927	3536
7011	3537
2878	3538
2232	3539
347	3540
5117	3541
8364	3542
154	3543
5676	3544
7879	3545
402	3546
5803	3547
3012	3548
3604	3549
7158	3550
7361	3551
529	3552
2459	3553
4036	3554
4354	3555
7849	3556
5959	3557
7445	3558
2832	3559
9023	3560
4586	3561
1236	3562
8824	3563
7547	3564
1177	3565
562	3566
4450	3567
8503	3568
6320	3569
2424	3570
5161	3571
5472	3572
4431	3573
6693	3574
7020	3575
238	3576
8126	3577
594	3578
124	3579
3054	3580
1859	3581
3756	3582
983	3583
6697	3584
6280	3585
2264	3586
304	3587
692	3588
538	3589
8192	3590
4938	3591
224	3592
8379	3593
7964	3594
5367	3595
5778	3596
7434	3597
7513	3598
2781	3599
1910	3600
2887	3601
7803	3602
3860	3603
5336	3604
4311	3605
758	3606
4376	3607
7926	3608
6908	3609
629	3610
5538	3611
4703	3612
421	3613
8345	3614
2718	3615
5047	3616
8523	3617
55	3618
1425	3619
1197	3620
3234	3621
2434	3622
8783	3623
33	3624
2831	3625
776	3626
7773	3627
474	3628
127	3629
712	3630
7273	3631
2973	3632
6992	3633
5180	3634
7400	3635
53	3636
6198	3637
1651	3638
1341	3639
1287	3640
431	3641
5202	3642
304	3643
3746	3644
1169	3645
1356	3646
6073	3647
8249	3648
2006	3649
4738	3650
8198	3651
185	3652
3791	3653
2237	3654
779	3655
2334	3656
2919	3657
7876	3658
5989	3659
8341	3660
6308	3661
2056	3662
6671	3663
3793	3664
4999	3665
481	3666
6651	3667
8849	3668
8431	3669
1854	3670
7022	3671
6408	3672
2757	3673
2574	3674
1171	3675
1745	3676
2069	3677
617	3678
5094	3679
7853	3680
7793	3681
5977	3682
851	3683
1922	3684
3496	3685
6775	3686
8930	3687
465	3688
8683	3689
7840	3690
7147	3691
3422	3692
3909	3693
4655	3694
1917	3695
3803	3696
5023	3697
2866	3698
1167	3699
1457	3700
2088	3701
4468	3702
1680	3703
6600	3704
2535	3705
23	3706
3454	3707
221	3708
8791	3709
5166	3710
5501	3711
573	3712
5587	3713
4	3714
6852	3715
3410	3716
3457	3717
3804	3718
583	3719
4447	3720
3754	3721
2636	3722
4350	3723
5032	3724
4894	3725
6420	3726
4003	3727
8398	3728
4051	3729
8342	3730
8376	3731
753	3732
522	3733
8114	3734
7305	3735
2524	3736
175	3737
3834	3738
6014	3739
4460	3740
3753	3741
1708	3742
4078	3743
4729	3744
875	3745
6592	3746
2604	3747
2222	3748
263	3749
600	3750
3734	3751
719	3752
719	3753
449	3754
942	3755
180	3756
681	3757
5514	3758
276	3759
5082	3760
1022	3761
1034	3762
1331	3763
2392	3764
1520	3765
3459	3766
581	3767
8139	3768
5242	3769
4138	3770
4482	3771
299	3772
4366	3773
3639	3774
6507	3775
6873	3776
7847	3777
4290	3778
8806	3779
7697	3780
5144	3781
4709	3782
3167	3783
3058	3784
1414	3785
2239	3786
6928	3787
7933	3788
1050	3789
2	3790
4784	3791
2019	3792
5219	3793
6679	3794
1747	3795
2689	3796
7405	3797
8128	3798
7065	3799
2609	3800
3819	3801
90	3802
122	3803
7752	3804
1007	3805
1198	3806
774	3807
7759	3808
2368	3809
2542	3810
4056	3811
698	3812
3794	3813
302	3814
1665	3815
8674	3816
5270	3817
3630	3818
995	3819
1335	3820
6675	3821
2575	3822
2395	3823
783	3824
11	3825
752	3826
8002	3827
7149	3828
4935	3829
4849	3830
6310	3831
519	3832
8743	3833
3961	3834
632	3835
4044	3836
4791	3837
1329	3838
2927	3839
3	3840
1748	3841
6472	3842
6636	3843
6731	3844
183	3845
157	3846
6924	3847
1524	3848
6779	3849
3581	3850
449	3851
5556	3852
3666	3853
7284	3854
8918	3855
6363	3856
370	3857
268	3858
1994	3859
81	3860
4434	3861
4563	3862
7298	3863
6136	3864
494	3865
6606	3866
5313	3867
8298	3868
104	3869
5405	3870
8831	3871
3441	3872
8316	3873
4379	3874
3538	3875
2367	3876
8142	3877
8424	3878
6935	3879
960	3880
2029	3881
87	3882
4206	3883
1502	3884
416	3885
3536	3886
7608	3887
4553	3888
3840	3889
66	3890
3672	3891
673	3892
1953	3893
4805	3894
721	3895
8802	3896
162	3897
133	3898
586	3899
4911	3900
85	3901
1789	3902
5697	3903
322	3904
5322	3905
1659	3906
1900	3907
2690	3908
108	3909
8213	3910
8585	3911
199	3912
8417	3913
278	3914
6543	3915
241	3916
5482	3917
5939	3918
7994	3919
9028	3920
8839	3921
244	3922
8147	3923
7644	3924
8329	3925
389	3926
3770	3927
1107	3928
92	3929
1725	3930
1045	3931
6195	3932
7611	3933
7815	3934
127	3935
884	3936
4919	3937
1890	3938
6370	3939
7771	3940
8761	3941
2980	3942
7997	3943
4444	3944
929	3945
607	3946
4759	3947
5781	3948
7733	3949
2385	3950
2922	3951
346	3952
356	3953
7873	3954
3512	3955
3427	3956
1244	3957
3544	3958
8000	3959
8954	3960
8035	3961
5272	3962
299	3963
364	3964
4636	3965
105	3966
4268	3967
411	3968
7561	3969
8911	3970
754	3971
2059	3972
6976	3973
2061	3974
2060	3975
8502	3976
8780	3977
7318	3978
6829	3979
3183	3980
8867	3981
5046	3982
7901	3983
3458	3984
8266	3985
7426	3986
2806	3987
487	3988
7898	3989
8205	3990
5895	3991
6603	3992
7551	3993
7112	3994
6039	3995
8490	3996
6825	3997
3224	3998
7523	3999
4083	4000
4649	4001
3220	4002
3760	4003
647	4004
8105	4005
43	4006
1884	4007
1148	4008
5403	4009
8127	4010
3237	4011
1333	4012
8753	4013
2860	4014
5397	4015
1552	4016
7357	4017
2924	4018
344	4019
2208	4020
1165	4021
437	4022
7563	4023
1205	4024
598	4025
1538	4026
1583	4027
4534	4028
4197	4029
3191	4030
628	4031
1133	4032
3665	4033
4007	4034
5243	4035
2675	4036
362	4037
3912	4038
8581	4039
6415	4040
177	4041
2070	4042
50	4043
3356	4044
2157	4045
2380	4046
3926	4047
2370	4048
4168	4049
3675	4050
58	4051
6242	4052
3768	4053
6353	4054
8659	4055
3996	4056
3254	4057
5748	4058
5149	4059
4000	4060
5264	4061
8612	4062
7223	4063
640	4064
8240	4065
6142	4066
8955	4067
6274	4068
178	4069
8212	4070
7220	4071
6960	4072
3206	4073
4535	4074
313	4075
7163	4076
7074	4077
481	4078
4062	4079
4024	4080
2972	4081
1594	4082
8956	4083
2073	4084
947	4085
5868	4086
3729	4087
203	4088
3408	4089
6918	4090
1769	4091
8794	4092
8656	4093
4204	4094
2199	4095
7809	4096
7616	4097
8891	4098
2081	4099
174	4100
7588	4101
2700	4102
4839	4103
6777	4104
6153	4105
2082	4106
3918	4107
7079	4108
5884	4109
6494	4110
8476	4111
4652	4112
6550	4113
1563	4114
7139	4115
730	4116
1652	4117
5414	4118
1441	4119
52	4120
251	4121
1494	4122
1110	4123
1266	4124
1986	4125
9044	4126
7553	4127
1484	4128
2903	4129
1638	4130
670	4131
951	4132
5914	4133
2	4134
6789	4135
6575	4136
8471	4137
8485	4138
530	4139
1600	4140
3043	4141
1104	4142
7209	4143
8559	4144
676	4145
163	4146
2267	4147
2667	4148
30	4149
6576	4150
6650	4151
6196	4152
5189	4153
7706	4154
7455	4155
97	4156
100	4157
1	4158
230	4159
5384	4160
6664	4161
2158	4162
1358	4163
772	4164
6965	4165
7865	4166
1905	4167
5562	4168
2416	4169
1093	4170
5595	4171
8250	4172
4831	4173
2682	4174
110	4175
297	4176
6076	4177
6981	4178
4665	4179
34	4180
2765	4181
7970	4182
3986	4183
4361	4184
5333	4185
2090	4186
289	4187
316	4188
803	4189
1987	4190
2091	4191
5547	4192
8618	4193
3501	4194
2645	4195
3474	4196
7222	4197
5839	4198
7199	4199
7386	4200
31	4201
135	4202
96	4203
495	4204
2936	4205
3044	4206
3118	4207
2739	4208
7929	4209
4300	4210
4208	4211
8718	4212
8810	4213
2652	4214
2092	4215
4903	4216
4976	4217
7835	4218
193	4219
552	4220
4295	4221
1275	4222
815	4223
7724	4224
904	4225
2633	4226
8068	4227
5245	4228
1268	4229
8286	4230
6915	4231
3857	4232
4491	4233
7520	4234
8809	4235
5127	4236
808	4237
3177	4238
1160	4239
8294	4240
5635	4241
430	4242
9006	4243
1051	4244
996	4245
1558	4246
1386	4247
5463	4248
3174	4249
4721	4250
2098	4251
2000	4252
7186	4253
3429	4254
418	4255
500	4256
965	4257
3591	4258
5031	4259
1273	4260
4571	4261
6016	4262
2443	4263
6653	4264
7355	4265
1847	4266
29	4267
479	4268
2565	4269
3030	4270
3052	4271
2115	4272
992	4273
3750	4274
4637	4275
237	4276
2828	4277
1344	4278
8609	4279
2075	4280
1086	4281
618	4282
8812	4283
5609	4284
2954	4285
1064	4286
8983	4287
357	4288
185	4289
8069	4290
6034	4291
499	4292
1969	4293
3703	4294
2788	4295
3308	4296
6801	4297
7509	4298
1719	4299
5812	4300
9007	4301
8305	4302
1345	4303
2350	4304
2031	4305
1624	4306
523	4307
2466	4308
6009	4309
1278	4310
150	4311
227	4312
4750	4313
5935	4314
3509	4315
786	4316
7420	4317
7734	4318
7782	4319
667	4320
8163	4321
7989	4322
772	4323
704	4324
179	4325
601	4326
179	4327
603	4328
7843	4329
3240	4330
2014	4331
5666	4332
6730	4333
4232	4334
5099	4335
148	4336
95	4337
6143	4338
5417	4339
5656	4340
4277	4341
6115	4342
310	4343
3004	4344
4392	4345
681	4346
4322	4347
8964	4348
1746	4349
1424	4350
8865	4351
5499	4352
4656	4353
5741	4354
3765	4355
2509	4356
373	4357
8477	4358
2107	4359
2563	4360
2128	4361
8067	4362
253	4363
183	4364
5917	4365
1851	4366
3576	4367
757	4368
1615	4369
8529	4370
3400	4371
1190	4372
548	4373
7035	4374
637	4375
4293	4376
8957	4377
8017	4378
274	4379
3437	4380
3656	4381
4778	4382
247	4383
8004	4384
4798	4385
3120	4386
8482	4387
8135	4388
5419	4389
7682	4390
1318	4391
5625	4392
1375	4393
4046	4394
7322	4395
5124	4396
7017	4397
7837	4398
7451	4399
5844	4400
823	4401
2550	4402
8936	4403
7346	4404
7461	4405
2393	4406
2110	4407
3822	4408
8149	4409
2891	4410
5575	4411
5125	4412
6295	4413
4458	4414
8728	4415
7085	4416
5358	4417
8292	4418
7268	4419
259	4420
6212	4421
8974	4422
4164	4423
6750	4424
4074	4425
714	4426
188	4427
1834	4428
8098	4429
2124	4430
4020	4431
8465	4432
4634	4433
2145	4434
4748	4435
385	4436
6127	4437
973	4438
7180	4439
7132	4440
376	4441
4473	4442
79	4443
2872	4444
4562	4445
7800	4446
121	4447
7633	4448
61	4449
5145	4450
638	4451
5400	4452
576	4453
6000	4454
8442	4455
461	4456
7968	4457
2049	4458
9013	4459
3100	4460
602	4461
5043	4462
269	4463
4472	4464
3842	4465
1429	4466
81	4467
8200	4468
2722	4469
226	4470
2405	4471
6174	4472
1199	4473
246	4474
3	4475
8479	4476
2698	4477
2629	4478
2856	4479
6863	4480
1300	4481
7760	4482
3502	4483
5249	4484
1184	4485
218	4486
4760	4487
7508	4488
1516	4489
1163	4490
3280	4491
8061	4492
1397	4493
9032	4494
5842	4495
4017	4496
4857	4497
1426	4498
9027	4499
568	4500
1113	4501
7497	4502
7932	4503
6847	4504
1648	4505
771	4506
736	4507
2170	4508
4448	4509
653	4510
7916	4511
6074	4512
2299	4513
7579	4514
3017	4515
5807	4516
422	4517
7117	4518
4916	4519
4033	4520
1077	4521
6961	4522
2433	4523
4443	4524
2352	4525
6612	4526
2141	4527
1881	4528
2142	4529
6475	4530
4125	4531
2182	4532
420	4533
5859	4534
4827	4535
2133	4536
7472	4537
263	4538
6929	4539
5415	4540
6602	4541
2455	4542
8439	4543
57	4544
12	4545
717	4546
2650	4547
6556	4548
5512	4549
5285	4550
7505	4551
1069	4552
8444	4553
1562	4554
8631	4555
3413	4556
383	4557
1507	4558
7444	4559
7962	4560
5777	4561
1158	4562
8672	4563
4140	4564
5175	4565
7198	4566
2489	4567
440	4568
462	4569
461	4570
6165	4571
2515	4572
2066	4573
3573	4574
8887	4575
5916	4576
7936	4577
2161	4578
483	4579
4671	4580
2131	4581
3876	4582
4657	4583
864	4584
4570	4585
6884	4586
7329	4587
37	4588
7315	4589
2627	4590
8438	4591
5348	4592
5366	4593
5431	4594
6933	4595
2707	4596
2456	4597
641	4598
395	4599
1958	4600
8715	4601
8717	4602
7757	4603
8460	4604
7214	4605
1589	4606
12	4607
1565	4608
3684	4609
379	4610
6717	4611
1442	4612
8764	4613
6547	4614
46	4615
2	4616
7599	4617
3692	4618
668	4619
2148	4620
8880	4621
1109	4622
8015	4623
5873	4624
5057	4625
1134	4626
1310	4627
8760	4628
497	4629
7529	4630
96	4631
4711	4632
213	4633
3645	4634
4752	4635
3374	4636
5580	4637
2454	4638
4588	4639
6064	4640
9000	4641
6940	4642
5056	4643
7404	4644
8724	4645
1370	4646
8123	4647
7146	4648
1862	4649
4234	4650
1	4651
9009	4652
3199	4653
4596	4654
5302	4655
27	4656
8888	4657
1293	4658
2782	4659
630	4660
7881	4661
1090	4662
310	4663
1474	4664
6465	4665
408	4666
1943	4667
5216	4668
3045	4669
4172	4670
3731	4671
393	4672
632	4673
351	4674
3449	4675
7070	4676
2301	4677
131	4678
7767	4679
40	4680
3905	4681
855	4682
7931	4683
1257	4684
534	4685
2506	4686
6922	4687
2152	4688
1633	4689
6401	4690
8410	4691
7437	4692
4772	4693
8488	4694
957	4695
1181	4696
9008	4697
5088	4698
5980	4699
5338	4700
6632	4701
2154	4702
9020	4703
7834	4704
70	4705
714	4706
3192	4707
541	4708
7589	4709
711	4710
4915	4711
1360	4712
2103	4713
899	4714
546	4715
5684	4716
206	4717
2908	4718
7218	4719
5374	4720
8366	4721
1	4722
1	4723
5220	4724
2566	4725
161	4726
7654	4727
4812	4728
4180	4729
7700	4730
8537	4731
7439	4732
5900	4733
885	4734
7068	4735
4786	4736
35	4737
16	4738
202	4739
7310	4740
5092	4741
3253	4742
3261	4743
7	4744
5689	4745
3514	4746
8541	4747
6404	4748
596	4749
612	4750
4609	4751
1044	4752
5255	4753
1515	4754
7740	4755
2763	4756
309	4757
8736	4758
7179	4759
3997	4760
64	4761
64	4762
1091	4763
7076	4764
2648	4765
2505	4766
2773	4767
7165	4768
5478	4769
8538	4770
6375	4771
5164	4772
1551	4773
28	4774
254	4775
7016	4776
8133	4777
775	4778
2792	4779
7801	4780
2445	4781
7326	4782
8937	4783
8075	4784
260	4785
4459	4786
651	4787
186	4788
7569	4789
1168	4790
378	4791
112	4792
441	4793
8725	4794
111	4795
1221	4796
3774	4797
6504	4798
6954	4799
4625	4800
4956	4801
1465	4802
1726	4803
6521	4804
932	4805
816	4806
760	4807
743	4808
8837	4809
3144	4810
3658	4811
1074	4812
264	4813
479	4814
1809	4815
3021	4816
8892	4817
4619	4818
7722	4819
8642	4820
3348	4821
4544	4822
8949	4823
3146	4824
8392	4825
2178	4826
6580	4827
1714	4828
1568	4829
7647	4830
1636	4831
8120	4832
2205	4833
4820	4834
8304	4835
3801	4836
8646	4837
3704	4838
2363	4839
3540	4840
1536	4841
8886	4842
4195	4843
42	4844
716	4845
2639	4846
5581	4847
6820	4848
1231	4849
6183	4850
9042	4851
3282	4852
2644	4853
2472	4854
7528	4855
767	4856
3151	4857
7289	4858
215	4859
8296	4860
6108	4861
1025	4862
2467	4863
129	4864
8079	4865
3855	4866
2448	4867
5421	4868
7053	4869
2094	4870
523	4871
3420	4872
5813	4873
8397	4874
3644	4875
5345	4876
77	4877
688	4878
537	4879
5932	4880
2130	4881
3999	4882
7572	4883
6273	4884
5867	4885
514	4886
120	4887
26	4888
817	4889
2854	4890
8318	4891
8599	4892
239	4893
4949	4894
23	4895
1514	4896
31	4897
7952	4898
3495	4899
6648	4900
8733	4901
2172	4902
6044	4903
2	4904
5259	4905
3202	4906
345	4907
8789	4908
7786	4909
8365	4910
3333	4911
3954	4912
8134	4913
421	4914
7690	4915
3214	4916
1934	4917
4120	4918
1049	4919
8737	4920
6732	4921
756	4922
7142	4923
6303	4924
8295	4925
3982	4926
4217	4927
6059	4928
118	4929
915	4930
4132	4931
4130	4932
4116	4933
4147	4934
4851	4935
4146	4936
4149	4937
4150	4938
4115	4939
4218	4940
7373	4941
4226	4942
4259	4943
4260	4944
4142	4945
4221	4946
4148	4947
5346	4948
7096	4949
6337	4950
756	4951
8990	4952
3531	4953
550	4954
7365	4955
8577	4956
2087	4957
715	4958
4034	4959
4093	4960
1479	4961
2672	4962
1174	4963
89	4964
5107	4965
8566	4966
8765	4967
259	4968
4269	4969
3136	4970
7311	4971
2793	4972
2791	4973
6982	4974
4299	4975
6100	4976
5909	4977
561	4978
7216	4979
6118	4980
6288	4981
4818	4982
433	4983
140	4984
953	4985
3602	4986
1124	4987
1105	4988
3720	4989
725	4990
2360	4991
2780	4992
2005	4993
394	4994
7947	4995
7580	4996
936	4997
4529	4998
3511	4999
6855	5000
4067	5001
4962	5002
5938	5003
5630	5004
1768	5005
7367	5006
3632	5007
5724	5008
8354	5009
2079	5010
4789	5011
6237	5012
535	5013
180	5014
8863	5015
8861	5016
2783	5017
4807	5018
1749	5019
8882	5020
2483	5021
2942	5022
3696	5023
1492	5024
5981	5025
482	5026
3812	5027
2420	5028
2083	5029
216	5030
234	5031
7202	5032
426	5033
18	5034
3790	5035
3873	5036
763	5037
1395	5038
2209	5039
1933	5040
8691	5041
4701	5042
5910	5043
3072	5044
3092	5045
5342	5046
7817	5047
8793	5048
3719	5049
7183	5050
184	5051
8972	5052
564	5053
308	5054
1461	5055
4864	5056
542	5057
6107	5058
2823	5059
3958	5060
642	5061
8248	5062
8615	5063
5719	5064
4399	5065
21	5066
1469	5067
4522	5068
8157	5069
1816	5070
8326	5071
6491	5072
8901	5073
3988	5074
4947	5075
5557	5076
4245	5077
6307	5078
8981	5079
1382	5080
909	5081
8081	5082
4645	5083
3453	5084
5208	5085
8297	5086
876	5087
8506	5088
2430	5089
4582	5090
902	5091
5430	5092
8083	5093
3566	5094
4235	5095
4358	5096
106	5097
535	5098
123	5099
1609	5100
5765	5101
2824	5102
8185	5103
8464	5104
358	5105
391	5106
2653	5107
3266	5108
1647	5109
8608	5110
69	5111
4583	5112
7993	5113
6164	5114
4895	5115
5054	5116
1372	5117
9046	5118
5081	5119
3433	5120
1626	5121
4063	5122
8427	5123
686	5124
773	5125
1322	5126
5456	5127
1430	5128
3657	5129
301	5130
827	5131
7170	5132
1274	5133
18	5134
9047	5135
5077	5136
1733	5137
642	5138
2414	5139
6270	5140
3943	5141
4907	5142
8389	5143
453	5144
6993	5145
4416	5146
3000	5147
3198	5148
6577	5149
7377	5150
7944	5151
333	5152
2387	5153
3353	5154
7021	5155
8970	5156
3132	5157
1263	5158
7166	5159
3024	5160
2476	5161
8689	5162
7583	5163
352	5164
4511	5165
350	5166
8574	5167
5475	5168
7203	5169
5128	5170
7350	5171
4191	5172
7486	5173
8166	5174
125	5175
2827	5176
524	5177
8380	5178
6569	5179
6814	5180
2951	5181
5863	5182
76	5183
5207	5184
691	5185
3026	5186
8709	5187
1108	5188
1454	5189
4286	5190
948	5191
7594	5192
7253	5193
3059	5194
8607	5195
7566	5196
4695	5197
7525	5198
778	5199
4679	5200
1893	5201
8178	5202
5126	5203
6400	5204
2338	5205
2117	5206
8356	5207
5926	5208
5528	5209
6615	5210
3497	5211
3621	5212
2520	5213
5848	5214
6644	5215
7741	5216
1327	5217
509	5218
5565	5219
5135	5220
1853	5221
8548	5222
1885	5223
3	5224
660	5225
8182	5226
5991	5227
1517	5228
6243	5229
3396	5230
8206	5231
8422	5232
4985	5233
1696	5234
5434	5235
4378	5236
5706	5237
2899	5238
4984	5239
6509	5240
7063	5241
4692	5242
6194	5243
3385	5244
6885	5245
4092	5246
1369	5247
8946	5248
4732	5249
3139	5250
6017	5251
5158	5252
7718	5253
7316	5254
8433	5255
3837	5256
4726	5257
6323	5258
8621	5259
225	5260
6211	5261
4992	5262
4367	5263
1796	5264
8358	5265
1510	5266
3763	5267
4873	5268
4113	5269
8390	5270
6769	5271
156	5272
381	5273
1695	5274
92	5275
5230	5276
4188	5277
8349	5278
3662	5279
6352	5280
644	5281
3023	5282
6875	5283
1446	5284
2655	5285
181	5286
6845	5287
1959	5288
6332	5289
2570	5290
3974	5291
1580	5292
5563	5293
318	5294
7978	5295
894	5296
5982	5297
250	5298
8797	5299
6010	5300
2228	5301
7332	5302
510	5303
137	5304
8302	5305
6493	5306
3721	5307
2833	5308
8122	5309
5217	5310
4924	5311
7570	5312
5452	5313
6466	5314
417	5315
3303	5316
5643	5317
7892	5318
2926	5319
3827	5320
3661	5321
57	5322
7686	5323
8306	5324
6080	5325
914	5326
2713	5327
3582	5328
7791	5329
7961	5330
4533	5331
6049	5332
8929	5333
3957	5334
54	5335
6974	5336
4252	5337
2136	5338
8383	5339
4653	5340
8959	5341
7252	5342
1572	5343
4348	5344
249	5345
4340	5346
1194	5347
1548	5348
6364	5349
6109	5350
385	5351
4419	5352
4096	5353
6289	5354
582	5355
451	5356
6445	5357
5972	5358
7619	5359
5377	5360
5951	5361
8625	5362
2260	5363
3527	5364
2167	5365
6624	5366
7772	5367
7812	5368
187	5369
281	5370
7260	5371
733	5372
4323	5373
8414	5374
2846	5375
4098	5376
5298	5377
3286	5378
1897	5379
5481	5380
8499	5381
1877	5382
4038	5383
73	5384
6907	5385
7854	5386
8685	5387
7626	5388
8610	5389
279	5390
378	5391
2009	5392
2	5393
1295	5394
3334	5395
760	5396
6755	5397
2253	5398
5988	5399
1143	5400
4231	5401
8407	5402
5984	5403
7212	5404
1976	5405
8602	5406
5709	5407
1082	5408
1405	5409
363	5410
3128	5411
1660	5412
6793	5413
5310	5414
3439	5415
6583	5416
2843	5417
8462	5418
1339	5419
6878	5420
713	5421
557	5422
6896	5423
1973	5424
2255	5425
5080	5426
8514	5427
584	5428
3601	5429
832	5430
7650	5431
3244	5432
8066	5433
1550	5434
7886	5435
8241	5436
8700	5437
7778	5438
3003	5439
3203	5440
6956	5441
2064	5442
5554	5443
1691	5444
2218	5445
6481	5446
6190	5447
4767	5448
623	5449
3141	5450
437	5451
5450	5452
1869	5453
5674	5454
8991	5455
5008	5456
7712	5457
6691	5458
7107	5459
4476	5460
8159	5461
2184	5462
8854	5463
8043	5464
338	5465
799	5466
790	5467
8680	5468
3960	5469
5601	5470
5862	5471
216	5472
3663	5473
6568	5474
5248	5475
2389	5476
921	5477
6831	5478
1141	5479
3470	5480
2847	5481
4006	5482
7665	5483
7744	5484
8016	5485
374	5486
5943	5487
8044	5488
374	5489
4741	5490
4324	5491
1404	5492
261	5493
204	5494
311	5495
5893	5496
6373	5497
2593	5498
3589	5499
2112	5500
5818	5501
8428	5502
6947	5503
1634	5504
473	5505
473	5506
8688	5507
7097	5508
1213	5509
5995	5510
407	5511
3314	5512
4868	5513
6177	5514
7259	5515
5515	5516
656	5517
2077	5518
5198	5519
2180	5520
4329	5521
5887	5522
8252	5523
2183	5524
1206	5525
6506	5526
5457	5527
6006	5528
2174	5529
4880	5530
6292	5531
5732	5532
2923	5533
1755	5534
8210	5535
4334	5536
1028	5537
4397	5538
5701	5539
4983	5540
1189	5541
8914	5542
3603	5543
4488	5544
92	5545
4072	5546
1908	5547
4745	5548
380	5549
3200	5550
7261	5551
9053	5552
777	5553
7213	5554
2991	5555
1423	5556
2212	5557
4236	5558
4556	5559
5232	5560
458	5561
8375	5562
2270	5563
5541	5564
3236	5565
5573	5566
4702	5567
3215	5568
766	5569
1046	5570
4047	5571
2422	5572
1179	5573
4921	5574
8526	5575
6002	5576
2390	5577
406	5578
86	5579
8557	5580
5319	5581
3369	5582
8025	5583
8196	5584
6677	5585
6527	5586
6281	5587
2955	5588
2809	5589
2193	5590
3931	5591
1392	5592
5811	5593
938	5594
4923	5595
5611	5596
6611	5597
4856	5598
115	5599
5829	5600
1575	5601
3486	5602
4141	5603
3129	5604
5069	5605
6994	5606
6536	5607
8714	5608
2051	5609
6245	5610
7639	5611
388	5612
3529	5613
3233	5614
2345	5615
8408	5616
248	5617
7954	5618
3347	5619
1997	5620
6513	5621
54	5622
5856	5623
7242	5624
6455	5625
5090	5626
8119	5627
6539	5628
2979	5629
361	5630
4157	5631
4639	5632
3525	5633
3688	5634
375	5635
7748	5636
5153	5637
1052	5638
6054	5639
2268	5640
275	5641
190	5642
2888	5643
644	5644
5483	5645
6201	5646
7323	5647
8916	5648
8875	5649
7591	5650
6214	5651
544	5652
8325	5653
6759	5654
5522	5655
8619	5656
7000	5657
2229	5658
505	5659
6813	5660
4635	5661
21	5662
1024	5663
5806	5664
6432	5665
8628	5666
4081	5667
2003	5668
2947	5669
2319	5670
1152	5671
6851	5672
521	5673
8138	5674
8716	5675
8855	5676
4410	5677
6919	5678
396	5679
8088	5680
2750	5681
6104	5682
3533	5683
5606	5684
5796	5685
4594	5686
7792	5687
7963	5688
294	5689
4667	5690
8136	5691
4686	5692
1674	5693
6430	5694
7762	5695
1683	5696
1737	5697
4902	5698
2354	5699
328	5700
248	5701
4207	5702
4555	5703
4600	5704
5172	5705
81	5706
4040	5707
8177	5708
4869	5709
5406	5710
445	5711
5894	5712
3373	5713
718	5714
5324	5715
5157	5716
4599	5717
1349	5718
8527	5719
3755	5720
991	5721
1561	5722
1195	5723
988	5724
5642	5725
2244	5726
3964	5727
7806	5728
4087	5729
6958	5730
1833	5731
346	5732
2830	5733
2579	5734
3506	5735
8803	5736
6642	5737
729	5738
7353	5739
1656	5740
4828	5741
4565	5742
619	5743
2857	5744
4240	5745
734	5746
3145	5747
2247	5748
1267	5749
7768	5750
987	5751
1040	5752
1379	5753
5788	5754
4532	5755
1210	5756
2491	5757
1592	5758
2699	5759
1857	5760
8256	5761
1147	5762
25	5763
1490	5764
6870	5765
5389	5766
6411	5767
806	5768
6413	5769
42	5770
3922	5771
581	5772
8992	5773
2585	5774
66	5775
2284	5776
6533	5777
3007	5778
3865	5779
7736	5780
1304	5781
2022	5782
6385	5783
1996	5784
8425	5785
50	5786
116	5787
1920	5788
3575	5789
7890	5790
8703	5791
3313	5792
6737	5793
7925	5794
8616	5795
1978	5796
5617	5797
289	5798
3610	5799
6725	5800
7923	5801
8640	5802
5559	5803
5798	5804
2544	5805
6119	5806
7095	5807
8825	5808
7761	5809
2008	5810
697	5811
5878	5812
1340	5813
7489	5814
5368	5815
776	5816
2364	5817
7721	5818
3019	5819
8103	5820
3009	5821
599	5822
6778	5823
360	5824
4877	5825
568	5826
2254	5827
8063	5828
7842	5829
2256	5830
6386	5831
459	5832
7302	5833
240	5834
5703	5835
5353	5836
9057	5837
657	5838
2917	5839
657	5840
7844	5841
1738	5842
6020	5843
2357	5844
727	5845
554	5846
6719	5847
6378	5848
6867	5849
5497	5850
6909	5851
5095	5852
746	5853
5496	5854
4209	5855
5440	5856
1990	5857
1394	5858
782	5859
3886	5860
3360	5861
7168	5862
5632	5863
1998	5864
6412	5865
4052	5866
1054	5867
336	5868
6056	5869
1098	5870
4122	5871
7565	5872
4547	5873
7737	5874
844	5875
7618	5876
1443	5877
6865	5878
5355	5879
151	5880
6985	5881
4327	5882
5589	5883
5669	5884
2577	5885
7454	5886
1919	5887
1781	5888
3267	5889
22	5890
1585	5891
100	5892
684	5893
6646	5894
59	5895
6384	5896
6204	5897
6351	5898
6828	5899
5226	5900
5593	5901
6608	5902
7549	5903
229	5904
5668	5905
1824	5906
7407	5907
58	5908
201	5909
5797	5910
8926	5911
9045	5912
7412	5913
6313	5914
6996	5915
669	5916
8694	5917
6339	5918
139	5919
1320	5920
4344	5921
8816	5922
618	5923
2396	5924
6895	5925
3243	5926
891	5927
8227	5928
131	5929
1228	5930
5294	5931
1896	5932
8542	5933
6470	5934
5494	5935
6672	5936
6748	5937
907	5938
18	5939
6117	5940
276	5941
4840	5942
6914	5943
2265	5944
3805	5945
3101	5946
4663	5947
1705	5948
448	5949
4250	5950
4214	5951
1706	5952
4751	5953
1489	5954
7659	5955
1557	5956
8288	5957
7113	5958
5364	5959
2622	5960
5996	5961
8587	5962
2046	5963
7602	5964
1664	5965
5566	5966
3329	5967
553	5968
5650	5969
5534	5970
5223	5971
5265	5972
5686	5973
5685	5974
5772	5975
5810	5976
5833	5977
5688	5978
5036	5979
5033	5980
5597	5981
4900	5982
4615	5983
888	5984
1436	5985
6980	5986
7341	5987
8243	5988
2551	5989
129	5990
2036	5991
165	5992
292	5993
7279	5994
5749	5995
2925	5996
8055	5997
1699	5998
7450	5999
1384	6000
2508	6001
905	6002
3488	6003
5583	6004
7669	6005
67	6006
4037	6007
6502	6008
3728	6009
6305	6010
3813	6011
356	6012
1319	6013
5365	6014
739	6015
4677	6016
8568	6017
6742	6018
6317	6019
6749	6020
1035	6021
1649	6022
6727	6023
6712	6024
6279	6025
1106	6026
6703	6027
6710	6028
6796	6029
6921	6030
2606	6031
1646	6032
1603	6033
7971	6034
6794	6035
8543	6036
1641	6037
6711	6038
1175	6039
6792	6040
6714	6041
6695	6042
8534	6043
1387	6044
6746	6045
6745	6046
8678	6047
6330	6048
6830	6049
5461	6050
6698	6051
54	6052
1610	6053
6797	6054
5288	6055
8261	6056
5577	6057
59	6058
5168	6059
8705	6060
1658	6061
6294	6062
1001	6063
7428	6064
3635	6065
5952	6066
3416	6067
5899	6068
1005	6069
1698	6070
6763	6071
6346	6072
1324	6073
1855	6074
1000	6075
1544	6076
6720	6077
1013	6078
5399	6079
2286	6080
1122	6081
1988	6082
1151	6083
3115	6084
6843	6085
2900	6086
6342	6087
5907	6088
4030	6089
5742	6090
7013	6091
4025	6092
4811	6093
73	6094
1207	6095
8436	6096
877	6097
6848	6098
388	6099
7174	6100
48	6101
8827	6102
554	6103
6089	6104
4834	6105
4219	6106
4438	6107
5828	6108
1968	6109
2230	6110
4437	6111
8334	6112
2344	6113
6822	6114
128	6115
3752	6116
147	6117
5936	6118
6860	6119
2288	6120
6705	6121
7730	6122
5231	6123
4765	6124
7575	6125
4393	6126
5851	6127
4019	6128
6665	6129
1736	6130
6629	6131
5820	6132
6545	6133
3176	6134
5596	6135
4593	6136
3460	6137
8271	6138
7210	6139
1460	6140
34	6141
1573	6142
854	6143
1084	6144
4876	6145
2786	6146
1673	6147
4817	6148
255	6149
1154	6150
3694	6151
7269	6152
7075	6153
1767	6154
6835	6155
5653	6156
7630	6157
2317	6158
695	6159
5768	6160
4423	6161
7431	6162
2342	6163
619	6164
1675	6165
534	6166
7171	6167
7821	6168
1540	6169
4930	6170
2238	6171
8905	6172
4256	6173
4084	6174
7151	6175
4483	6176
7347	6177
4724	6178
6784	6179
8351	6180
8008	6181
3434	6182
5311	6183
7446	6184
2492	6185
3500	6186
2546	6187
6096	6188
8048	6189
533	6190
6516	6191
2603	6192
7738	6193
1832	6194
8323	6195
2085	6196
4304	6197
5793	6198
6957	6199
4866	6200
2198	6201
567	6202
2885	6203
2169	6204
5576	6205
9037	6206
7090	6207
8346	6208
627	6209
8244	6210
645	6211
1011	6212
2114	6213
520	6214
3975	6215
5329	6216
1477	6217
2701	6218
515	6219
797	6220
4611	6221
2311	6222
8164	6223
3171	6224
4213	6225
986	6226
4246	6227
6419	6228
3966	6229
1532	6230
3883	6231
616	6232
141	6233
252	6234
8516	6235
8626	6236
6817	6237
577	6238
4462	6239
2613	6240
6701	6241
4854	6242
664	6243
4775	6244
5636	6245
4762	6246
2977	6247
7555	6248
5195	6249
8003	6250
1840	6251
971	6252
435	6253
633	6254
7401	6255
7870	6256
4492	6257
9043	6258
6075	6259
511	6260
3444	6261
2001	6262
4162	6263
8064	6264
7698	6265
5083	6266
60	6267
5760	6268
4042	6269
258	6270
8858	6271
13	6272
5073	6273
3380	6274
8622	6275
4388	6276
1528	6277
8870	6278
7150	6279
20	6280
3561	6281
8682	6282
192	6283
2774	6284
3426	6285
1291	6286
7193	6287
6888	6288
495	6289
8902	6290
6416	6291
3856	6292
3394	6293
2503	6294
1954	6295
7646	6296
6939	6297
5295	6298
6890	6299
5185	6300
8495	6301
7894	6302
8115	6303
7710	6304
8770	6305
8943	6306
1352	6307
718	6308
3241	6309
3858	6310
7495	6311
6366	6312
1120	6313
3046	6314
3209	6315
2388	6316
4233	6317
5750	6318
8550	6319
4320	6320
5711	6321
2323	6322
6949	6323
4043	6324
8546	6325
4464	6326
2325	6327
8669	6328
4848	6329
1432	6330
1802	6331
3574	6332
8606	6333
1393	6334
249	6335
3011	6336
3341	6337
7327	6338
615	6339
6157	6340
255	6341
6989	6342
2898	6343
8469	6344
1727	6345
6905	6346
439	6347
1435	6348
212	6349
5297	6350
210	6351
8106	6352
1623	6353
6581	6354
2221	6355
7390	6356
25	6357
6899	6358
113	6359
5799	6360
8283	6361
4045	6362
2764	6363
6541	6364
6780	6365
132	6366
390	6367
8896	6368
1366	6369
3614	6370
1782	6371
8151	6372
7135	6373
3745	6374
7051	6375
1619	6376
1545	6377
1627	6378
6299	6379
1200	6380
6159	6381
7161	6382
2293	6383
1023	6384
670	6385
9040	6386
2346	6387
93	6388
3102	6389
537	6390
7891	6391
6781	6392
3338	6393
3772	6394
5076	6395
13	6396
13	6397
6751	6398
343	6399
2912	6400
2523	6401
8590	6402
104	6403
4968	6404
2612	6405
328	6406
8828	6407
5990	6408
469	6409
3275	6410
4205	6411
327	6412
1428	6413
1709	6414
1546	6415
6786	6416
3143	6417
1820	6418
7949	6419
82	6420
8223	6421
4684	6422
5169	6423
3923	6424
8382	6425
1422	6426
993	6427
1033	6428
84	6429
3737	6430
1071	6431
1595	6432
8090	6433
8155	6434
2497	6435
841	6436
6005	6437
7537	6438
1728	6439
749	6440
716	6441
608	6442
2191	6443
8910	6444
6176	6445
6253	6446
8359	6447
6862	6448
2766	6449
5129	6450
4528	6451
416	6452
5170	6453
8060	6454
7609	6455
438	6456
1463	6457
110	6458
779	6459
3210	6460
6315	6461
3088	6462
874	6463
312	6464
121	6465
1518	6466
6904	6467
1100	6468
6333	6469
7359	6470
1717	6471
5344	6472
859	6473
6199	6474
3781	6475
2822	6476
6451	6477
5210	6478
82	6479
2969	6480
4771	6481
6467	6482
3065	6483
2331	6484
7723	6485
6511	6486
7225	6487
8285	6488
5886	6489
6110	6490
7676	6491
2379	6492
98	6493
605	6494
6622	6495
2745	6496
6147	6497
2404	6498
6485	6499
7411	6500
3	6501
791	6502
1286	6503
2864	6504
3618	6505
4513	6506
7592	6507
710	6508
7532	6509
8269	6510
612	6511
575	6512
649	6513
3933	6514
508	6515
3654	6516
3162	6517
8792	6518
8651	6519
271	6520
271	6521
98	6522
5722	6523
3890	6524
2033	6525
3903	6526
3953	6527
8419	6528
5277	6529
6881	6530
2401	6531
5443	6532
2727	6533
4833	6534
8313	6535
340	6536
2316	6537
3320	6538
6116	6539
4810	6540
7648	6541
6984	6542
7747	6543
32	6544
74	6545
7499	6546
547	6547
2708	6548
7691	6549
193	6550
7003	6551
4026	6552
654	6553
5529	6554
5699	6555
3075	6556
4943	6557
4937	6558
433	6559
4372	6560
160	6561
5518	6562
400	6563
1808	6564
6944	6565
2531	6566
114	6567
4777	6568
2990	6569
7945	6570
699	6571
8187	6572
722	6573
4774	6574
4776	6575
2381	6576
4507	6577
3976	6578
8049	6579
5335	6580
8591	6581
5015	6582
3987	6583
4110	6584
6173	6585
3898	6586
528	6587
833	6588
7293	6589
6738	6590
7986	6591
3678	6592
3634	6593
1752	6594
7658	6595
124	6596
548	6597
7453	6598
2998	6599
2332	6600
6950	6601
3398	6602
3370	6603
6021	6604
5061	6605
663	6606
167	6607
7953	6608
7219	6609
1505	6610
1522	6611
1974	6612
8845	6613
371	6614
6747	6615
382	6616
3588	6617
6857	6618
4785	6619
6260	6620
418	6621
2359	6622
977	6623
8272	6624
3799	6625
5885	6626
117	6627
444	6628
7403	6629
4581	6630
1222	6631
1219	6632
8681	6633
7826	6634
1894	6635
1039	6636
2839	6637
5369	6638
94	6639
2597	6640
436	6641
6091	6642
2816	6643
288	6644
6818	6645
3148	6646
242	6647
4	6648
1937	6649
4853	6650
4855	6651
8254	6652
342	6653
2397	6654
8426	6655
8994	6656
412	6657
5162	6658
277	6659
5877	6660
6374	6661
3928	6662
577	6663
531	6664
2400	6665
6389	6666
770	6667
7904	6668
3414	6669
1431	6670
2730	6671
8264	6672
3299	6673
4572	6674
5857	6675
366	6676
7598	6677
3034	6678
5037	6679
8443	6680
4284	6681
1095	6682
6518	6683
7109	6684
5030	6685
1995	6686
8102	6687
5542	6688
3440	6689
8536	6690
8027	6691
6101	6692
8222	6693
8785	6694
8097	6695
6934	6696
6047	6697
5918	6698
2055	6699
5065	6700
4747	6701
2715	6702
5490	6703
7562	6704
913	6705
590	6706
1612	6707
5897	6708
656	6709
6889	6710
879	6711
7914	6712
4270	6713
8904	6714
6676	6715
2762	6716
3006	6717
742	6718
1132	6719
5006	6720
4549	6721
5994	6722
8513	6723
4153	6724
2410	6725
8231	6726
5063	6727
195	6728
3980	6729
1391	6730
5160	6731
5196	6732
5903	6733
7040	6734
5970	6735
4201	6736
4858	6737
7859	6738
337	6739
900	6740
3769	6741
6471	6742
3959	6743
332	6744
196	6745
49	6746
295	6747
8677	6748
3548	6749
2890	6750
4614	6751
5880	6752
4768	6753
1639	6754
2132	6755
5637	6756
6405	6757
3624	6758
1509	6759
4055	6760
3738	6761
7484	6762
6839	6763
8374	6764
7056	6765
2775	6766
4177	6767
2548	6768
1150	6769
5334	6770
1574	6771
5758	6772
1374	6773
6596	6774
7789	6775
4545	6776
2488	6777
4890	6778
4953	6779
311	6780
631	6781
5966	6782
7160	6783
2067	6784
5896	6785
7432	6786
1292	6787
2406	6788
358	6789
43	6790
4569	6791
84	6792
7981	6793
6450	6794
7241	6795
5315	6796
4920	6797
478	6798
6139	6799
151	6800
7906	6801
3503	6802
7687	6803
8339	6804
3469	6805
3165	6806
6225	6807
6121	6808
6459	6809
8441	6810
8551	6811
1241	6812
3513	6813
6126	6814
97	6815
8459	6816
7684	6817
217	6818
686	6819
6628	6820
740	6821
2435	6822
3516	6823
3942	6824
8176	6825
2150	6826
405	6827
6690	6828
389	6829
6897	6830
4790	6831
7201	6832
1003	6833
84	6834
1138	6835
6483	6836
1962	6837
6986	6838
8054	6839
8467	6840
5992	6841
7820	6842
5289	6843
5104	6844
122	6845
652	6846
2883	6847
2729	6848
1703	6849
5225	6850
9054	6851
5432	6852
3140	6853
3498	6854
6772	6855
532	6856
4728	6857
1571	6858
1216	6859
6565	6860
9012	6861
3789	6862
7421	6863
6739	6864
4650	6865
1942	6866
6218	6867
452	6868
15	6869
7830	6870
2052	6871
2439	6872
4800	6873
469	6874
1915	6875
5301	6876
4050	6877
2277	6878
2626	6879
1770	6880
6368	6881
4540	6882
1053	6883
9026	6884
1929	6885
4720	6886
6163	6887
5284	6888
376	6889
5746	6890
5487	6891
3279	6892
8988	6893
1971	6894
2851	6895
4333	6896
3093	6897
3879	6898
3941	6899
4773	6900
2963	6901
384	6902
496	6903
21	6904
8146	6905
2134	6906
8720	6907
522	6908
9	6909
7543	6910
1272	6911
427	6912
3213	6913
1400	6914
3095	6915
7050	6916
2712	6917
1873	6918
7383	6919
8976	6920
8962	6921
3121	6922
6228	6923
7556	6924
4429	6925
6407	6926
761	6927
2920	6928
8906	6929
6229	6930
5176	6931
536	6932
1214	6933
8188	6934
1508	6935
8942	6936
3741	6937
735	6938
525	6939
5211	6940
8137	6941
287	6942
1531	6943
7860	6944
4862	6945
148	6946
5459	6947
3010	6948
7692	6949
7064	6950
2419	6951
5086	6952
6587	6953
120	6954
3606	6955
8403	6956
1553	6957
5876	6958
453	6959
4278	6960
4421	6961
3771	6962
5300	6963
5714	6964
7763	6965
3218	6966
8611	6967
5787	6968
3123	6969
7331	6970
6733	6971
4373	6972
6329	6973
1645	6974
5757	6975
8338	6976
768	6977
5978	6978
233	6979
419	6980
5143	6981
527	6982
8967	6983
584	6984
4967	6985
6	6986
651	6987
5875	6988
655	6989
5852	6990
223	6991
6722	6992
61	6993
5620	6994
8314	6995
339	6996
5291	6997
7001	6998
623	6999
400	7000
9011	7001
4495	7002
6149	7003
401	7004
1584	7005
2733	7006
7707	7007
6223	7008
5640	7009
3126	7010
2543	7011
5973	7012
4465	7013
5038	7014
2842	7015
4852	7016
5500	7017
7394	7018
6773	7019
2568	7020
8145	7021
1180	7022
2511	7023
730	7024
3699	7025
2688	7026
1411	7027
7471	7028
1464	7029
190	7030
4194	7031
1751	7032
1307	7033
7671	7034
6	7035
4946	7036
4957	7037
4380	7038
329	7039
3757	7040
3679	7041
621	7042
7673	7043
4622	7044
5418	7045
8560	7046
720	7047
464	7048
5832	7049
7348	7050
3590	7051
1437	7052
5385	7053
8742	7054
5729	7055
5485	7056
1081	7057
5950	7058
5227	7059
9018	7060
4011	7061
460	7062
3269	7063
4630	7064
4795	7065
4670	7066
8637	7067
6849	7068
6584	7069
6836	7070
3594	7071
7325	7072
871	7073
611	7074
4182	7075
2162	7076
6257	7077
6436	7078
3826	7079
7159	7080
955	7081
4223	7082
5303	7083
6591	7084
6158	7085
1135	7086
571	7087
3978	7088
3796	7089
5106	7090
6208	7091
1723	7092
1547	7093
622	7094
114	7095
5402	7096
6599	7097
5519	7098
8741	7099
1669	7100
83	7101
4094	7102
3097	7103
6354	7104
8777	7105
750	7106
2322	7107
5383	7108
5708	7109
5001	7110
4485	7111
3425	7112
2140	7113
8781	7114
801	7115
2179	7116
8487	7117
8596	7118
4449	7119
7517	7120
6261	7121
3178	7122
1982	7123
6618	7124
7544	7125
6945	7126
7883	7127
7023	7128
3809	7129
2315	7130
7764	7131
3736	7132
1240	7133
6805	7134
367	7135
3637	7136
3381	7137
6815	7138
6162	7139
7574	7140
1865	7141
8486	7142
2333	7143
11	7144
2451	7145
1742	7146
364	7147
8415	7148
301	7149
1248	7150
5723	7151
1765	7152
4889	7153
334	7154
701	7155
2429	7156
63	7157
2696	7158
4224	7159
6861	7160
194	7161
4339	7162
197	7163
6266	7164
7642	7165
2779	7166
5121	7167
7240	7168
1863	7169
3186	7170
7518	7171
8899	7172
4105	7173
452	7174
2558	7175
2444	7176
6837	7177
5726	7178
5727	7179
5392	7180
5408	7181
5837	7182
5718	7183
5710	7184
6734	7185
5680	7186
5687	7187
5737	7188
5690	7189
7720	7190
7739	7191
3421	7192
759	7193
1253	7194
8082	7195
6619	7196
5251	7197
8484	7198
502	7199
1989	7200
543	7201
8321	7202
4934	7203
571	7204
2155	7205
1112	7206
1118	7207
2534	7208
8228	7209
4352	7210
2257	7211
2815	7212
773	7213
471	7214
5720	7215
2294	7216
2349	7217
5612	7218
6105	7219
5085	7220
2555	7221
8931	7222
2035	7223
5325	7224
8315	7225
8310	7226
6345	7227
4746	7228
7519	7229
2102	7230
2749	7231
3272	7232
3642	7233
5340	7234
4490	7235
2203	7236
2062	7237
2753	7238
8391	7239
8059	7240
2436	7241
613	7242
3122	7243
2605	7244
7754	7245
2514	7246
3520	7247
3723	7248
7501	7249
5891	7250
4435	7251
7136	7252
7836	7253
5860	7254
5740	7255
7717	7256
3464	7257
2553	7258
7521	7259
329	7260
1533	7261
5059	7262
8162	7263
576	7264
9048	7265
297	7266
98	7267
5356	7268
7677	7269
1201	7270
1845	7271
1773	7272
8165	7273
6740	7274
2614	7275
4313	7276
4989	7277
1947	7278
7919	7279
8275	7280
5713	7281
8057	7282
5236	7283
5427	7284
1560	7285
6131	7286
404	7287
536	7288
5824	7289
4681	7290
4332	7291
4276	7292
5476	7293
7301	7294
3211	7295
2802	7296
8586	7297
257	7298
8113	7299
4865	7300
4690	7301
8732	7302
771	7303
1791	7304
8711	7305
1350	7306
6641	7307
5626	7308
566	7309
6268	7310
507	7311
8091	7312
1549	7313
717	7314
209	7315
5872	7316
2704	7317
7939	7318
5919	7319
4145	7320
1218	7321
6724	7322
4908	7323
6185	7324
5963	7325
5349	7326
8648	7327
482	7328
2620	7329
5535	7330
7560	7331
7942	7332
7784	7333
15	7334
2724	7335
1191	7336
5551	7337
7696	7338
1256	7339
7631	7340
273	7341
2263	7342
1582	7343
1029	7344
6070	7345
9	7346
6018	7347
274	7348
1004	7349
2168	7350
2874	7351
6678	7352
4326	7353
3430	7354
6135	7355
4442	7356
5444	7357
2147	7358
392	7359
3205	7360
7680	7361
8483	7362
7058	7363
3340	7364
6026	7365
5510	7366
7448	7367
2876	7368
8702	7369
1368	7370
4624	7371
3693	7372
353	7373
3870	7374
4885	7375
3871	7376
4648	7377
3816	7378
2539	7379
8841	7380
8923	7381
4368	7382
6970	7383
493	7384
3301	7385
3505	7386
1376	7387
4283	7388
5941	7389
214	7390
4668	7391
155	7392
3994	7393
6125	7394
737	7395
2772	7396
5470	7397
7229	7398
1313	7399
6276	7400
4835	7401
6798	7402
203	7403
1992	7404
4897	7405
3086	7406
6381	7407
4085	7408
9016	7409
134	7410
5874	7411
8129	7412
103	7413
738	7414
2528	7415
6623	7416
2227	7417
4564	7418
2938	7419
8011	7420
7120	7421
8521	7422
2312	7423
2643	7424
2246	7425
4693	7426
6171	7427
2971	7428
6652	7429
4039	7430
5728	7431
7317	7432
5071	7433
7083	7434
620	7435
6151	7436
4302	7437
3820	7438
21	7439
4271	7440
5274	7441
9017	7442
8684	7443
6979	7444
3078	7445
383	7446
5413	7447
63	7448
78	7449
7596	7450
1513	7451
4099	7452
7224	7453
9021	7454
6019	7455
2441	7456
3689	7457
7057	7458
2871	7459
999	7460
74	7461
526	7462
8853	7463
5404	7464
63	7465
165	7466
109	7467
5672	7468
1466	7469
1883	7470
8594	7471
6302	7472
470	7473
45	7474
3722	7475
7232	7476
7774	7477
1661	7478
530	7479
6246	7480
291	7481
2680	7482
5816	7483
291	7484
3817	7485
335	7486
7292	7487
7988	7488
2138	7489
5661	7490
5266	7491
1921	7492
3493	7493
8405	7494
1188	7495
191	7496
1663	7497
6930	7498
2261	7499
6129	7500
7262	7501
1849	7502
6050	7503
4799	7504
5696	7505
8388	7506
4059	7507
32	7508
520	7509
1693	7510
3060	7511
7071	7512
3302	7513
7002	7514
7807	7515
145	7516
1711	7517
4966	7518
8533	7519
5068	7520
2552	7521
136	7522
237	7523
7776	7524
8815	7525
6999	7526
7664	7527
8545	7528
4604	7529
2328	7530
672	7531
2281	7532
6358	7533
5870	7534
706	7535
123	7536
935	7537
7196	7538
8101	7539
6134	7540
6347	7541
3257	7542
325	7543
6564	7544
4694	7545
3732	7546
3888	7547
4091	7548
4467	7549
7956	7550
3252	7551
86	7552
176	7553
5847	7554
861	7555
7164	7556
1075	7557
4538	7558
2726	7559
3747	7560
5673	7561
4926	7562
4306	7563
1067	7564
354	7565
7125	7566
41	7567
7285	7568
2185	7569
3852	7570
2037	7571
1511	7572
7571	7573
8395	7574
551	7575
6312	7576
6036	7577
1471	7578
4845	7579
5598	7580
8894	7581
483	7582
8973	7583
7294	7584
5042	7585
7725	7586
2596	7587
7416	7588
1270	7589
5679	7590
5969	7591
672	7592
4220	7593
5516	7594
629	7595
472	7596
3798	7597
6932	7598
785	7599
4407	7600
6111	7601
8336	7602
2557	7603
426	7604
839	7605
745	7606
3291	7607
796	7608
1145	7609
472	7610
241	7611
1957	7612
1315	7613
6322	7614
8889	7615
8245	7616
3307	7617
8355	7618
669	7619
3001	7620
866	7621
8024	7622
7979	7623
7465	7624
2835	7625
2249	7626
2068	7627
2187	7628
3998	7629
531	7630
285	7631
272	7632
5537	7633
4285	7634
3487	7635
5998	7636
1012	7637
4744	7638
307	7639
2902	7640
5010	7641
4288	7642
459	7643
2989	7644
830	7645
8800	7646
7928	7647
3317	7648
2057	7649
4678	7650
5911	7651
6640	7652
27	7653
1336	7654
4742	7655
5495	7656
6449	7657
908	7658
2449	7659
1182	7660
1780	7661
2590	7662
1960	7663
7300	7664
4879	7665
3832	7666
7008	7667
229	7668
2869	7669
7742	7670
4179	7671
6148	7672
2450	7673
200	7674
1468	7675
8291	7676
4137	7677
7267	7678
662	7679
2306	7680
641	7681
6995	7682
4082	7683
2962	7684
243	7685
7828	7686
524	7687
3989	7688
8281	7689
1389	7690
7319	7691
314	7692
5780	7693
5130	7694
3504	7695
7265	7696
2795	7697
1271	7698
7504	7699
6523	7700
7695	7701
198	7702
3547	7703
73	7704
108	7705
5394	7706
3028	7707
769	7708
3157	7709
88	7710
723	7711
8850	7712
3475	7713
7458	7714
5665	7715
7805	7716
6328	7717
7004	7718
5783	7719
7304	7720
1754	7721
6826	7722
3927	7723
6072	7724
7211	7725
5608	7726
868	7727
5222	7728
4005	7729
7447	7730
5804	7731
7481	7732
3884	7733
7634	7734
6130	7735
6395	7736
406	7737
6886	7738
698	7739
8758	7740
3872	7741
5244	7742
574	7743
8900	7744
943	7745
5398	7746
5835	7747
5192	7748
3216	7749
375	7750
5553	7751
4489	7752
4994	7753
8730	7754
5901	7755
4780	7756
7581	7757
546	7758
8912	7759
8883	7760
1073	7761
3053	7762
4736	7763
4708	7764
708	7765
8202	7766
8158	7767
8773	7768
1434	7769
1111	7770
4280	7771
8237	7772
6893	7773
1797	7774
6978	7775
6756	7776
4779	7777
3973	7778
4273	7779
6869	7780
4714	7781
188	7782
7487	7783
4696	7784
982	7785
2470	7786
7667	7787
4390	7788
8746	7789
1	7790
8884	7791
6594	7792
3230	7793
6200	7794
486	7795
4413	7796
3494	7797
2818	7798
500	7799
3586	7800
2262	7801
710	7802
3875	7803
8280	7804
7274	7805
65	7806
6925	7807
2276	7808
7006	7809
4822	7810
709	7811
8317	7812
6832	7813
2475	7814
2054	7815
2026	7816
6334	7817
3546	7818
2481	7819
5651	7820
5846	7821
8394	7822
6991	7823
320	7824
8851	7825
2118	7826
457	7827
2929	7828
8558	7829
2402	7830
2914	7831
4950	7832
2873	7833
8289	7834
6103	7835
7540	7836
6406	7837
2649	7838
7356	7839
341	7840
3947	7841
897	7842
1407	7843
919	7844
1186	7845
5624	7846
920	7847
843	7848
7640	7849
563	7850
6410	7851
3571	7852
6721	7853
6684	7854
649	7855
529	7856
6357	7857
7868	7858
7384	7859
1829	7860
5436	7861
292	7862
1162	7863
2291	7864
2498	7865
2100	7866
872	7867
7546	7868
6501	7869
3479	7870
1613	7871
2362	7872
7324	7873
1759	7874
7474	7875
850	7876
2500	7877
2640	7878
969	7879
5960	7880
4793	7881
415	7882
5181	7883
2465	7884
7912	7885
2440	7886
14	7887
6007	7888
4836	7889
6882	7890
5971	7891
5363	7892
3111	7893
7526	7894
5924	7895
1593	7896
8852	7897
6658	7898
6236	7899
5182	7900
4454	7901
8840	7902
3940	7903
1741	7904
3142	7905
2295	7906
7015	7907
3849	7908
1911	7909
5183	7910
639	7911
5974	7912
2377	7913
7425	7914
9056	7915
6659	7916
337	7917
8600	7918
8666	7919
5946	7920
8393	7921
164	7922
164	7923
8869	7924
5770	7925
489	7926
2510	7927
3406	7928
8722	7929
6468	7930
2407	7931
5827	7932
2512	7933
26	7934
5306	7935
2353	7936
6967	7937
3911	7938
4597	7939
6492	7940
7590	7941
3364	7942
6003	7943
544	7944
428	7945
944	7946
4307	7947
4356	7948
7999	7949
2647	7950
8421	7951
1159	7952
2028	7953
5693	7954
5352	7955
8150	7956
721	7957
7769	7958
5354	7959
3063	7960
95	7961
8030	7962
5660	7963
1826	7964
7935	7965
3184	7966
2624	7967
7290	7968
256	7969
732	7970
569	7971
191	7972
1089	7973
4451	7974
3316	7975
4592	7976
5029	7977
8221	7978
7249	7979
6783	7980
6417	7981
4516	7982
3490	7983
4576	7984
1262	7985
2790	7986
8234	7987
4550	7988
4104	7989
7524	7990
6638	7991
540	7992
4595	7993
3526	7994
7131	7995
244	7996
8447	7997
3452	7998
6275	7999
4160	8000
7351	8001
7613	8002
7308	8003
6621	8004
606	8005
5034	8006
8567	8007
6168	8008
6397	8009
8920	8010
277	8011
3707	8012
5754	8013
3367	8014
76	8015
6681	8016
6264	8017
1732	8018
4441	8019
7478	8020
5579	8021
319	8022
5199	8023
1806	8024
696	8025
5048	8026
4453	8027
748	8028
2530	8029
5769	8030
194	8031
7558	8032
8293	8033
1482	8034
4022	8035
8696	8036
7231	8037
1488	8038
317	8039
5382	8040
2050	8041
2580	8042
6788	8043
8561	8044
7228	8045
6167	8046
8927	8047
17	8048
4463	8049
3306	8050
8768	8051
8448	8052
2224	8053
1176	8054
1406	8055
6160	8056
3134	8057
7286	8058
1625	8059
7248	8060
725	8061
7604	8062
8194	8063
267	8064
5187	8065
6030	8066
8110	8067
51	8068
8635	8069
8518	8070
8005	8071
1038	8072
1202	8073
7490	8074
5441	8075
5654	8076
4292	8077
1913	8078
6767	8079
4530	8080
65	8081
2602	8082
8357	8083
10	8084
1238	8085
4305	8086
4341	8087
2104	8088
6546	8089
2460	8090
4136	8091
3647	8092
3482	8093
5011	8094
8686	8095
1402	8096
3187	8097
8866	8098
6325	8099
1607	8100
1321	8101
1686	8102
1694	8103
1234	8104
6316	8105
6866	8106
3462	8107
2966	8108
246	8109
5540	8110
4364	8111
6263	8112
3616	8113
5607	8114
3810	8115
6977	8116
5645	8117
8830	8118
8517	8119
4912	8120
661	8121
8842	8122
3208	8123
4783	8124
80	8125
5795	8126
4826	8127
490	8128
2431	8129
2798	8130
1598	8131
9035	8132
5738	8133
325	8134
7491	8135
4815	8136
6286	8137
4066	8138
152	8139
579	8140
579	8141
7810	8142
112	8143
659	8144
2811	8145
6425	8146
8727	8147
6486	8148
409	8149
6476	8150
6132	8151
2679	8152
5438	8153
6217	8154
2646	8155
847	8156
409	8157
8623	8158
6382	8159
8037	8160
2880	8161
8509	8162
5985	8163
8569	8164
8593	8165
8562	8166
5774	8167
8676	8168
1280	8169
7681	8170
6505	8171
6065	8172
572	8173
4740	8174
8528	8175
5148	8176
1750	8177
4769	8178
1866	8179
8575	8180
2490	8181
4754	8182
533	8183
4202	8184
7711	8185
8579	8186
3916	8187
8588	8188
684	8189
6952	8190
7256	8191
2457	8192
780	8193
4918	8194
2994	8195
2234	8196
5743	8197
4991	8198
8665	8199
5845	8200
3185	8201
2223	8202
5558	8203
143	8204
7410	8205
4683	8206
7969	8207
484	8208
219	8209
893	8210
1918	8211
7418	8212
4843	8213
2549	8214
5060	8215
3924	8216
5664	8217
2751	8218
5053	8219
339	8220
2958	8221
3168	8222
7061	8223
221	8224
8632	8225
7559	8226
7627	8227
4523	8228
3005	8229
22	8230
519	8231
4013	8232
4587	8233
65	8234
3032	8235
280	8236
8938	8237
4185	8238
637	8239
4192	8240
5375	8241
3091	8242
7380	8243
3082	8244
1955	8245
6988	8246
4948	8247
6227	8248
4127	8249
2343	8250
4980	8251
5039	8252
4111	8253
4506	8254
4542	8255
4184	8256
4117	8257
4199	8258
4342	8259
4112	8260
4689	8261
4144	8262
3087	8263
4151	8264
4261	8265
4248	8266
7375	8267
4114	8268
5454	8269
4154	8270
4152	8271
7755	8272
298	8273
8771	8274
6247	8275
2181	8276
6785	8277
5704	8278
6743	8279
149	8280
4251	8281
2747	8282
5041	8283
6571	8284
2089	8285
6321	8286
8663	8287
2978	8288
410	8289
6469	8290
2135	8291
7802	8292
7200	8293
5190	8294
5256	8295
2123	8296
7333	8297
4279	8298
5786	8299
3051	8300
2987	8301
1570	8302
6808	8303
478	8304
2911	8305
6522	8306
724	8307
5767	8308
1192	8309
1811	8310
6968	8311
5716	8312
5830	8313
2274	8314
6964	8315
6497	8316
5908	8317
8745	8318
6607	8319
1667	8320
1704	8321
4954	8322
423	8323
5273	8324
679	8325
3014	8326
3985	8327
1334	8328
1288	8329
5999	8330
6916	8331
7027	8332
3818	8333
4427	8334
2959	8335
949	8336
8073	8337
2201	8338
67	8339
4170	8340
3289	8341
2608	8342
332	8343
7727	8344
7106	8345
1629	8346
334	8347
8950	8348
5005	8349
6868	8350
5736	8351
1371	8352
6853	8353
275	8354
8013	8355
1260	8356
8980	8357
615	8358
6871	8359
20	8360
595	8361
8968	8362
5337	8363
7118	8364
8814	8365
2621	8366
6554	8367
353	8368
3463	8369
4909	8370
182	8371
413	8372
7335	8373
1119	8374
6028	8375
4734	8376
8020	8377
887	8378
5247	8379
7349	8380
7066	8381
928	8382
570	8383
927	8384
7088	8385
8041	8386
182	8387
6414	8388
322	8389
3070	8390
97	8391
3744	8392
91	8393
265	8394
6114	8395
1261	8396
3660	8397
3824	8398
8	8399
4169	8400
284	8401
7250	8402
7243	8403
4675	8404
5468	8405
1722	8406
5442	8407
6557	8408
3677	8409
269	8410
6387	8411
7019	8412
678	8413
2080	8414
7804	8415
22	8416
4289	8417
5594	8418
5543	8419
8360	8420
6892	8421
3281	8422
8062	8423
349	8424
6500	8425
2561	8426
1048	8427
8472	8428
1413	8429
104	8430
8697	8431
132	8432
606	8433
1142	8434
1302	8435
3717	8436
1438	8437
1539	8438
8445	8439
2423	8440
4310	8441
2967	8442
2413	8443
2245	8444
8766	8445
7940	8446
703	8447
1932	8448
2111	8449
1072	8450
6660	8451
6340	8452
4558	8453
7468	8454
989	8455
1047	8456
7414	8457
2928	8458
2195	8459
6	8460
578	8461
4590	8462
2002	8463
4559	8464
432	8465
5113	8466
7440	8467
1380	8468
3643	8469
2010	8470
1416	8471
1602	8472
6239	8473
1493	8474
7134	8475
1030	8476
3814	8477
7122	8478
737	8479
2940	8480
491	8481
898	8482
72	8483
729	8484
6901	8485
5305	8486
7637	8487
8977	8488
4816	8489
6029	8490
2993	8491
6517	8492
7941	8493
4079	8494
4370	8495
7345	8496
5815	8497
4871	8498
4349	8499
5101	8500
3919	8501
1622	8502
4312	8503
5177	8504
282	8505
3583	8506
86	8507
3264	8508
6906	8509
2581	8510
3802	8511
8934	8512
3758	8513
2932	8514
553	8515
6657	8516
7635	8517
341	8518
7922	8519
4241	8520
4884	8521
7653	8522
563	8523
8420	8524
6179	8525
4452	8526
6433	8527
6283	8528
567	8529
3292	8530
5229	8531
3077	8532
6454	8533
6634	8534
4505	8535
4071	8536
8759	8537
1500	8538
4844	8539
6561	8540
532	8541
397	8542
757	8543
233	8544
6418	8545
1889	8546
6643	8547
3934	8548
228	8549
4315	8550
94	8551
5070	8552
1870	8553
2473	8554
1577	8555
1916	8556
4337	8557
305	8558
1359	8559
3600	8560
7080	8561
7343	8562
2374	8563
9050	8564
5184	8565
8006	8566
6637	8567
8144	8568
2086	8569
3079	8570
8167	8571
8755	8572
3835	8573
7190	8574
2582	8575
526	8576
280	8577
5171	8578
1136	8579
135	8580
3541	8581
507	8582
4054	8583
3669	8584
5663	8585
3324	8586
4814	8587
3843	8588
6244	8589
2358	8590
6437	8591
3867	8592
1682	8593
3188	8594
4986	8595
5154	8596
3713	8597
4830	8598
8650	8599
8353	8600
6477	8601
4411	8602
6578	8603
2637	8604
7081	8605
240	8606
937	8607
5644	8608
40	8609
6610	8610
1930	8611
6499	8612
5102	8613
1848	8614
7441	8615
6166	8616
3615	8617
767	8618
8148	8619
7668	8620
7188	8621
11	8622
1250	8623
1946	8624
4210	8625
1326	8626
703	8627
8263	8628
9049	8629
7258	8630
2427	8631
8489	8632
371	8633
107	8634
107	8635
7651	8636
4982	8637
206	8638
3357	8639
2941	8640
1070	8641
5423	8642
4428	8643
5396	8644
4394	8645
1838	8646
504	8647
6207	8648
7288	8649
5892	8650
3448	8651
3655	8652
5326	8653
2300	8654
678	8655
8260	8656
682	8657
5831	8658
8168	8659
5702	8660
4608	8661
7176	8662
431	8663
1904	8664
1941	8665
6791	8666
327	8667
8327	8668
6498	8669
475	8670
4575	8671
2200	8672
2904	8673
3226	8674
7548	8675
3246	8676
5735	8677
8010	8678
675	8679
4369	8680
5745	8681
2598	8682
735	8683
4230	8684
8299	8685
3262	8686
1063	8687
4998	8688
8692	8689
393	8690
2447	8691
1604	8692
3851	8693
680	8694
545	8695
5286	8696
3761	8697
3811	8698
5066	8699
8547	8700
126	8701
5605	8702
202	8703
865	8704
1016	8705
5491	8706
2906	8707
4316	8708
7827	8709
1226	8710
5027	8711
8658	8712
4621	8713
2879	8714
27	8715
4888	8716
8958	8717
3646	8718
6803	8719
3217	8720
2365	8721
1245	8722
2058	8723
3033	8724
2964	8725
71	8726
6452	8727
853	8728
5147	8729
3698	8730
381	8731
6306	8732
424	8733
6715	8734
106	8735
410	8736
2151	8737
5350	8738
2146	8739
3595	8740
6037	8741
6421	8742
1611	8743
3712	8744
3384	8745
7173	8746
4049	8747
8320	8748
372	8749
961	8750
6706	8751
2976	8752
8790	8753
3936	8754
6052	8755
976	8756
4445	8757
7832	8758
5087	8759
6663	8760
6027	8761
220	8762
5093	8763
209	8764
5173	8765
616	8766
3859	8767
5889	8768
448	8769
8108	8770
763	8771
6574	8772
1473	8773
8203	8774
5904	8775
3330	8776
8707	8777
4243	8778
3593	8779
2341	8780
7422	8781
38	8782
1409	8783
502	8784
1227	8785
3716	8786
5234	8787
8496	8788
6087	8789
7281	8790
140	8791
1282	8792
1087	8793
8578	8794
6203	8795
35	8796
4267	8797
2771	8798
7622	8799
212	8800
6656	8801
7902	8802
589	8803
2736	8804
3418	8805
8217	8806
545	8807
3020	8808
4309	8809
8038	8810
7542	8811
3297	8812
934	8813
6943	8814
411	8815
8191	8816
7045	8817
7601	8818
5545	8819
3537	8820
7287	8821
5744	8822
5012	8823
6971	8824
6771	8825
4027	8826
985	8827
4128	8828
300	8829
8708	8830
6137	8831
1874	8832
343	8833
7552	8834
599	8835
558	8836
74	8837
4842	8838
5629	8839
8552	8840
5275	8841
6586	8842
451	8843
2477	8844
2126	8845
1297	8846
3346	8847
6120	8848
7352	8849
3319	8850
5425	8851
6258	8852
8763	8853
8401	8854
7795	8855
896	8856
6953	8857
3223	8858
2619	8859
3739	8860
36	8861
2376	8862
7115	8863
3318	8864
1668	8865
3885	8866
2635	8867
3256	8868
7244	8869
5945	8870
6913	8871
1019	8872
930	8873
2411	8874
1596	8875
3528	8876
2518	8877
6031	8878
7469	8879
3550	8880
8772	8881
516	8882
1061	8883
8022	8884
7535	8885
4704	8886
331	8887
4716	8888
7130	8889
4940	8890
4420	8891
5307	8892
7900	8893
8218	8894
8734	8895
2684	8896
6630	8897
6169	8898
3361	8899
5823	8900
3039	8901
208	8902
118	8903
4461	8904
3764	8905
4881	8906
6388	8907
3133	8908
4626	8909
254	8910
1526	8911
7705	8912
4643	8913
8377	8914
232	8915
6285	8916
5965	8917
5652	8918
5802	8919
7129	8920
2391	8921
560	8922
1928	8923
2040	8924
8257	8925
939	8926
3735	8927
1027	8928
8582	8929
647	8930
3908	8931
812	8932
1670	8933
2071	8934
1850	8935
587	8936
8751	8937
7014	8938
2628	8939
765	8940
7309	8941
3069	8942
415	8943
2458	8944
1125	8945
7500	8946
1480	8947
6549	8948
1472	8949
145	8950
8520	8951
3025	8952
2034	8953
1311	8954
780	8955
1794	8956
494	8957
323	8958
6563	8959
6560	8960
2041	8961
7477	8962
7162	8963
1876	8964
8026	8965
7825	8966
4859	8967
667	8968
8449	8969
8278	8970
752	8971
4129	8972
848	8973
8639	8974
3471	8975
78	8976
8343	8977
466	8978
7227	8979
2226	8980
4475	8981
4317	8982
5290	8983
2789	8984
2559	8985
5	8986
4398	8987
83	8988
83	8989
1332	8990
3759	8991
56	8992
7277	8993
158	8994
3727	8995
7889	8996
5826	8997
5390	8998
4958	8999
3749	9000
7124	9001
266	9002
4296	9003
1605	9004
7531	9005
3608	9006
1543	9007
2957	9008
5707	9009
8333	9010
8451	9011
5734	9012
1099	9013
4623	9014
6038	9015
7885	9016
6041	9017
239	9018
8864	9019
4756	9020
759	9021
7483	9022
8549	9023
8409	9024
7909	9025
4646	9026
8452	9027
7413	9028
4139	9029
3845	9030
1323	9031
5997	9032
2616	9033
1115	9034
8710	9035
1581	9036
659	9037
5546	9038
2656	9039
1481	9040
8583	9041
4041	9042
1010	9043
1101	9044
1018	9045
3273	9046
6841	9047
765	9048
62	9049
4308	9050
414	9051
1830	9052
7541	9053
1031	9054
4886	9055
4381	9056
7606	9057
6776	9058
2663	9059
2834	9060
99	9061
99	9062
7043	9063
1126	9064
5507	9065
4121	9066
2884	9067
5462	9068
3587	9069
8539	9070
6367	9071
3336	9072
3081	9073
6172	9074
4255	9075
8903	9076
2706	9077
2695	9078
2694	9079
5622	9080
10	9081
3946	9082
2728	9083
109	9084
294	9085
5000	9086
4425	9087
4990	9088
7073	9089
2526	9090
2996	9091
3197	9092
236	9093
6443	9094
4190	9095
460	9096
5089	9097
2741	9098
7714	9099
1303	9100
1419	9101
6700	9102
6683	9103
3135	9104
708	9105
6206	9106
1137	9107
1812	9108
8454	9109
7402	9110
7415	9111
3181	9112
1309	9113
2525	9114
7044	9115
7271	9116
5371	9117
3391	9118
2671	9119
8843	9120
3955	9121
7275	9122
1823	9123
15	9124
7777	9125
380	9126
7670	9127
2190	9128
4933	9129
3965	9130
9019	9131
8416	9132
6435	9133
518	9134
746	9135
1343	9136
8156	9137
3932	9138
671	9139
2669	9140
856	9141
8372	9142
6231	9143
713	9144
3915	9145
2670	9146
660	9147
394	9148
1057	9149
7427	9150
8309	9151
6301	9152
3350	9153
7818	9154
7102	9155
8584	9156
8940	9157
6067	9158
3555	9159
3708	9160
153	9161
4617	9162
8246	9163
3335	9164
2800	9165
4281	9166
731	9167
3981	9168
3778	9169
6399	9170
4628	9171
521	9172
580	9173
6661	9174
2666	9175
8301	9176
5448	9177
1421	9178
266	9179
7877	9180
6344	9181
8446	9182
4196	9183
319	9184
184	9185
604	9186
4717	9187
2895	9188
3465	9189
3242	9190
6877	9191
1433	9192
3930	9193
7701	9194
2188	9195
4601	9196
9010	9197
8078	9198
4389	9199
1606	9200
4809	9201
1223	9202
112	9203
252	9204
1458	9205
7655	9206
5096	9207
7215	9208
6655	9209
1362	9210
6442	9211
8519	9212
8085	9213
5585	9214
8255	9215
5641	9216
689	9217
3649	9218
2601	9219
787	9220
7182	9221
8762	9222
5930	9223
159	9224
159	9225
6396	9226
6426	9227
38	9228
4228	9229
4808	9230
2175	9231
2578	9232
4298	9233
7861	9234
5659	9235
8086	9236
6058	9237
8034	9238
7397	9239
6095	9240
3878	9241
7864	9242
617	9243
8369	9244
4997	9245
7874	9246
2076	9247
4412	9248
1203	9249
8362	9250
157	9251
6520	9252
6694	9253
7230	9254
2683	9255
3179	9256
3404	9257
69	9258
518	9259
5484	9260
4500	9261
352	9262
7029	9263
5508	9264
5075	9265
8813	9266
4764	9267
2048	9268
2095	9269
6645	9270
3305	9271
5853	9272
1961	9273
8535	9274
3366	9275
8367	9276
480	9277
643	9278
1771	9279
45	9280
6990	9281
3565	9282
5604	9283
3709	9284
4787	9285
7184	9286
2446	9287
2418	9288
539	9289
4382	9290
1707	9291
4887	9292
4674	9293
3466	9294
4584	9295
7374	9296
1088	9297
4374	9298
2867	9299
2855	9300
5466	9301
6741	9302
2573	9303
7852	9304
4353	9305
8186	9306
7938	9307
5655	9308
3190	9309
8361	9310
1718	9311
5079	9312
3631	9313
4905	9314
45	9315
8493	9316
3344	9317
728	9318
7586	9319
8750	9320
728	9321
4651	9322
1367	9323
7672	9324
7194	9325
3125	9326
424	9327
34	9328
207	9329
7398	9330
4987	9331
3515	9332
582	9333
7464	9334
2399	9335
1183	9336
8050	9337
7247	9338
152	9339
3847	9340
4501	9341
1076	9342
1891	9343
4520	9344
3797	9345
498	9346
3038	9347
4498	9348
8181	9349
7674	9350
7918	9351
4359	9352
5474	9353
6604	9354
1803	9355
3327	9356
8908	9357
4502	9358
8051	9359
3521	9360
3524	9361
598	9362
1687	9363
5045	9364
5407	9365
1835	9366
5747	9367
840	9368
6341	9369
3447	9370
7038	9371
56	9372
5987	9373
5752	9374
6098	9375
8189	9376
5502	9377
7995	9378
7719	9379
187	9380
5621	9381
168	9382
6931	9383
2686	9384
3323	9385
7907	9386
95	9387
7841	9388
226	9389
7584	9390
3103	9391
4503	9392
7025	9393
1637	9394
6760	9395
121	9396
6293	9397
7077	9398
1401	9399
4964	9400
6625	9401
8782	9402
5800	9403
270	9404
8179	9405
946	9406
458	9407
5586	9408
643	9409
4106	9410
3633	9411
1123	9412
8919	9413
6872	9414
3967	9415
4699	9416
7234	9417
3293	9418
3762	9419
8969	9420
3158	9421
8453	9422
6858	9423
7024	9424
5146	9425
2527	9426
5110	9427
3864	9428
842	9429
4965	9430
560	9431
488	9432
1491	9433
7685	9434
1475	9435
4109	9436
5691	9437
5809	9438
3358	9439
5439	9440
6512	9441
3766	9442
167	9443
5115	9444
7822	9445
5116	9446
8563	9447
5623	9448
8412	9449
677	9450
8247	9451
5401	9452
4257	9453
7155	9454
105	9455
624	9456
1185	9457
711	9458
4101	9459
8032	9460
6290	9461
313	9462
1700	9463
6113	9464
78	9465
501	9466
8719	9467
7123	9468
1284	9469
1258	9470
5191	9471
7206	9472
4061	9473
8303	9474
3948	9475
2826	9476
1330	9477
5536	9478
3935	9479
261	9480
5610	9481
3560	9482
7585	9483
2930	9484
1828	9485
8963	9486
8259	9487
4872	9488
5201	9489
3939	9490
5024	9491
1963	9492
5156	9493
4706	9494
2848	9495
1956	9496
1042	9497
6128	9498
7153	9499
3328	9500
3270	9501
3585	9502
3372	9503
7621	9504
181	9505
2127	9506
1467	9507
547	9508
8491	9509
5779	9510
2974	9511
3480	9512
2710	9513
1478	9514
2149	9515
2711	9516
4338	9517
4753	9518
439	9519
7612	9520
3596	9521
4183	9522
6795	9523
6123	9524
8675	9525
831	9526
8076	9527
6902	9528
7593	9529
4698	9530
1640	9531
621	9532
5174	9533
7550	9534
5067	9535
2215	9536
6966	9537
970	9538
8614	9539
8307	9540
8752	9541
4008	9542
6356	9543
8161	9544
2347	9545
402	9546
1597	9547
8215	9548
5525	9549
326	9550
4763	9551
5112	9552
258	9553
5505	9554
2290	9555
8500	9556
6122	9557
694	9558
3779	9559
18	9560
105	9561
793	9562
5268	9563
8224	9564
6371	9565
1784	9566
1914	9567
7950	9568
2159	9569
1923	9570
1766	9571
2207	9572
687	9573
8876	9574
8807	9575
5993	9576
6	9577
549	9578
2194	9579
2186	9580
2595	9581
3530	9582
404	9583
8058	9584
5838	9585
1902	9586
3362	9587
51	9588
3225	9589
2678	9590
7049	9591
814	9592
7084	9593
8385	9594
14	9595
5819	9596
5411	9597
228	9598
8001	9599
8242	9600
467	9601
1644	9602
3150	9603
2877	9604
4995	9605
5841	9606
2681	9607
7154	9608
559	9609
8229	9610
906	9611
527	9612
2303	9613
3219	9614
2982	9615
1721	9616
2944	9617
858	9618
7457	9619
580	9620
1779	9621
5570	9622
46	9623
3780	9624
7379	9625
8505	9626
2122	9627
8466	9628
2796	9629
6106	9630
1317	9631
1059	9632
5339	9633
412	9634
48	9635
3902	9636
2665	9637
2340	9638
8835	9639
8898	9640
4927	9641
5051	9642
2799	9643
4719	9644
2674	9645
2784	9646
2787	9647
427	9648
485	9649
4193	9650
6585	9651
3825	9652
4975	9653
8300	9654
3730	9655
2735	9656
4028	9657
77	9658
3409	9659
3829	9660
6566	9661
2910	9662
4554	9663
6355	9664
6800	9665
636	9666
6326	9667
4803	9668
90	9669
300	9670
6514	9671
8481	9672
8925	9673
3714	9674
3687	9675
1066	9676
2746	9677
8662	9678
3962	9679
8769	9680
4633	9681
8998	9682
6859	9683
5237	9684
7092	9685
2752	9686
3481	9687
2607	9688
2084	9689
7385	9690
7573	9691
818	9692
4064	9693
5020	9694
213	9695
7189	9696
1265	9697
1296	9698
8693	9699
2850	9700
2336	9701
4788	9702
2096	9703
6393	9704
223	9705
4493	9706
3950	9707
1614	9708
6685	9709
6729	9710
6428	9711
689	9712
5376	9713
6713	9714
543	9715
6639	9716
4362	9717
7089	9718
2189	9719
4343	9720
6398	9721
6880	9722
2970	9723
1217	9724
8432	9725
3702	9726
5572	9727
4591	9728
20	9729
6898	9730
454	9731
3598	9732
975	9733
4406	9734
7976	9735
8468	9736
6812	9737
7233	9738
655	9739
3392	9740
6441	9741
2266	9742
4733	9743
7419	9744
8	9745
392	9746
8411	9747
754	9748
6444	9749
134	9750
7177	9751
8371	9752
3352	9753
1470	9754
1289	9755
7339	9756
119	9757
6255	9758
6573	9759
476	9760
7007	9761
6429	9762
4244	9763
3609	9764
443	9765
3300	9766
770	9767
6891	9768
2196	9769
6222	9770
1325	9771
7657	9772
1243	9773
3029	9774
1523	9775
1689	9776
1247	9777
3983	9778
6894	9779
702	9780
2452	9781
2318	9782
7636	9783
4647	9784
8820	9785
8053	9786
6055	9787
6790	9788
425	9789
2160	9790
7880	9791
5954	9792
8233	9793
6926	9794
8643	9795
3508	9796
2654	9797
6085	9798
525	9799
6605	9800
516	9801
4598	9802
7679	9803
5628	9804
1139	9805
7392	9806
5890	9807
7839	9808
1635	9809
2372	9810
1208	9811
242	9812
486	9813
4574	9814
1499	9815
80	9816
1415	9817
4792	9818
916	9819
443	9820
5460	9821
2742	9822
3175	9823
2801	9824
120	9825
4823	9826
6764	9827
8437	9828
8074	9829
7867	9830
139	9831
1713	9832
6155	9833
6145	9834
3701	9835
85	9836
8125	9837
6094	9838
14	9839
7342	9840
7236	9841
8848	9842
594	9843
4031	9844
296	9845
3901	9846
1783	9847
1462	9848
6766	9849
4961	9850
4328	9851
2192	9852
809	9853
8917	9854
3446	9855
6827	9856
2043	9857
6787	9858
630	9859
2743	9860
8821	9861
5159	9862
7280	9863
7192	9864
1251	9865
8378	9866
115	9867
1868	9868
881	9869
3450	9870
819	9871
8668	9872
1036	9873
335	9874
6178	9875
4297	9876
1131	9877
8636	9878
7972	9879
7702	9880
1980	9881
4396	9882
5458	9883
5771	9884
7515	9885
6181	9886
6335	9887
8095	9888
8276	9889
4977	9890
8140	9891
351	9892
845	9893
6686	9894
373	9895
2378	9896
6457	9897
62	9898
8160	9899
8767	9900
693	9901
784	9902
247	9903
2106	9904
958	9905
2554	9906
8033	9907
7652	9908
2516	9909
768	9910
705	9911
5252	9912
741	9913
5822	9914
6112	9915
2717	9916
50	9917
7449	9918
3743	9919
1724	9920
3671	9921
4029	9922
101	9923
9005	9924
7765	9925
8922	9926
8501	9927
7703	9928
566	9929
4673	9930
5533	9931
4517	9932
3094	9933
4804	9934
3050	9935
3127	9936
4347	9937
5509	9938
3047	9939
3110	9940
5433	9941
4620	9942
4346	9943
4456	9944
3002	9945
1701	9946
3119	9947
3106	9948
4076	9949
8195	9950
4518	9951
5667	9952
5843	9953
731	9954
3534	9955
766	9956
3613	9957
8012	9958
2946	9959
312	9960
7816	9961
4216	9962
7442	9963
2760	9964
1556	9965
7716	9966
4124	9967
6562	9968
5526	9969
671	9970
1819	9971
8913	9972
2480	9973
70	9974
4521	9975
550	9976
2721	9977
309	9978
4629	9979
497	9980
867	9981
4158	9982
5465	9983
370	9984
3866	9985
7625	9986
8860	9987
262	9988
3956	9989
5119	9990
4404	9991
362	9992
8267	9993
2731	9994
487	9995
126	9996
6234	9997
211	9998
2021	9999
2355	10000
