4488	174	3	38.83
101	112	34	24.18
1867	219	3	33.97
5533	5650	3	70.45
4518	14	4	21.16
1911	167	4	44.76
107	141	7	18.82
750	145	5	46.67
826	105	4	21.07
108	119	11	26.39
3361	14	5	26.45
407	373	3	28.18
112	113	53	292.59
181	14	96	482.21
454	101	7	17.12
105	146	4	6.27
192	106	3	5.45
105	211	5	14.33
1469	222	3	32.63
9	12	127	170.66
635	14	21	89.73
1574	301	3	35.3
2508	14	7	37.03
2841	14	5	21.19
608	127	3	20.03
121	2576	3	27.77
106	188	4	9.18
102	2502	3	14.28
102	832	3	7.73
102	765	3	7.16
102	714	3	6.9
111	759	5	34.11
4321	14	4	21.16
1020	101	3	6.62
12	1295	3	5.95
1834	14	9	47.61
101	735	3	4.88
104	297	3	7.86
12	527	9	23.23
3536	14	5	26.45
853	12	3	3.92
216	123	21	175.42
112	988	3	18.97
285	102	5	7.91
171	621	3	24.89
834	103	3	12.45
2041	101	3	11.01
216	137	3	16.2
1405	14	10	42.39
421	14	32	144.83
3637	14	3	9.43
2678	106	3	22.5
102	613	5	15.23
2168	102	3	13.29
2291	12	4	16.23
309	105	4	12.99
862	406	4	46.74
1591	1442	3	45.34
106	122	10	19.96
4253	14	4	21.16
3288	4405	3	59.22
12	3101	5	31.93
4379	9	3	26.51
281	101	7	10.37
2812	14	6	31.74
12	284	9	12.31
1247	109	4	26.94
101	453	4	5.72
7197	336	3	48.27
142	355	3	19.76
6550	14	3	15.87
2119	103	4	27.33
4562	14	3	11.52
102	409	23	133.18
2369	14	6	26.15
114	711	4	25.76
408	1834	3	38.17
231	107	4	11.95
1428	104	3	17.37
1778	1167	3	44.45
235	103	4	9.2
101	200	17	40.04
6688	14	3	15.87
116	195	3	9.91
1818	12	3	8.2
389	102	4	7.15
400	12	5	5.1
236	465	5	49.18
227	1041	3	30.17
102	541	3	5.4
103	327	3	7.18
1571	121	3	25.12
419	12	5	5.51
104	2161	3	19.63
438	102	5	12.21
102	1198	3	9.56
1240	103	4	22.45
12	814	4	6.87
101	252	8	12.27
131	887	5	45.21
2029	14	8	42.32
161	237	6	45.14
152	262	6	46.03
118	176	6	28.34
1641	102	3	11.74
712	102	6	22.21
699	12	13	52.37
108	569	8	53.15
3380	14	4	16.3
127	1472	3	25.43
3581	9	3	24.29
103	1783	4	26.07
992	12	3	4.8
1913	6324	3	58.99
620	554	6	75.94
104	136	7	15.13
384	190	8	78.01
202	225	3	19.86
2457	14	6	26.15
1051	248	6	71.8
4307	14	4	21.16
137	552	6	53.57
137	500	8	74.91
101	1019	5	16.27
2237	12	3	9.93
3980	109	3	27.69
237	164	6	45.35
1740	8	3	19.22
164	671	6	59.09
102	1097	3	9.14
2257	3170	3	54.16
102	961	4	13.53
3616	14	5	26.45
1592	545	3	39.17
203	105	5	13.75
139	123	3	9.06
62	109	6	20.95
7	3024	4	29.85
540	246	6	63.21
119	178	6	28.65
967	12	3	4.49
565	128	8	71.29
1116	101	3	6.99
171	2176	4	46.56
4263	14	3	11.52
2793	14	6	31.74
291	105	4	12.7
127	116	3	4.81
196	102	6	6.65
102	2485	3	14.28
279	579	3	28.24
3377	102	3	17.03
374	292	4	37.29
236	603	4	39.49
696	103	3	11.28
2822	14	6	31.74
809	4935	4	71.62
6934	14	3	15.87
1483	597	4	54.89
7	1050	12	94.5
102	334	7	17.55
690	249	3	28.54
102	274	23	106.16
12	913	3	4.19
142	194	3	15.45
584	370	4	43.11
102	1605	3	11.74
101	107	87	115.07
112	492	5	30.01
3009	14	3	7.99
134	14	129	528
3281	14	4	16.3
2355	14	6	26.15
267	14	56	279.4
12	762	4	6.52
346	4388	3	43.91
101	356	8	17.53
192	114	6	26.08
16	2	17	57.66
319	119	3	14.36
781	12	9	30.87
607	2642	6	105.03
102	590	4	10.11
771	102	5	17.04
4844	14	4	21.16
164	212	4	25.57
3251	14	4	16.3
2129	14	8	42.32
12	317	6	5.31
616	577	3	33.28
535	2434	5	77.27
159	139	5	28.08
1712	121	3	25.88
392	288	6	61.45
2158	14	7	31.15
618	839	3	35.54
4668	14	3	11.52
194	795	3	27.26
5740	14	3	15.87
104	1498	5	35.19
2004	14	7	31.15
130	146	4	17.63
1377	109	3	18.77
1517	4920	4	77.21
327	134	8	65.75
597	102	8	31.77
3387	1611	3	51.5
3429	14	5	26.45
2344	296	4	53.71
1218	164	13	186.01
101	1437	3	8.88
482	103	6	27.08
115	524	12	102.12
3973	914	4	72.56
4952	14	3	11.52
2732	14	6	31.74
744	14	19	87.62
2281	474	3	40.98
108	2972	3	23.86
4330	14	4	21.16
896	12	3	4.19
375	129	4	26.51
4052	12	3	14.74
236	487	4	37.64
102	440	5	12.21
16	233	3	17.09
105	131	7	13.6
383	14	34	147.02
562	292	3	28.58
1541	162	3	29.72
108	1527	8	72.93
2505	2925	3	52.57
1763	14	7	27.79
105	2974	6	60.66
465	129	6	47.88
1278	102	3	10.03
3073	102	3	15.48
958	12	3	4.49
4392	14	4	21.16
1785	103	3	17.4
101	1162	3	7.39
5018	14	4	21.16
174	137	4	21.39
102	221	9	19.03
457	624	3	32.01
464	9	5	24.25
2768	14	6	31.74
2954	12	3	11.09
115	424	3	14.8
12	2134	8	51.09
1943	121	5	51.65
2161	4499	3	55.37
102	1387	6	30.97
362	17	3	15.97
1629	14	7	25.26
12	1067	3	5.15
2	103	47	69.02
2967	14	5	21.19
2762	101	3	13.16
137	106	4	6.11
276	139	4	26.59
1956	2295	4	70.98
645	102	17	105.58
623	12	7	16.56
109	163	5	13.54
7	593	22	184.03
649	306	11	143.46
4748	14	3	11.52
114	138	28	186.92
140	14	117	505.52
106	304	5	19.15
359	279	3	25.32
912	14	13	48.24
131	139	14	96.05
12	168	10	5.12
4405	110	4	43.43
883	14	15	63.58
12	5037	3	14.74
261	138	3	17.77
119	329	4	21.97
447	12	5	5.96
109	114	7	7.87
282	129	4	23.89
649	184	3	25.63
1556	184	6	72.42
1915	14	8	36.19
2	118	9	8.54
1318	113	3	21.19
651	1002	3	36.93
3054	14	6	31.74
12	6636	3	19.16
12	545	4	4.59
156	341	13	130.58
12	374	12	30.12
101	779	3	5.38
1417	102	4	16.61
101	697	4	8.26
460	267	17	224.37
2	2776	4	29.87
101	899	3	5.96
12	3086	4	20.62
1783	101	4	16.33
9	152	5	11.27
3383	14	5	26.45
110	314	3	10.28
1631	12	3	7.53
144	119	3	8.64
110	146	3	5.1
119	3714	3	30.13
820	161	5	49.12
210	255	21	241.43
397	298	3	26.55
3813	14	3	9.43
189	294	3	21.08
102	1265	4	15.88
101	389	10	28.31
105	232	4	10.93
1325	101	6	26.32
2204	105	6	51.69
604	129	5	40.58
3140	12	3	12.59
171	178	3	16.34
483	2	6	25.81
322	4974	4	63.93
6088	14	3	15.87
423	115	3	14.8
458	1337	3	36.85
2615	1744	4	71.63
7	1672	8	64.95
362	14	25	76.48
3675	14	5	26.45
1811	14	9	47.61
393	14	16	35.24
7	1083	9	64.22
301	1474	4	49.01
4097	12	3	14.74
1339	12	3	6.41
253	255	14	153.72
3249	12	3	12.59
236	282	3	22.81
1059	330	3	33.13
451	129	4	28.12
7315	14	3	15.87
1366	103	3	15.41
1412	14	8	27.63
428	14	28	114.18
7212	113	3	34.63
1782	14	7	27.79
1246	12	5	15.28
1052	161	4	39.39
101	543	4	6.84
4260	14	4	21.16
2420	189	5	65.2
1530	14	10	46.35
441	2998	3	41.84
2786	14	4	13.82
1680	14	10	52.9
7	2450	6	50.46
1501	14	8	29.87
285	5705	3	47.17
504	536	3	31.67
2225	121	5	53.85
5627	12	3	19.16
102	470	5	12.79
102	514	13	62.27
1414	123	5	46.32
866	2	5	25.2
139	157	7	44.03
103	3292	3	22.06
999	14	12	46.08
1810	101	5	23.37
812	2141	4	60.53
106	1145	3	16.37
101	682	3	4.66
104	234	3	6.57
440	288	3	27.01
1324	14	9	34.56
1342	103	6	41
457	145	8	75.18
111	653	3	16.28
3061	174	3	35.01
102	2441	4	22.13
269	107	4	13.04
1	2	4	21.59
114	173	21	140.93
959	14	16	77.2
4929	14	3	11.52
123	3794	3	30.81
341	14	34	128.91
279	398	4	37.27
106	405	3	10.36
102	697	4	11.06
640	121	8	69.15
4285	105	3	25.83
105	1092	4	23.17
111	1919	4	33.31
156	246	15	144.46
137	327	5	37.04
103	1063	13	113
327	264	3	24.46
327	191	9	86.99
1920	14	7	27.79
346	288	14	168.05
238	113	3	10.7
310	14	44	193.15
4500	14	4	21.16
2924	14	6	31.74
3517	104	3	23.45
12	213	19	40.17
2454	230	6	86.44
547	102	3	5.59
203	167	65	887.42
3355	14	5	26.45
139	113	18	101.69
102	524	3	5.4
624	14	23	108.06
7067	14	3	15.87
555	2127	3	40.8
571	113	3	15.94
116	551	4	24.86
192	219	3	19.14
102	1147	13	95.5
629	189	4	36.86
101	557	4	6.84
111	1545	3	21.39
379	247	3	25.05
2746	14	6	31.74
758	14	20	97.93
1125	121	3	22.81
102	3696	4	26.61
2	2038	4	26.45
1477	14	9	37.48
1020	793	5	69.95
2717	14	6	31.74
6091	14	3	15.87
1108	101	3	6.99
7	2164	8	74.93
1141	1740	3	44.45
102	172	6	5.31
429	3498	3	43.25
690	166	5	47.39
12	1777	3	8.2
194	1551	3	31.26
5990	14	3	15.87
784	281	3	30.16
2138	126	3	27.65
239	111	4	15.99
1186	510	3	36.4
105	116	7	6.28
2282	2653	5	98.53
867	258	3	30.42
4012	164	4	56.91
1675	14	10	52.9
138	539	5	42.41
2363	14	7	37.03
126	14	201	863.15
12	1570	4	12.58
6961	14	3	15.87
1189	103	5	29.84
120	409	3	16.58
108	658	3	14.26
106	107	14	12.7
3283	127	4	46.08
315	962	4	45.22
4979	105	3	25.83
6033	105	3	30.32
2452	102	3	14.28
116	4414	3	31.28
512	102	3	5.23
2332	14	7	37.03
759	101	4	8.94
1017	133	5	47.41
101	1081	3	6.99
3952	4074	3	61.45
1360	14	11	51.46
105	941	4	22.05
116	2547	3	26.23
107	694	15	126.41
2583	12	5	23.72
102	2574	4	22.13
360	296	8	85.9
226	1179	3	31.06
623	101	6	16.16
7	594	20	159.52
345	416	4	39.54
1569	121	3	25.12
1312	605	3	38.61
12	1389	4	10.94
109	364	3	10.93
1928	14	9	47.61
126	17	4	10.35
288	14	26	66.92
2682	12	3	11.09
107	1838	4	29.24
130	176	3	13.05
592	102	5	14.83
2602	121	5	56.82
1624	995	3	42.79
12	1312	5	16.21
1048	14	14	62.31
5768	14	3	15.87
6878	14	3	15.87
102	675	4	11.06
640	210	3	26.88
5735	14	3	15.87
422	450	4	41.9
12	375	6	7.35
101	646	4	7.94
101	698	3	4.66
202	301	3	21.76
2	293	5	14.61
182	107	8	28.89
103	893	5	26.89
101	188	10	12.54
12	985	4	8.55
6207	14	3	15.87
784	234	3	29.15
3331	197	3	37.49
7	902	16	137.43
12	1746	3	8.2
504	129	4	28.93
4669	123	3	33.04
403	129	4	27.16
3544	14	4	16.3
129	193	90	1215.02
165	891	4	38.07
7216	14	3	15.87
1012	101	3	6.62
347	14	41	190.62
4385	113	3	30.13
7	3383	3	21.39
2727	14	4	13.82
946	3367	3	47.88
152	450	4	31.85
528	134	10	98.5
102	1114	3	9.14
256	102	6	10.29
895	12	7	21.57
1242	102	3	10.03
760	1833	5	76.89
326	102	4	5.89
108	3687	3	25.44
2040	109	3	21.64
3752	14	5	26.45
542	9	3	12.22
114	4191	4	46.52
2105	111	3	23.67
1362	14	12	63.49
102	513	3	5.23
1333	282	3	33.68
102	4871	4	31.58
138	457	3	21.33
104	3361	3	23.45
299	942	5	58.8
115	470	3	15.52
395	2119	3	38.72
12	1719	3	8.2
451	277	3	26.97
116	120	8	24.22
3523	14	5	26.45
976	101	3	6.62
123	107	5	5.14
251	590	3	27.85
3441	12	3	12.59
104	235	22	138.13
746	101	3	5.13
1391	205	3	31.23
3724	101	3	14.69
114	169	33	252.17
4712	14	3	11.52
4359	101	3	16.86
102	826	3	7.73
7	556	21	165.53
355	109	9	52.35
109	194	4	10.99
110	2	15	10.78
244	3904	3	41.74
1014	341	5	60.82
866	103	4	19.04
3050	113	6	69.29
106	200	3	5.86
101	1055	3	6.99
742	102	3	7.16
384	358	3	27.4
304	107	3	8.88
131	1940	6	68.32
274	113	16	117.73
2795	101	3	13.16
102	508	3	5.23
660	203	3	26.58
4909	14	4	21.16
2456	2916	3	52.57
7023	1403	3	56.96
112	185	14	81.3
215	139	3	16.41
103	280	22	136.79
833	102	6	24.18
12	2378	3	9.93
7	1687	9	77.81
1491	3851	3	50.83
3375	14	4	16.3
12	1656	3	7.53
2022	14	8	42.32
214	103	15	69.46
4371	101	3	16.86
3344	14	3	9.43
6538	14	3	15.87
8	124	6	7.48
111	758	3	17.12
109	136	9	29.05
2856	14	6	31.74
2874	167	5	66.04
1622	511	3	38.73
57	261	5	37.65
441	1038	10	148.4
101	692	4	8.26
102	1989	4	20.64
313	121	6	38.17
857	102	3	7.73
224	12	28	86.35
12	272	8	8.96
2980	101	3	13.16
9	101	54	32.32
1338	158	3	29.02
1143	918	6	91.39
179	178	5	32.83
324	225	3	23.2
7	109	66	204.12
1123	101	3	6.99
103	3251	5	47.94
1107	101	4	11.65
1803	103	4	26.07
4370	14	3	11.52
1935	126	4	38.63
5989	14	3	15.87
272	206	3	21.34
327	352	5	49.32
103	840	5	26.28
127	249	4	21.48
12	2769	4	18.07
291	330	3	25.11
147	155	6	36.53
703	129	4	31.61
182	12	11	8.86
1639	14	10	52.9
296	101	6	7.91
3485	14	5	26.45
679	14	21	97.82
102	614	5	15.23
102	816	4	12.18
733	114	4	25.76
1323	367	3	35.5
1276	105	5	33.32
1136	4023	3	51.4
748	131	3	22.66
3282	14	5	26.45
5662	14	3	15.87
204	5	6	49.14
315	214	3	22.53
3010	14	5	21.19
3317	14	5	26.45
102	3741	3	17.03
2109	1611	3	47.65
1007	14	14	62.31
400	101	4	4.81
5811	14	3	15.87
5755	113	3	34.63
58	144	3	21.44
116	328	24	222.56
1330	300	6	78.76
2731	105	3	22.04
250	139	5	34.52
987	1257	3	40.97
474	625	3	32.2
598	117	3	17.41
1384	360	3	35.2
1644	1502	4	63.75
523	523	3	31.88
102	408	4	7.51
639	161	5	46.47
496	111	3	14.7
1236	14	11	47.33
1063	9	3	16.12
102	1505	3	11.1
101	202	6	4.01
101	153	8	4.47
7	1861	9	84.3
12	917	8	28.33
101	1478	3	8.88
194	271	3	20.71
325	107	7	33.63
393	110	4	17.94
1927	14	8	36.19
2043	14	5	16.31
3376	103	3	22.06
1002	281	5	58.75
660	110	3	14.67
12	1941	3	8.2
514	110	3	13.3
3842	183	3	36.96
2566	105	3	20.81
254	2954	4	54.33
12	611	7	16.56
103	207	3	4.45
5732	14	3	15.87
4798	14	3	11.52
112	320	3	11.94
599	14	22	94.68
9	16	5	9.95
133	12	24	27.34
103	758	5	25.16
153	102	12	20.77
2962	102	4	24.02
988	102	3	8.75
279	105	28	206.49
8	978	3	15.32
3437	14	5	26.45
381	195	3	22.88
104	1356	7	54.15
992	101	4	11.11
109	165	3	5.56
3539	14	5	26.45
1841	14	6	20.72
457	2924	3	42.03
114	198	6	26.35
2	233	4	8.44
102	3284	3	17.03
12	494	4	3.96
4322	14	4	21.16
822	3247	4	67.07
114	5764	3	34.88
752	14	17	70.09
3710	14	4	16.3
313	210	11	113.32
144	6064	3	41.68
2411	766	4	61.62
864	608	3	35.54
985	203	3	29.21
1262	126	4	34.96
101	748	3	5.13
101	815	4	9.32
894	110	7	52.08
412	127	30	350.71
555	166	4	34.19
154	222	8	63.27
236	604	4	39.49
247	110	8	39.43
579	335	11	142.64
114	226	15	101.95
12	4086	3	14.74
12	1420	6	23.58
3094	121	3	30.59
131	183	5	27.29
104	370	9	47.78
182	389	3	22.58
119	120	3	4.85
2	401	6	23.66
3368	113	4	41.18
2070	14	7	31.15
102	1146	6	28.56
192	115	4	14.7
241	9	3	7.39
2456	12	3	9.93
112	157	28	193.21
103	106	40	77.53
115	334	5	27.41
637	102	3	6.19
348	109	5	22.62
6951	14	3	15.87
4707	14	4	21.16
105	1407	5	34.33
1337	14	11	51.46
6070	104	3	30.15
452	1061	3	35.34
125	156	4	16.4
809	4934	3	49.04
2625	12	3	11.09
152	2	7	14.11
2880	105	3	22.04
8	1435	3	17.81
107	271	11	58.96
12	1016	3	4.8
904	14	18	95.24
292	1714	3	35.94
269	5662	3	46.84
6716	14	3	15.87
360	904	3	32.48
348	12	13	31.6
287	253	3	23.3
482	102	5	12.79
278	166	4	28.38
6960	14	3	15.87
365	243	35	523.95
308	175	3	20.63
153	5703	3	42.34
106	5709	3	30.78
4699	14	4	21.16
1581	12	3	7.53
107	274	3	8.26
313	161	3	19.93
3012	149	3	33.79
2279	12	3	9.93
123	110	5	6.88
12	395	11	26.2
1017	370	5	62.04
2	261	5	13.6
2815	14	4	13.82
341	101	5	6.27
1261	101	4	12.88
3863	2013	3	55.37
2663	300	5	73.98
190	102	6	6.46
7	289	51	456.24
106	154	3	4.11
3772	14	5	26.45
106	203	3	5.92
1062	101	3	6.99
103	6934	3	28.76
7313	14	3	15.87
101	930	4	10.61
12	142	51	152.33
12	215	7	3.87
3714	106	3	24.08
234	279	3	22.7
759	14	15	55.12
2747	14	6	31.74
577	2392	3	42.06
125	1792	4	38.6
6321	14	3	15.87
126	101	26	32.69
1211	488	13	225
2716	14	5	21.19
12	1572	3	7.53
7	187	78	656.59
179	248	3	19.41
1450	107	4	27.21
115	985	3	19.9
1424	114	3	22.04
5897	579	3	51.61
317	1166	3	33.21
1683	106	3	18.65
102	798	3	7.44
485	14	27	115.88
102	732	5	16.55
374	277	3	25.77
217	359	4	33.83
12	557	5	7.58
973	121	6	53.55
115	1642	4	33.61
291	209	4	31.67
113	12	50	41.53
105	484	4	16.68
101	256	5	4.17
581	164	23	308.69
122	363	33	371.53
1063	14	12	48.92
2925	14	6	31.74
1384	101	3	8.33
193	14	91	482.13
3354	14	5	26.45
557	273	4	39.72
1092	14	15	79.36
204	103	4	7.68
108	461	16	126.22
559	12	5	7.58
102	426	3	4.45
135	114	3	6.01
3074	191	3	35.76
6617	14	3	15.87
4145	14	4	21.16
215	9	3	6.63
102	1194	3	9.56
105	114	10	11.99
105	179	3	4.57
4190	123	4	50.06
2	3345	3	21.41
1070	112	6	48.56
275	681	3	29.15
1253	439	3	36.12
3872	121	3	32.82
12	987	3	4.8
850	149	4	36.63
2698	7344	3	62.13
362	12	9	16.2
1478	12	3	6.94
6653	214	3	45.18
473	2818	4	59.88
168	1300	3	28.84
629	12	5	8.58
12	629	4	5.32
571	155	3	23.65
533	102	5	13.74
189	119	3	10.85
1709	12	4	12.58
12	2077	3	8.99
542	255	3	27.48
579	1007	4	50.99
102	2708	4	24.02
596	14	24	113.19
1409	8	4	25.63
7	216	17	80.12
367	4079	3	44.49
288	101	5	5.04
120	539	17	172.76
102	931	4	13.53
139	155	8	52.42
5848	109	3	32.18
2	549	8	41.83
291	386	10	114.45
12	171	10	5.78
1677	103	5	34.16
120	1299	4	33.69
276	216	3	21.92
4394	14	4	21.16
101	644	4	7.94
102	2081	3	13.29
1454	115	4	32.65
3691	14	5	26.45
3545	14	4	16.3
102	726	5	16.55
355	107	3	9.71
7	423	34	303.71
109	278	6	26.71
101	797	5	13.89
746	14	18	78.46
5010	113	3	30.13
291	219	3	22.42
238	238	14	150.22
6206	14	3	15.87
160	122	3	9.94
194	1628	3	31.94
105	758	3	13.33
117	136	3	6.98
143	102	35	125.47
12	188	11	9.68
110	102	23	8.54
490	5276	3	50.74
1206	12	3	5.53
12	1462	3	6.94
2596	9	3	22.72
7111	14	3	15.87
530	14	29	153.47
876	101	4	10.15
2501	14	7	37.03
351	1231	3	34.51
1049	14	16	84.66
12	5435	3	19.16
107	575	9	59.38
4812	14	4	21.16
173	1670	4	44.27
536	1049	6	81.85
1302	113	9	87.98
218	113	46	439.61
2131	14	6	23.04
1111	1111	6	92.21
102	141	60	288.9
506	101	4	6.36
388	416	5	53.44
149	190	12	98.45
405	102	11	42.84
176	185	3	16.87
545	607	11	157.92
862	107	3	14.76
640	161	4	35.17
1041	246	3	30.8
111	657	3	16.28
253	724	4	41.12
114	304	3	12.35
1304	103	5	30.75
111	2551	6	62.75
2	1470	4	23.18
382	1466	3	36.25
1037	14	14	62.31
114	492	3	15.34
834	1335	3	40.38
342	1476	7	98.87
4688	14	4	21.16
172	115	3	8.65
102	3637	3	17.03
2318	14	7	37.03
5696	14	3	15.87
2370	122	3	27.85
713	14	22	116.41
1638	14	9	41.26
2519	9	5	43.33
1056	12	3	5.15
7	2538	6	50.46
198	102	12	27.36
7	6929	3	28.09
4269	14	4	21.16
889	3681	3	47.5
667	103	7	38.44
2795	14	3	7.99
680	14	18	71.89
1494	882	3	41.34
654	548	3	33.31
2527	14	6	26.15
473	1563	6	86.54
290	383	6	61.12
409	106	3	10.36
12	961	3	4.49
250	221	3	21.46
2736	14	6	31.74
273	104	3	7.36
7256	14	3	15.87
101	272	7	10.16
1351	102	4	16.61
235	102	6	9.49
101	198	7	5.45
12	868	3	4.19
102	239	9	20.96
6081	14	3	15.87
1487	14	10	46.35
2506	264	3	37.18
135	102	10	9.98
736	166	3	25.32
108	343	4	16.09
105	102	52	47.49
12	692	5	9.35
122	242	35	352.53
3820	14	4	16.3
4955	9	4	41.34
5139	160	3	42.55
166	14	107	526.92
6508	14	3	15.87
117	180	3	9.43
6870	14	3	15.87
1646	1178	4	61.42
206	106	3	6.05
62	199	8	64.67
210	724	16	216.78
331	14	46	233.98
4537	14	3	11.52
378	1202	9	130.68
108	1028	3	16.83
953	14	14	58.67
5865	14	3	15.87
258	542	4	39.3
674	196	6	62.25
388	464	3	29.4
296	14	43	177.75
240	186	4	28.49
4154	14	3	11.52
285	103	11	51.21
359	267	10	110.82
7062	105	3	30.32
17	2	8	7.92
12	1583	3	7.53
169	141	3	14.23
2699	479	4	59.88
198	2493	4	49.44
122	630	3	19.14
234	264	4	32.25
905	14	12	41.46
599	101	3	4.05
473	4416	3	46.04
4796	227	4	60.85
531	358	3	29.42
113	107	9	10.67
1540	145	5	54.55
12	560	4	4.59
104	133	55	344.15
480	126	7	55.77
2958	14	6	31.74
4706	14	4	21.16
102	795	3	7.44
1842	105	6	49.24
638	164	7	70.15
180	102	34	143.11
3494	14	5	26.45
712	103	4	17.79
138	6430	3	41.37
4484	4561	3	61.45
7038	14	3	15.87
103	460	11	63.89
103	6663	3	28.76
1545	14	10	46.35
118	294	4	20.79
211	102	5	5.17
12	867	3	4.19
101	577	3	3.86
4066	116	4	47.7
7	1974	3	17.59
12	748	4	6.52
122	172	46	438.51
112	322	8	48.28
1805	14	8	36.19
7127	14	3	15.87
101	1345	3	8.33
110	638	8	55.72
274	155	3	19.03
174	125	9	54.07
345	819	3	31.84
1693	694	3	40.42
3680	14	5	26.45
3538	14	5	26.45
102	587	4	10.11
12	662	4	5.59
4945	14	4	21.16
101	562	5	10.91
357	14	29	101.27
101	494	5	9.63
290	249	9	91.28
116	160	10	51.65
4189	14	3	11.52
7108	14	3	15.87
775	277	3	30.16
1516	113	3	21.78
2854	1364	3	48.64
102	333	6	13.3
12	3530	3	12.59
371	190	5	43.22
164	464	6	54.62
622	2165	3	41.52
102	634	3	6.19
696	102	4	11.06
1625	102	3	11.74
102	784	6	23.48
569	12	4	4.82
1075	103	3	13.95
2972	113	3	26.33
1549	104	3	17.37
346	184	13	136.67
665	102	3	6.41
135	1662	9	115.79
479	1036	3	35.1
4705	224	4	60.74
7374	123	3	37.53
422	296	4	38.18
101	2132	3	11.01
1722	111	5	44.72
6655	14	3	15.87
1568	861	3	41.66
1895	14	8	36.19
17	212	3	12.5
367	1202	4	48.67
12	3789	3	12.59
5884	14	3	15.87
4886	14	4	21.16
171	1853	4	45.29
102	886	3	8.05
1566	540	3	38.95
1982	256	4	51.02
102	964	4	13.53
1754	122	3	25.96
458	743	4	46.81
180	7158	3	43.5
370	12	5	4.54
230	107	3	7.37
101	2254	3	11.97
5949	14	3	15.87
101	693	4	8.26
619	626	3	33.77
1229	14	11	47.33
12	529	6	10.67
12	589	5	8.23
1419	121	5	47.09
147	107	3	3.99
2	276	4	9.61
492	102	5	13.09
595	614	4	47.33
2994	14	5	21.19
4252	14	3	11.52
214	102	8	14.66
748	114	5	35.2
185	102	27	101.96
102	1600	3	11.74
2813	14	5	21.19
4283	14	4	21.16
103	485	7	33.93
3501	14	5	26.45
112	226	18	126.51
12	2424	3	9.93
4601	2385	4	82.07
454	14	25	96.92
1289	12	3	5.95
952	12	6	17.16
102	457	8	27.58
108	295	10	56.34
1210	121	5	44.93
1138	101	3	7.39
4386	14	4	21.16
2007	101	3	11.01
1404	14	12	63.49
736	103	4	17.79
194	394	3	23.04
4946	14	4	21.16
1868	14	9	47.61
121	268	3	13.92
872	102	3	8.05
112	198	4	13.7
477	190	3	24.2
2390	428	5	75.23
105	165	4	7.3
359	3387	3	41.96
105	348	3	8.81
1554	103	3	16
5822	164	3	42.65
105	2789	3	22.04
204	282	3	21.49
407	139	3	20.7
108	447	4	18.52
6214	14	3	15.87
204	739	5	51.61
114	320	4	18.91
3840	183	3	36.96
154	316	7	58.73
668	164	18	231.43
565	493	4	45.15
104	211	4	9.63
332	271	4	35.52
3261	246	3	39.5
5761	14	3	15.87
453	101	4	5.72
4625	14	4	21.16
119	517	3	17.46
3391	14	5	26.45
4893	14	4	21.16
291	448	3	27.12
1273	14	10	39.3
281	14	45	184.35
12	112	36	13.25
2971	114	3	26.58
1374	102	3	10.54
12	185	9	5.03
101	886	4	10.15
202	408	3	23.86
309	106	3	8.53
417	102	9	31.62
102	7131	3	23.68
558	101	4	6.84
115	664	4	25.52
114	576	4	24
114	456	5	30.25
2378	362	3	39.13
12	356	5	4.2
1117	676	3	37.63
257	129	5	31.28
480	125	3	18.38
2	8	30	37.16
4874	14	4	21.16
216	214	3	20.06
1353	14	9	34.56
498	105	3	10.97
7	379	33	272.74
154	190	3	16.17
7	199	76	650
820	121	4	30.26
103	3271	3	22.06
108	654	3	14.26
139	189	14	116.62
3311	14	5	26.45
164	605	3	24.34
2354	14	6	26.15
153	103	7	15.54
484	279	3	27.16
12	305	8	10.38
12	237	7	5
234	265	4	32.25
1600	736	4	57.31
234	134	14	122.41
12	107	104	110.74
522	1053	4	50.97
671	225	12	152.19
120	1179	3	22.76
562	129	3	20.53
5713	102	3	23.68
584	133	21	259.12
1666	14	10	52.9
571	189	3	25.27
122	122	4	9.17
2823	14	4	13.82
716	14	21	103.13
411	1084	3	34.62
155	122	4	15.32
1096	104	5	31.3
544	107	4	18.85
8	215	4	10.44
102	2920	3	15.48
880	2563	3	44.67
7177	14	3	15.87
125	154	6	29.21
283	416	4	37.87
2563	14	4	12.04
7142	14	3	15.87
102	1382	3	10.54
2532	14	7	37.03
148	394	5	40.12
3228	12	3	12.59
455	107	3	11.39
12	1019	4	8.55
12	915	4	8.08
142	131	3	11.32
102	1551	3	11.1
446	1197	3	35.61
1052	121	6	54.53
135	1206	3	26.13
134	101	27	54.03
517	993	5	65.41
164	463	11	116.04
12	1856	3	8.2
2944	123	3	29.22
194	123	6	31.36
174	110	17	93.4
103	3668	3	22.06
164	313	23	262.38
128	1472	4	37.55
268	268	3	23.27
102	4736	3	19.22
3815	14	5	26.45
774	9	3	14.29
1308	587	3	37.81
12	831	4	7.24
101	561	3	3.86
682	102	3	6.65
102	1860	3	12.46
1100	14	4	5.38
2028	14	4	10.66
233	4085	4	61.45
4753	14	3	11.52
392	184	16	182.53
3381	14	5	26.45
114	482	4	22.57
711	102	6	22.21
106	140	4	6.42
159	274	7	57.14
1758	102	3	12.46
1395	352	3	35.06
1270	103	9	70.35
862	113	3	18.15
1636	101	3	9.49
163	130	3	12.3
4538	14	4	21.16
941	357	3	32.85
440	306	7	77.17
245	744	12	158.09
2	208	5	10.94
495	480	5	57.19
127	114	5	11.09
218	157	4	25.8
102	139	8	6.97
168	153	4	22.23
1806	360	4	52.66
114	682	3	17.19
8	9	10	4.26
2464	101	3	11.97
110	2324	7	76.04
1344	14	9	34.56
882	14	18	95.24
266	2608	3	38.52
3981	300	3	43.01
1442	12	3	6.94
101	240	10	18.41
101	168	8	5.32
244	2615	3	37.92
112	169	22	143.13
1888	4549	4	79.27
106	660	3	12.95
115	138	4	11.36
2379	14	5	18.37
1647	122	3	25.21
319	179	4	30.15
611	102	12	60.65
2955	12	3	11.09
101	5595	3	21.3
111	894	3	18.1
104	485	3	10.62
131	221	7	47.14
473	998	12	188.2
1942	121	4	38.69
811	134	5	45.29
172	102	9	13.51
2031	102	3	13.29
216	109	4	12.34
2	144	30	140.51
101	677	4	8.26
412	270	3	26.15
2201	1196	8	153.06
782	152	5	48.11
12	1333	3	6.41
7359	14	3	15.87
1399	14	12	63.49
123	3745	3	30.81
320	102	8	20.83
721	190	3	26.58
305	337	3	25.48
275	12	8	8.96
1327	12	3	6.41
908	102	3	8.05
374	129	3	18.09
4331	14	4	21.16
4953	14	4	21.16
745	14	19	87.62
3719	14	4	16.3
2	297	3	6.07
17	1120	3	22.61
1223	101	4	12.88
12	498	6	9.95
105	994	5	30.81
101	650	4	7.94
101	828	3	5.66
1901	222	4	48.38
12	57	13	11.57
970	667	3	36.53
827	2136	3	43.29
149	358	15	156.42
120	1119	5	43.09
1568	907	3	42.02
3428	14	5	26.45
2494	14	6	26.15
159	221	3	17.64
1611	14	10	52.9
1960	101	3	11.01
432	432	12	158.54
131	1538	8	93.57
144	102	23	62.81
102	2830	3	15.48
12	3216	3	12.59
236	403	3	25.25
330	275	45	737.83
3406	896	3	47.5
146	3799	5	69.85
105	115	7	5.51
105	180	4	8.07
119	636	3	18.6
128	176	3	12.23
1515	102	6	32.4
366	178	4	31.6
5480	559	3	51.38
466	792	3	33.64
332	2556	5	72.31
307	103	10	46.13
111	1495	4	31.27
104	635	3	12.1
12	1005	3	4.8
559	101	4	6.84
111	217	3	9.51
1713	121	4	37.42
8	202	4	9.71
164	414	13	138.96
151	114	3	7.3
106	1069	3	15.91
272	4670	4	62.67
5316	101	3	21.3
120	947	4	31.21
274	189	6	50.06
1354	14	12	63.49
102	495	4	8.79
101	1284	3	7.84
5956	14	3	15.87
1205	14	13	61.72
2326	14	7	37.03
3324	14	4	16.3
2	3344	4	32.48
998	14	15	72.03
111	299	3	11.61
643	12	4	5.59
1962	300	4	52.34
1844	101	3	10.19
3291	14	5	26.45
1029	14	15	72.03
561	103	3	10.32
7003	14	3	15.87
1681	14	8	32.61
827	6741	3	53.88
113	171	3	8.02
922	109	7	52.18
506	3069	3	42.63
163	102	11	18.36
503	536	3	31.67
102	812	3	7.44
305	101	6	8.28
2820	14	6	31.74
6406	14	3	15.87
183	126	7	39.32
62	187	5	34.84
17	231	6	35.05
12	1446	3	6.94
156	1206	5	52.68
7	1537	9	73.9
1072	109	3	17.28
7	3722	5	46.82
1783	14	4	9.53
3767	14	5	26.45
119	248	5	26.77
212	283	7	63.73
295	122	10	73.75
742	103	3	11.84
363	14	41	207.72
3591	14	4	16.3
12	336	6	6.04
350	103	4	12.04
3329	105	3	23.62
531	190	6	58.82
7232	14	3	15.87
2744	14	5	21.19
6476	14	3	15.87
282	283	3	23.92
7094	14	3	15.87
534	103	5	21.68
2878	14	6	31.74
1220	12	3	5.95
183	110	13	65.64
887	109	7	51.17
603	129	4	30.49
4616	102	3	19.22
127	102	11	6.69
101	628	4	7.64
609	103	6	30.3
1726	103	6	46.13
101	798	3	5.38
630	14	23	108.06
2849	14	6	31.74
428	101	4	5.33
2002	103	3	18.26
299	3433	3	40.78
566	12	4	4.82
167	237	6	45.67
605	255	4	40.14
2876	110	3	24.28
111	211	4	14.58
120	784	3	20.43
726	102	4	11.42
12	3515	3	12.59
124	180	3	11.28
1045	103	3	13.53
3382	14	5	26.45
414	266	13	158.37
207	935	7	82.03
446	12	5	5.96
1885	14	8	36.19
112	173	9	42.47
103	217	4	8.3
107	508	3	11.96
2576	616	3	42.55
1424	183	4	43.88
12	1186	4	9.63
1252	326	4	48.23
102	2002	6	38.45
102	1902	3	12.46
1341	14	7	21.47
395	12	5	4.91
703	258	3	29.12
718	110	3	15.21
662	12	4	5.59
568	110	4	20.98
4711	14	4	21.16
2101	14	8	42.32
2066	14	7	31.15
309	223	6	54.38
102	876	3	8.05
1367	222	4	45.47
106	163	5	11.48
17	107	14	38.69
673	14	17	64.43
12	2448	3	9.93
175	102	26	92.59
102	1564	3	11.1
1295	12	3	5.95
2551	14	7	37.03
3613	14	5	26.45
280	331	6	58.58
7	3595	4	32.46
840	14	11	33.51
7362	14	3	15.87
125	2957	4	43.32
7122	14	3	15.87
1800	14	7	27.79
336	12	12	26.68
102	178	12	24.58
214	125	5	27.07
239	1292	4	45.54
2184	110	4	32.37
145	101	16	22.7
1464	14	9	37.48
875	104	3	14.13
6041	14	3	15.87
1979	12	7	38.76
372	106	4	15.27
198	1298	6	70.7
119	736	3	19.41
114	1700	3	22.71
6387	113	3	34.63
101	499	8	22.75
1585	14	8	32.61
1840	162	3	31.15
1263	5723	3	56.41
1673	5	3	33.65
101	1319	3	8.33
102	447	4	8.11
129	12	78	241.64
463	161	6	54.41
678	102	10	47.98
1659	102	5	25.8
1621	104	5	36.47
806	101	4	9.32
314	277	4	34.97
2000	14	6	23.04
106	250	3	7.46
103	599	3	10.55
5685	113	3	34.63
1766	101	3	10.19
535	2433	3	41.6
3225	559	3	44.65
12	146	18	19.57
131	119	24	154.96
118	2166	3	26.13
12	314	11	20.83
787	116	5	37.23
102	2051	3	13.29
276	119	9	61.56
225	605	4	38.89
127	17	3	6.31
4883	14	3	11.52
2162	14	8	42.32
5838	14	3	15.87
621	117	3	17.65
564	101	3	3.86
243	375	3	24.95
7	471	27	225.62
411	102	7	20.54
5918	14	3	15.87
112	802	3	17.53
104	2849	3	21.87
116	2146	7	77.52
2186	228	3	35.02
212	286	3	21.98
2561	149	3	32.54
148	790	10	112.54
229	733	3	28.18
776	12	4	6.87
488	161	17	200.6
4907	113	4	46.18
119	1507	3	23.99
103	1900	3	17.4
396	101	5	7.62
2985	14	6	31.74
130	138	4	17.01
1869	105	5	38.23
123	106	6	7.23
1612	12	3	7.53
107	658	10	71.51
101	219	7	7.42
670	129	3	21.54
2310	12	3	9.93
188	102	12	26.63
108	4765	3	27.66
278	222	4	31.97
1449	147	3	28.99
7033	14	3	15.87
1383	14	11	51.46
102	396	5	10.93
162	101	10	9.06
12	2490	3	9.93
1502	134	7	80.53
339	102	10	32.19
12	776	4	6.87
1492	234	3	33.16
1571	9	3	18.86
101	446	4	5.52
914	12	3	4.19
105	109	15	17.05
102	1183	3	9.56
3125	102	5	39.47
1506	112	6	53.57
881	12	4	7.65
7237	14	3	15.87
7253	14	3	15.87
4347	14	4	21.16
2984	101	3	13.16
907	359	3	32.48
656	14	20	84.79
8	132	4	4.76
242	101	8	11.85
7	972	6	34.31
1231	6593	3	56.41
103	4852	3	24.28
101	136	14	13.37
12	983	3	4.8
103	441	5	20.03
445	290	3	27.01
4194	14	3	11.52
280	205	11	109.65
122	2717	6	74.86
12	2142	7	38.76
1160	1788	3	44.45
555	126	18	194.03
191	14	75	314.95
276	147	5	36.24
12	472	7	13.18
104	252	3	6.91
5722	14	3	15.87
102	2447	7	55.27
136	152	4	19.43
13	3052	5	68.52
2284	103	7	67.13
5757	14	3	15.87
7	315	43	363.53
4499	14	4	21.16
102	860	6	24.18
62	192	12	106.69
919	1734	4	60.72
9	251	3	7.65
111	3421	3	27.51
131	147	19	145.82
245	2314	3	36.68
609	394	5	57.43
103	1604	7	54.97
588	1231	3	37.81
249	14	49	194.72
3826	3325	3	56.99
108	271	17	113.45
438	3800	3	43.43
570	295	3	28.58
101	449	4	5.52
102	1257	3	10.03
101	532	4	6.59
122	298	13	104.2
12	688	5	9.35
197	17	3	11.66
239	103	3	5.48
103	335	5	17
12	2464	3	9.93
2960	14	6	31.74
164	1312	3	29.17
1232	14	12	56.58
108	1285	6	46.45
125	1395	4	35.7
132	106	132	1181.6
3708	105	4	35.44
101	194	14	26.06
142	107	11	39.18
274	381	4	36.69
464	121	5	34.59
2073	14	6	23.04
121	894	3	21.15
6153	14	3	15.87
106	473	4	17.27
3496	14	4	16.3
935	101	4	10.61
105	931	4	22.05
450	14	29	125.81
12	231	17	36.87
107	4317	3	26.67
277	818	3	30.49
1164	101	5	17.78
102	1683	3	11.74
9	144	17	75.08
918	12	6	17.16
177	109	52	422.24
114	400	6	36.85
102	4261	3	19.22
101	3659	3	14.69
137	1234	5	51.51
436	103	4	14.22
367	1326	3	35.5
3713	14	5	26.45
2723	14	5	21.19
2702	103	4	30.75
6313	14	3	15.87
1467	14	9	37.48
963	110	3	16.85
252	102	4	4.17
337	110	4	16.62
12	131	22	19.55
521	2	4	14.39
3678	14	5	26.45
12	3143	3	12.59
631	14	21	89.73
1688	14	8	32.61
292	1421	5	64.04
4220	14	4	21.16
3434	14	3	9.43
101	622	3	4.24
332	295	3	25.25
125	792	3	21.35
103	3437	4	33.36
114	160	15	85.82
602	14	22	94.68
3160	101	4	23.46
472	1079	4	50.13
605	210	3	26.62
690	126	3	20.48
156	3282	4	51.69
2397	12	3	9.93
5259	12	3	19.16
7	3562	3	21.39
280	298	4	34.65
1391	769	4	55.91
2898	14	6	31.74
229	186	33	397.22
1268	14	11	47.33
12	703	4	6.19
101	535	5	10.24
3506	105	3	23.62
846	102	3	7.73
119	676	3	19.12
115	208	5	21.94
4266	1148	3	51.4
420	102	34	253.4
1724	111	3	22.81
108	173	3	5.91
1015	481	3	35.1
965	14	13	50.82
757	242	3	29.02
4211	105	4	40.43
12	1090	4	9.07
4531	3358	3	59.22
464	210	7	71.64
303	605	3	29.3
101	1377	3	8.33
259	106	3	7.64
178	112	8	36.31
386	12	5	4.72
1394	155	4	41.36
449	924	3	34.32
1199	681	3	38.09
6938	14	3	15.87
5694	14	3	15.87
422	601	3	31.21
102	1291	3	10.03
413	283	3	26.54
105	138	5	9.01
101	490	4	6.13
112	106	7	4.8
119	221	3	12.12
2	510	3	9.1
3388	104	3	23.45
1490	14	11	58.2
1287	101	3	7.84
109	574	3	13.57
169	102	13	26.51
102	788	10	51.62
430	107	3	11.04
109	318	3	9.92
5000	113	3	30.13
119	373	4	23.09
291	158	11	102.53
439	14	27	109.34
273	4601	4	62.67
12	503	6	10.3
809	1680	3	41.33
272	528	3	27.68
344	3321	3	41.68
119	523	6	44.29
888	102	3	8.05
12	413	5	5.51
12	353	7	9.24
12	564	13	46.81
137	101	12	10.19
894	197	4	39.95
1489	14	8	29.87
12	1120	5	13.67
3668	14	5	26.45
12	1254	4	10.25
696	141	3	23.77
102	791	3	7.44
103	3575	3	22.06
114	196	13	77.89
1014	3051	3	46.69
1009	296	3	31.96
17	57	3	10.56
12	1511	3	6.94
7	132	33	142.84
208	608	4	38.01
493	103	16	110.88
7055	14	3	15.87
2855	14	5	21.19
395	559	3	30.24
103	661	5	23.7
2848	181	3	35.25
313	900	14	207.28
101	505	5	9.93
171	2796	4	50.01
797	101	4	9.32
6506	14	3	15.87
1153	14	13	61.72
4756	14	4	21.16
319	139	5	36.75
861	114	3	18.4
2402	105	3	20.81
336	107	8	41.06
605	121	3	19.05
8	212	4	10.25
933	103	3	13.15
298	14	51	260.27
1128	9	3	16.58
574	101	3	3.86
4156	14	4	21.16
1908	14	7	27.79
2187	14	5	16.31
342	2211	8	129.67
12	2278	3	9.93
2437	105	3	20.81
801	102	5	17.56
116	153	4	13.16
142	112	3	6.34
434	102	5	11.93
122	368	9	69.36
441	434	5	55.22
101	130	31	62.32
101	195	9	10.12
384	651	3	31.07
4843	14	3	11.52
6815	14	3	15.87
119	1020	3	21.46
400	102	12	48.38
118	168	3	9.58
103	1145	10	79.24
3868	121	3	32.82
103	4167	3	24.28
194	147	6	39.93
264	14	48	198.97
476	101	8	22.22
111	156	4	11.46
253	103	3	5.72
4608	14	4	21.16
102	415	5	11.67
542	210	6	61.05
2556	406	5	74.63
12	5200	3	19.16
128	107	4	4.18
818	121	3	20.8
261	148	6	45.25
4017	12	3	14.74
107	4316	3	26.67
536	519	3	31.67
1164	12	3	5.53
2790	14	5	21.19
62	132	3	13.95
558	103	5	22.05
2396	14	4	12.04
376	820	5	60.28
1199	259	4	45.5
7144	14	3	15.87
7352	14	3	15.87
114	148	8	33.72
489	3754	3	44.01
12	1125	5	14.43
3611	106	3	24.08
12	435	5	5.96
1051	587	5	66.98
1068	101	3	6.99
3615	14	4	16.3
113	117	7	14.28
101	621	3	4.24
769	14	20	97.93
853	102	3	7.73
197	897	3	28.01
101	4639	3	16.86
1346	102	4	16.61
4827	12	3	14.74
1184	3675	3	49.17
320	110	3	10.28
672	3223	3	45.91
831	224	4	41.2
269	102	6	10.81
102	834	6	24.18
2706	14	5	21.19
6084	14	3	15.87
3452	14	4	16.3
324	283	3	24.76
115	655	3	17.3
106	136	7	16.4
2	528	3	9.29
238	349	3	24.13
2489	14	6	26.15
3419	14	4	16.3
510	14	6	5.25
4237	14	3	11.52
167	858	3	26.26
3817	14	5	26.45
648	14	23	113.54
12	2564	3	9.93
1069	14	7	17.48
103	287	3	6.44
1148	14	14	74.07
107	569	4	19.16
12	838	10	38.33
236	374	3	24.77
660	249	8	93.68
101	1199	3	7.39
553	12	5	7.58
804	101	3	5.38
3066	14	6	31.74
948	14	11	37
4934	14	3	11.52
360	631	6	70.29
289	106	6	24.48
1572	121	3	25.12
1386	102	3	10.54
116	112	12	34.62
1730	3160	3	52.26
1375	12	3	6.41
389	259	4	36.48
1990	115	4	35.97
111	530	4	22.54
542	121	6	45.68
2127	113	7	74.84
222	14	61	263.06
286	605	3	28.95
1987	14	7	31.15
232	103	3	5.32
272	737	3	29.44
4492	14	3	11.52
103	156	8	20.05
103	304	21	133.04
1947	129	4	41.34
3878	121	3	32.82
12	911	7	21.57
657	352	3	30.48
333	399	3	27.3
102	1471	3	11.1
167	119	5	21.04
118	138	4	13.1
2074	14	8	42.32
1227	14	8	25.73
4703	14	4	21.16
136	733	3	23.28
633	102	4	10.41
576	110	3	13.94
375	388	3	28.01
523	102	8	29.82
101	1580	4	15.29
114	116	40	219.57
248	123	8	52.48
207	308	6	53.07
12	1270	3	5.95
136	221	4	23.52
7	537	27	238.75
2780	14	6	31.74
4479	111	3	29.73
119	4837	3	32.36
2406	14	4	12.04
12	504	4	4.16
686	103	8	47.26
1120	12	3	5.15
261	116	5	25.67
401	119	3	16.01
4950	113	3	30.13
212	303	5	42.63
424	737	3	32.28
4388	14	4	21.16
12	148	11	4.85
2693	14	6	31.74
303	416	5	50.6
3605	14	3	9.43
17	142	14	86.01
921	12	5	12.34
245	1764	5	64.86
1909	12	3	8.2
114	538	5	31.64
750	882	3	37.01
3685	14	5	26.45
8	973	4	22.96
7223	14	3	15.87
352	14	43	218.22
1472	14	9	37.48
756	14	20	97.93
1485	103	3	16
12	233	8	7.2
2010	1490	3	46.98
490	2621	4	60.16
251	102	4	4.17
884	12	4	7.65
2403	1341	3	47.4
384	134	3	19.38
12	563	6	11.47
12	487	5	6.72
101	715	10	41.41
6420	14	3	15.87
210	1665	7	93.02
176	3020	3	35.13
674	152	5	46.52
2873	14	5	21.19
111	616	6	41.06
120	102	60	192.32
897	105	8	56.29
282	258	3	23.39
154	267	8	66.94
123	1408	3	24.07
5175	12	3	19.16
451	303	3	27.55
236	257	3	22.27
102	180	16	41.7
5759	14	3	15.87
2926	14	6	31.74
102	1558	3	11.1
7	1862	9	84.3
116	320	4	20.06
800	3698	4	66.61
107	119	10	19.47
517	2058	4	56.98
723	105	3	13.04
128	112	10	35.28
2	866	3	11.82
12	2458	3	9.93
156	912	8	88.96
102	535	3	5.4
108	141	8	25.92
246	115	4	17.45
104	1661	5	36.47
4521	14	3	11.52
1912	103	3	17.4
129	202	3	13.71
832	12	3	3.92
1376	164	3	29.17
12	2	80	12.84
109	1176	3	17.73
102	1818	3	12.46
251	106	5	17.23
1356	14	7	21.47
662	101	6	16.66
62	315	3	21.44
118	1812	3	25.26
102	2144	3	13.29
893	14	17	82.37
5925	14	3	15.87
156	1226	3	28.47
7	192	76	634.65
131	1406	7	76.82
213	112	3	9.46
2230	129	4	42.87
954	3832	3	47.88
109	107	17	26.29
1382	123	4	34.81
102	2477	3	14.28
5787	14	3	15.87
196	152	9	69.17
171	2529	4	48.09
12	351	5	4.04
257	139	3	17.75
2222	121	3	27.77
2818	14	5	21.19
12	925	4	8.08
708	103	3	11.55
749	7119	3	53.23
7005	14	3	15.87
1378	877	6	93.04
62	972	3	28.25
979	12	10	43.2
114	1107	3	19.94
115	178	31	242.55
141	209	3	16.18
958	102	3	8.38
1166	105	4	23.81
851	106	12	98.34
102	431	8	26.59
101	1156	5	17.78
410	103	5	19.17
102	550	14	72.29
2169	273	3	36.36
102	1189	4	15.21
5994	14	3	15.87
459	14	30	139.1
424	189	4	33.74
12	754	5	10.22
12	671	7	17.77
103	318	9	39.87
2	1006	3	12.9
12	720	4	6.19
201	178	3	17.67
234	794	4	41.45
12	822	3	3.92
241	102	7	13.11
16	159	6	35.76
997	101	3	6.62
7246	14	3	15.87
2742	14	6	31.74
8	1120	5	32.04
104	3488	3	23.45
7281	14	3	15.87
4973	14	3	11.52
4561	105	3	25.83
1590	1327	3	44.74
3314	109	3	25.47
102	521	8	29.22
7	879	15	124.4
487	129	4	28.65
102	343	4	6.03
2120	160	6	76.26
4193	14	3	11.52
501	103	4	14.96
511	14	24	97.86
112	551	6	39.74
4222	14	4	21.16
661	14	21	93.48
3810	14	5	26.45
12	1076	3	5.15
1001	102	3	8.75
102	1544	3	11.1
980	12	3	4.8
248	1505	3	33.45
327	190	3	21.82
112	1010	3	18.97
731	852	3	36.36
1158	103	4	21.77
102	700	5	16.09
12	1277	4	10.25
1113	14	13	57.29
12	1233	5	15.28
136	186	44	479.59
12	1158	4	9.63
102	4488	4	31.58
564	12	4	4.82
382	1334	4	50.36
1780	296	3	35.94
796	1207	3	39
245	4193	3	41.74
306	14	40	160.16
12	263	12	20.98
691	2029	4	59.29
108	2150	7	69.04
114	6356	3	34.88
13	202	3	18.57
261	502	27	410.2
798	110	4	23.55
787	160	10	114.74
12	385	8	13.74
105	660	3	12.5
2381	14	5	18.37
7	1516	9	73.9
2167	114	5	47.59
102	2186	4	20.64
1974	4109	3	55.37
8	872	3	14.57
349	521	6	67.23
776	101	3	5.38
5692	14	3	15.87
943	101	3	6.27
734	173	3	25.77
3488	14	4	16.3
6394	14	3	15.87
2978	110	3	24.28
1944	121	4	38.69
909	123	13	141.88
1139	12	3	5.53
105	323	8	37.8
12	2627	3	11.09
1661	14	7	25.26
112	120	15	56.74
103	122	7	6.4
687	103	4	17.41
2055	1758	3	48.41
1121	126	4	33.62
205	101	8	8.69
1401	14	10	42.39
164	1211	13	186.01
322	102	18	78.95
12	955	3	4.49
4533	12	3	14.74
101	220	6	5.03
289	102	4	5.01
1764	14	6	20.72
1222	1137	5	76.74
107	1527	3	18.36
164	376	3	21.4
4362	14	4	21.16
1830	14	7	27.79
7220	14	3	15.87
137	1895	3	29.8
4984	14	4	21.16
445	224	20	262.65
1865	14	7	27.79
743	14	16	62.34
12	878	3	4.19
119	2503	4	39.6
500	14	25	102.72
1958	101	5	25.1
102	1184	3	9.56
101	522	4	6.59
12	804	4	6.87
334	1166	3	33.73
1121	110	5	35.29
128	12	18	8
2698	5046	3	57.64
236	451	3	25.97
228	101	6	5.26
514	103	10	58.07
210	761	4	39.54
111	2197	8	91.35
397	601	5	57.27
1823	1225	3	44.95
213	107	4	10.92
575	12	5	7.9
2598	121	4	42.13
12	176	17	24.07
186	107	4	9.39
546	12	22	111.95
2003	14	6	23.04
682	126	3	20.48
4809	14	4	21.16
2311	14	7	37.03
3518	101	3	14.69
1905	14	7	27.79
147	147	13	97.9
1279	189	3	30.05
4549	14	4	21.16
3143	365	3	42.11
3101	542	3	44.65
942	14	13	50.82
4880	14	4	21.16
221	113	10	57.65
4514	14	4	21.16
1698	123	4	36.62
7	151	104	869.12
3596	230	4	56.33
101	1727	3	10.19
335	14	44	216.76
949	14	15	67.34
4935	14	4	21.16
718	101	7	23.06
3276	14	4	16.3
591	2032	3	41.27
1078	912	3	39.22
4150	14	4	21.16
4904	14	3	11.52
4832	113	4	46.18
12	179	11	8.26
234	316	3	23.39
117	112	4	4.28
807	105	10	73.55
701	12	4	5.88
105	1004	4	22.59
515	4347	4	68.07
973	9	4	23.48
578	279	3	28.24
119	571	4	26.59
2949	14	3	7.99
5715	14	3	15.87
8	774	3	13.9
374	258	5	47.78
21	2	8	47.29
138	102	42	163.52
278	125	3	14.98
124	188	3	11.76
408	1762	4	53.92
264	101	5	4.41
1264	111	3	20.24
476	14	22	78.14
2455	14	6	26.15
4203	14	3	11.52
12	1712	4	13.6
105	422	3	10.09
379	128	3	17.75
103	528	5	21.68
3954	12	3	14.74
118	12	29	16.39
152	269	17	171.62
1984	12	4	14.79
291	1096	5	60.1
1334	12	3	6.41
219	12	12	16.51
290	110	4	15.35
2740	14	6	31.74
1469	191	3	31.2
3662	14	4	16.3
149	938	3	26.28
607	4021	4	69.65
404	14	37	195.84
1691	128	10	130.16
102	353	6	13.8
639	9	3	13.15
1702	2313	4	68.61
736	140	3	24.06
2531	14	7	37.03
1069	101	5	16.99
290	126	11	86.07
105	318	11	59.08
250	178	6	47.72
2261	102	3	14.28
1152	102	4	15.21
5719	104	3	30.15
948	101	3	6.27
4265	14	4	21.16
2778	103	3	20.49
334	101	5	6.27
102	2944	3	15.48
111	323	3	11.96
12	1729	3	8.2
2	5372	3	28.1
102	836	5	18.12
102	658	4	10.73
109	138	3	4.4
218	802	3	28.53
12	1140	4	9.63
109	338	4	16.12
239	2187	3	35.56
149	191	12	98.45
3312	14	5	26.45
817	121	6	51.04
401	102	10	36.25
2391	123	5	54.22
226	328	3	23.33
101	2156	3	11.01
1436	12	5	17.27
12	277	7	6.61
12	130	17	9.21
12	195	16	24.15
600	938	3	36.02
3846	101	3	14.69
265	14	56	273.23
4551	14	4	21.16
12	506	5	6.99
6769	14	3	15.87
5847	14	3	15.87
12	403	5	5.3
103	1069	7	46.54
1032	227	4	42.87
2504	123	5	54.22
5115	121	3	37.31
728	110	19	189.26
1771	102	3	12.46
4759	128	4	51.95
12	1272	3	5.95
111	633	3	16.02
4172	14	4	21.16
102	1093	3	9.14
2543	101	3	11.97
2038	14	7	31.15
6888	14	3	15.87
4772	14	4	21.16
17	213	5	25.92
62	106	8	28.94
111	4222	3	29.73
359	222	4	34.16
172	107	3	5.1
669	102	3	6.41
551	102	7	24.59
2309	14	3	6.9
3765	7	3	21.39
676	113	5	33.76
3837	14	4	16.3
225	488	4	37.04
112	160	29	203.04
1385	745	4	55.91
119	732	6	48.05
12	715	6	13.87
101	487	5	9.63
3968	12	3	14.74
880	1048	5	71.17
5200	365	3	48.84
222	101	6	5.15
519	14	23	90.14
1034	2896	4	66
259	308	3	23.85
1227	101	3	7.84
371	191	5	43.22
125	105	20	67.6
392	940	3	33.46
644	2260	4	60.45
1197	101	3	7.39
2	832	6	32.75
6063	14	3	15.87
966	145	6	61.62
116	322	4	20.22
107	295	6	25.43
107	178	4	8.96
8	1591	4	27.42
112	400	9	61.69
316	102	6	12.39
104	4492	3	25.67
1267	102	5	22.46
7	1043	12	94.5
1774	14	9	47.61
125	460	4	26.67
891	2572	3	44.67
8	464	4	17.04
3917	390	3	44.8
184	102	6	5.9
103	323	5	16.38
197	12	25	59.37
685	103	3	11.28
1142	2641	3	47.59
666	14	23	113.54
889	772	3	37.01
2075	14	7	31.15
427	1683	4	53.3
113	355	3	12.98
12	311	16	41.68
234	190	3	19.75
1733	12	6	27.11
2251	139	3	31.91
1563	4252	3	53.06
2972	380	3	40.82
159	180	5	31.45
3330	14	4	16.3
140	8	4	6.23
4458	14	4	21.16
498	109	3	12.73
355	136	4	27.66
136	139	6	32.4
154	134	5	26.44
102	620	3	6.19
527	109	3	13.13
3286	128	3	32.22
216	147	5	33.23
6721	14	3	15.87
108	508	13	98.62
155	364	3	20.9
156	1925	6	73.7
2666	12	3	11.09
562	388	3	30.47
101	3006	3	13.16
3738	102	3	17.03
840	12	3	3.92
118	112	4	5.07
2149	14	7	31.15
2047	14	6	23.04
229	141	3	16.91
12	673	4	5.88
12	605	6	12.35
552	352	3	29.49
197	107	3	5.88
12	2599	3	11.09
818	161	5	49.12
1199	844	4	55.33
198	274	9	83.61
1277	139	3	27.43
115	119	4	6.2
1021	5	3	30.43
1112	14	12	48.92
45	9	3	19.61
6894	14	3	15.87
115	730	4	26.27
120	4713	3	32.77
4192	14	4	21.16
653	107	3	13.31
266	488	15	194.73
3811	14	4	16.3
346	596	7	83.35
2	346	16	91.98
462	1715	3	38.89
103	649	8	46.44
2743	14	5	21.19
5003	14	3	11.52
588	785	3	34.95
7247	14	3	15.87
6325	14	3	15.87
2283	394	3	39.74
1154	3830	5	94.06
131	521	4	29.64
240	102	14	44.82
2245	102	6	41.67
12	1108	4	9.07
102	685	6	21.63
159	431	3	22.12
683	481	3	32.74
258	416	4	37.15
8	716	21	206.55
114	342	6	34.42
1480	14	9	37.48
6224	14	3	15.87
3768	14	5	26.45
221	155	3	17.54
733	256	3	29.02
2392	3765	4	77.07
1032	123	9	90.89
255	204	8	72.4
1119	1399	3	41.95
3629	14	4	16.3
1066	101	5	16.99
101	754	6	18.35
1667	162	7	87.44
101	858	3	5.66
3366	12	3	12.59
4865	3391	3	59.22
62	244	6	48.61
3292	14	5	26.45
4618	14	3	11.52
458	172	3	23.2
1308	4161	3	51.91
12	2040	3	8.99
2987	14	4	13.82
997	14	10	32.62
5821	14	3	15.87
4833	14	3	11.52
4435	14	4	21.16
6679	14	3	15.87
167	179	4	23.6
2569	219	5	67.48
515	6061	3	50.95
1002	443	5	64.05
892	14	18	95.24
12	849	3	3.92
12	639	4	5.59
105	153	5	10.37
528	222	3	26.25
591	101	4	7.36
8	483	3	11.05
102	4874	3	19.22
102	399	6	15.47
101	1188	4	12.23
504	225	3	26.12
101	1390	4	13.59
194	106	8	29.11
302	2888	3	39.2
205	14	69	295.62
5738	14	3	15.87
101	176	9	8.58
101	119	15	4.01
119	4257	3	32.36
113	136	3	5.9
540	439	3	30.88
945	123	7	64.68
6399	326	3	48.14
257	303	3	23.85
7084	14	3	15.87
4980	8	4	40.81
12	387	6	7.35
12	522	5	7.28
6422	14	3	15.87
3427	14	5	26.45
1003	12	5	12.98
4187	157	4	56.7
114	417	6	37.54
1188	1108	4	57.49
106	278	3	8.01
12	1461	3	6.94
4216	234	3	41.55
747	2494	4	61.62
898	12	5	11.75
1597	300	3	35.3
102	5701	3	23.68
531	134	5	41.14
738	129	3	22.13
12	220	8	6.07
323	102	5	8.89
101	955	3	6.27
956	12	3	4.49
435	129	5	37.24
152	1037	5	50.72
244	122	3	13.42
443	14	34	179.95
3757	14	4	16.3
1765	14	9	47.61
367	1331	7	98.75
1973	3225	3	53.14
7	144	5	6.46
3799	114	4	41.52
102	924	3	8.38
4510	102	3	19.22
111	602	4	23.46
7	516	26	220.38
5047	2	3	23.62
942	101	3	6.27
3859	14	5	26.45
9	401	3	10.41
1364	443	3	36.67
5149	129	3	39.3
2294	12	3	9.93
123	149	5	20.98
108	1859	4	30.55
3088	121	3	30.59
107	106	15	15.06
101	340	7	12.75
108	1146	6	45.28
565	1009	4	50.99
12	1056	3	5.15
743	101	3	5.13
116	138	4	11.97
1422	117	3	23.04
175	548	6	57.88
1420	861	8	133.42
2969	14	5	21.19
618	306	6	68.1
2347	14	7	37.03
3337	14	3	9.43
1225	14	12	56.58
1343	14	9	34.56
228	14	58	241.41
500	101	4	6.13
12	684	4	5.88
175	175	3	16.46
2966	134	3	32.3
2803	222	3	37.2
5108	394	3	49.3
128	17	4	11.22
1848	122	4	37.53
944	14	12	43.63
2496	123	3	27.99
189	168	4	24.51
122	1455	4	35.48
1249	14	13	68.78
2242	1972	4	70.98
2240	141	3	31.99
3997	14	3	11.52
5046	2671	3	57.64
108	575	18	159.02
5236	164	3	42.65
7	1029	3	12.88
677	102	3	6.65
464	161	4	32.7
2604	121	4	42.13
3474	12	3	12.59
12	1062	3	5.15
12	1010	3	4.8
2	599	3	9.93
840	101	4	9.72
6174	14	3	15.87
2595	9	3	22.72
8	3324	3	23.9
3794	14	5	26.45
238	131	4	23.24
478	106	4	17.27
3293	12	4	20.62
4177	14	3	11.52
5453	555	3	51.38
12	1109	4	9.07
12	1319	3	6.41
6209	14	3	15.87
102	626	3	6.19
136	587	9	89.14
2896	254	4	54.33
2906	172	3	34.95
2325	105	5	42.19
739	129	4	32.02
1881	110	3	21.16
1991	102	3	13.29
226	102	5	5.87
12	297	7	7.39
6340	14	3	15.87
981	101	3	6.62
12	165	11	6.78
399	103	4	13.34
3692	14	5	26.45
651	635	5	62.73
108	3302	3	25.44
103	752	4	18.18
1850	2389	4	69.71
839	14	19	100.53
3612	14	4	16.3
12	260	10	13.98
963	12	4	8.08
764	293	3	30.18
1018	2753	3	46.69
806	14	13	43.91
4397	14	4	21.16
2934	101	5	30.16
495	1391	12	207.15
302	2356	3	37.95
1663	14	10	52.9
114	120	49	316.9
4243	14	3	11.52
349	147	5	38.52
8	2596	3	22.32
102	701	6	21.63
3091	121	3	30.59
12	1274	3	5.95
240	1531	7	93.69
12	1155	3	5.53
1066	12	3	5.15
123	116	6	15.47
1006	434	3	34.54
127	122	18	98.97
12	1079	3	5.15
12	1027	5	12.98
116	169	7	31.95
2970	14	3	7.99
8	311	3	8.37
501	102	3	5.06
5657	14	3	15.87
145	14	111	472.19
2067	14	8	42.32
497	243	19	256.83
1703	105	4	27.05
339	119	3	14.85
102	6029	3	23.68
850	360	3	32.13
1201	162	10	125.88
124	112	4	6.29
672	1438	3	39.75
4896	14	4	21.16
1918	14	8	36.19
125	118	30	189.64
1292	14	12	56.58
4927	14	4	21.16
116	173	4	14.31
3059	14	4	13.82
957	14	14	58.67
101	175	9	8.45
1259	14	10	39.3
157	391	3	21.4
2	645	4	16.21
704	388	3	31.78
329	127	3	16.13
280	354	4	36.04
774	121	7	61.31
1290	877	5	73.72
107	461	15	110.76
12	774	4	6.87
201	103	10	35.83
2957	14	6	31.74
2285	103	3	19.27
101	1238	7	32.12
102	569	5	14.45
3386	14	3	9.43
162	14	103	466.33
258	639	3	28.56
154	352	15	157.13
820	253	6	69.47
102	1024	4	14.05
105	2109	3	19.8
2	3953	3	23.62
7	244	55	465.31
114	551	5	32.02
4195	14	3	11.52
103	680	5	24.16
9	104	15	12.35
104	2795	3	21.87
1089	110	4	26.13
131	102	9	6.07
12	136	21	21.98
1570	9	3	18.86
2	187	5	9.61
2939	2158	3	51.55
301	4	5	68.81
3670	14	5	26.45
305	145	5	37.06
247	102	5	6.8
1579	300	3	35.3
408	1262	4	50.24
5390	365	3	48.84
12	1308	3	5.95
108	1097	3	17.25
191	101	9	9.97
861	1770	3	42.42
12	431	5	5.73
104	254	5	16.25
4375	14	4	21.16
2539	14	7	37.03
212	376	3	23.83
340	2005	3	37.69
1098	102	3	9.14
12	177	16	21.03
2389	14	7	37.03
3130	111	3	27.51
106	181	3	5.03
1310	121	4	34.52
1578	12	3	7.53
101	1152	3	7.39
246	2	3	5.01
143	1990	3	31.06
4127	368	3	44.49
102	419	6	16.1
102	351	4	6.33
639	12	4	5.59
4225	102	4	31.58
155	163	3	14.83
5814	14	3	15.87
115	103	21	44.14
184	115	3	9.03
2110	14	6	23.04
900	128	18	234.99
3287	14	4	16.3
1176	14	12	52.3
1187	103	4	21.77
1418	111	3	20.79
2	1054	3	13.31
101	6646	3	21.3
7273	105	3	30.32
607	3955	3	47.61
12	727	5	9.77
229	139	13	113.53
7	1849	5	34.53
4736	128	3	34.45
389	158	3	21.4
118	9	10	18.58
376	416	3	28.51
2212	14	7	31.15
242	14	53	223.49
101	1458	3	8.88
605	161	3	24.24
1589	109	3	20.03
238	146	3	17.66
345	1128	4	47.89
12	483	14	47.07
935	14	11	37
4167	14	4	21.16
3053	14	6	31.74
136	141	6	32.57
201	1853	3	33.12
6770	14	3	15.87
6842	113	3	34.63
4249	101	3	16.86
275	180	3	20.07
1567	861	3	41.66
498	111	3	14.7
108	950	3	16.44
318	14	45	206.44
1234	14	11	47.33
319	647	3	29.68
1178	281	3	32.52
1169	189	7	83.77
2045	14	7	31.15
1072	103	3	13.95
1164	14	6	13.8
3395	14	5	26.45
435	266	3	26.57
718	12	4	6.19
4948	123	3	33.04
478	473	3	30.64
632	14	23	108.06
12	2582	3	9.93
1604	14	10	52.9
472	103	7	33.93
249	101	6	6.3
486	129	3	19.67
403	139	3	20.7
1936	12	3	8.2
7306	14	3	15.87
278	126	5	30.22
358	14	42	212.97
767	191	3	26.88
62	1043	3	28.65
4942	14	4	21.16
2722	14	3	7.99
161	117	4	13.56
3541	14	5	26.45
1328	1086	7	115.5
719	112	6	43.02
101	131	11	4.95
101	196	8	7.72
116	198	3	9.97
600	134	4	31.9
294	116	32	313.12
552	265	4	39.43
490	545	4	44.84
552	134	6	52.29
693	3357	4	65.38
116	226	10	62.01
103	4688	3	24.28
5012	14	3	11.52
962	126	8	78.62
1802	14	9	47.61
1301	145	3	27.74
1408	14	12	63.49
1064	105	11	93.92
102	2945	3	15.48
106	851	3	14.4
210	164	4	25.37
7	2536	7	65.55
111	458	3	14.32
3188	111	3	27.51
122	145	41	353.1
2809	14	5	21.19
12	705	4	6.19
101	366	5	7
5650	5287	3	70.45
394	112	3	13.41
290	125	4	22.6
112	116	23	95.42
170	12	16	20.01
3709	105	5	50.54
12	194	19	34.53
9	103	14	6.43
4709	14	3	11.52
995	14	13	53.78
6971	103	3	28.76
463	121	5	34.59
110	107	13	15.95
7	106	125	493.33
1594	196	4	45.55
320	186	3	21.18
6722	14	3	15.87
4860	14	3	11.52
631	101	3	4.24
1013	8	3	15.32
152	630	6	57.22
101	688	5	12.47
149	265	9	76.42
149	134	30	273.38
109	1404	3	18.77
12	532	7	14.49
1266	103	3	14.88
1127	9	3	16.58
2424	101	3	11.97
114	432	3	14.6
932	103	6	35.65
1287	14	10	39.3
1280	328	3	34.1
488	121	3	17.71
109	512	3	12.93
4369	102	3	19.22
194	1698	3	31.94
12	208	10	9.63
107	1028	6	41.29
5341	308	3	47.63
9	118	5	4.01
439	101	6	12.55
724	104	20	188.01
1793	101	3	10.19
2	152	7	14.11
108	1827	5	41.27
212	345	3	23.1
686	102	6	21.63
102	636	3	6.19
7	433	31	266.08
109	140	3	4.54
183	103	16	68.03
1686	103	5	34.16
6095	113	3	34.63
1008	102	4	14.05
371	134	3	19.23
2324	164	7	99.77
515	2790	6	102.56
107	343	3	9.46
12	1012	3	4.8
156	666	11	123.51
3446	14	3	9.43
634	1668	6	91.57
975	1423	5	77.28
3698	14	4	16.3
1894	568	6	92.53
402	3641	5	82.72
803	951	8	121.75
580	114	3	16.19
102	2735	3	15.48
232	102	16	54.69
319	171	3	20.58
1455	14	10	46.35
2320	101	3	11.97
102	382	6	14.88
5057	14	4	21.16
1886	104	3	18.77
413	129	3	18.74
12	742	4	6.52
12	607	4	5.32
103	154	39	225.08
1792	14	8	36.19
12	2280	5	23.72
116	323	3	13.43
278	203	17	187.37
315	135	5	35.4
574	14	20	75.95
920	101	3	6.27
139	1106	4	37.93
851	418	3	33.23
6939	14	3	15.87
2125	14	5	16.31
102	789	4	12.18
154	191	4	23.89
154	264	18	184.23
102	687	5	16.09
6950	2906	3	62.13
2269	365	3	39.28
636	3291	3	45.38
220	139	5	32.84
113	106	11	15.38
8	39	3	19.22
12	415	7	11.66
12	355	7	9.24
12	490	10	26.64
1038	14	16	84.66
119	139	3	8.44
373	102	4	6.8
3106	129	3	32.57
62	151	6	40.36
6821	14	3	15.87
463	210	13	153.3
856	14	19	100.53
862	380	5	60.28
